22,8961,3.5,1131663378
22,30793,4.0,1131663273
22,31184,4.5,1131753070
22,31696,4.0,1131663089
22,32587,4.5,1131663293
22,33493,2.5,1131663228
22,33794,3.0,1131662462
22,37729,5.0,1131663664
23,1,3.0,1148729853
23,6,3.5,1148730128
23,11,3.5,1166728170
23,16,4.0,1148672550
23,19,2.0,1148669114
23,20,1.5,1148720884
23,24,3.5,1148673467
23,32,4.0,1148730400
23,34,3.5,1166728173
23,47,4.5,1148669590
23,50,4.0,1148670466
23,58,3.5,1148672099
23,62,4.0,1166728220
23,89,4.0,1148669357
23,104,3.5,1148730116
23,110,3.5,1148669588
23,111,5.0,1148671365
23,150,3.5,1148672933
23,153,3.0,1148720873
23,154,4.0,1148672842
23,172,2.5,1148386188
23,185,3.5,1148778581
23,224,4.0,1148729797
23,235,4.0,1148729698
23,236,4.5,1148386155
23,246,4.5,1148729570
23,247,4.0,1148673304
23,252,4.0,1148669102
23,253,3.5,1148668973
23,260,4.5,1148668970
23,262,4.0,1148728957
23,265,3.5,1148673465
23,292,2.5,1148720795
23,293,4.0,1148672319
23,296,4.5,1148671517
23,300,4.0,1149868544
23,306,3.5,1148777951
23,307,2.5,1148777966
23,316,3.5,1148668967
23,318,5.0,1148668964
23,319,4.5,1148669351
23,337,4.5,1148672736
23,344,2.0,1148668961
23,345,4.0,1148673085
23,356,4.5,1148728785
23,380,4.0,1148673420
23,425,3.5,1148669891
23,431,3.5,1148730048
23,442,3.5,1148720861
23,457,3.5,1148673418
23,465,3.5,1148669887
23,471,3.5,1148730134
23,480,3.5,1148729018
23,485,3.0,1148720907
23,492,4.5,1148669346
23,497,4.5,1148669881
23,508,4.5,1148669092
23,509,4.5,1148672198
23,527,3.5,1148729022
23,532,3.5,1148720627
23,535,4.5,1166036040
23,539,2.5,1148729848
23,541,3.0,1148668958
23,586,3.5,1166728142
23,588,4.0,1166728178
23,589,3.5,1149868397
23,590,2.5,1148728787
23,592,3.5,1148670328
23,593,4.5,1148671818
23,595,4.5,1148672375
23,597,3.0,1149868548
23,605,4.0,1148669338
23,608,4.5,1148669574
23,648,4.5,1148672950
23,653,2.5,1148669090
23,668,4.5,1148669877
23,670,4.5,1166035850
23,745,4.5,1148669873
23,750,4.5,1148670499
23,778,4.5,1148669858
23,780,3.5,1148673415
23,788,2.0,1148669865
23,802,3.5,1148669863
23,805,3.5,1148669087
23,841,4.0,1148729708
23,858,5.0,1148670263
23,898,4.5,1148671970
23,899,4.5,1148671949
23,900,2.5,1148728764
23,903,3.5,1148671779
23,904,4.5,1148729610
23,905,4.0,1148728730
23,908,5.0,1148669850
23,909,3.5,1148730009
23,910,4.5,1148777884
23,911,4.0,1148671953
23,912,5.0,1148669852
23,913,4.0,1148670548
23,914,3.0,1148673452
23,920,3.5,1148778793
23,922,4.5,1148671777
23,923,5.0,1148669082
23,924,3.5,1148729982
23,926,4.0,1148729661
23,928,4.5,1148671884
23,930,4.0,1148671832
23,931,4.5,1148672493
23,933,3.5,1148671931
23,942,4.0,1148669571
23,948,3.5,1148721097
23,949,3.5,1148721092
23,952,3.5,1148728814
23,953,4.5,1148670154
23,954,5.0,1148669329
23,955,3.5,1148669327
23,965,3.5,1148729987
23,969,3.5,1148669080
23,971,3.5,1148721086
23,1035,2.5,1148728784
23,1036,3.0,1148668956
23,1041,4.0,1148672085
23,1059,4.5,1148672402
23,1061,3.5,1148673456
23,1077,4.0,1148669318
23,1078,4.0,1148778808
23,1080,4.0,1166728186
23,1084,4.0,1148729677
23,1089,3.5,1148671525
23,1090,4.0,1148669833
23,1096,2.5,1148669302
23,1097,5.0,1148671542
23,1101,3.0,1148673102
23,1103,4.5,1148721090
23,1104,4.0,1148721053
23,1136,4.0,1148672286
23,1172,5.0,1148670101
23,1175,3.5,1148669299
23,1176,3.0,1148670388
23,1178,4.0,1148671770
23,1183,4.0,1148728807
23,1185,3.0,1149868223
23,1188,4.0,1148669075
23,1193,4.5,1148670482
23,1196,4.5,1148670884
23,1197,5.0,1148670172
23,1198,4.5,1148670494
23,1199,3.5,1148730030
23,1201,4.0,1148669828
23,1202,4.5,1148671384
23,1203,4.5,1148669826
23,1204,5.0,1148669072
23,1206,4.5,1148669820
23,1207,3.5,1148670496
23,1208,5.0,1148670275
23,1210,4.0,1148670888
23,1211,3.5,1148670960
23,1212,3.5,1148671412
23,1213,5.0,1148669055
23,1217,4.5,1148672270
23,1218,3.5,1148672325
23,1219,5.0,1148669822
23,1221,4.5,1148670266
23,1222,3.5,1148671596
23,1225,4.5,1148671816
23,1227,3.5,1149868188
23,1228,4.0,1148671814
23,1230,4.0,1148673449
23,1231,4.0,1166036046
23,1232,4.0,1166035984
23,1233,3.5,1148778850
23,1234,3.5,1148386185
23,1235,1.5,1148669296
23,1237,4.5,1148729642
23,1240,3.5,1148730410
23,1241,2.5,1148720563
23,1243,3.5,1148672048
23,1244,3.5,1148671992
23,1246,4.0,1166036059
23,1247,4.0,1148671859
23,1248,4.5,1148671856
23,1250,4.0,1148671782
23,1251,5.0,1148671642
23,1252,4.5,1148386150
23,1254,3.5,1148777838
23,1256,3.5,1148730086
23,1258,3.5,1148671587
23,1260,4.0,1148671822
23,1262,4.0,1148778812
23,1263,3.0,1148778787
23,1265,4.0,1148730406
23,1266,3.5,1148728732
23,1267,5.0,1148671808
23,1269,4.0,1148669291
23,1270,4.5,1148729820
23,1272,2.0,1148670285
23,1277,3.5,1148720736
23,1280,5.0,1148670134
23,1281,3.0,1148777902
23,1284,4.0,1148671835
23,1287,4.0,1148669816
23,1288,3.5,1148386142
23,1291,3.5,1148730139
23,1293,5.0,1148728738
23,1304,4.0,1148728856
23,1305,4.5,1148670953
23,1307,4.0,1148669057
23,1333,3.5,1148672025
23,1343,4.0,1148672530
23,1348,2.5,1148777918
23,1354,4.5,1148669286
23,1356,3.0,1148669063
23,1377,2.5,1148670340
23,1380,2.5,1166728237
23,1387,3.5,1148669051
23,1391,3.5,1148730168
23,1393,4.0,1148729341
23,1394,4.0,1148669808
23,1408,3.5,1148720760
23,1411,3.5,1148669282
23,1438,3.0,1148720878
23,1464,2.0,1149868079
23,1499,1.5,1148720958
23,1500,4.5,1148386128
23,1515,3.0,1148720919
23,1527,3.5,1166728241
23,1544,2.0,1148720846
23,1552,3.0,1148669048
23,1556,0.5,1148778558
23,1562,1.0,1148670343
23,1580,3.5,1148668953
23,1584,4.0,1148669800
23,1608,2.5,1148669045
23,1617,4.0,1148670522
23,1625,4.5,1148671498
23,1673,4.0,1148671436
23,1682,5.0,1148670981
23,1693,4.0,1148669270
23,1704,3.5,1148729054
23,1721,5.0,1148670121
23,1722,3.0,1148669792
23,1732,4.0,1148669789
23,1735,4.5,1148728970
23,1748,5.0,1148669787
23,1792,3.5,1148669267
23,1797,3.5,1148728611
23,1835,3.5,1148670970
23,1860,5.0,1148671375
23,1873,3.0,1148730178
23,1876,3.0,1148673442
23,1900,3.5,1148730066
23,1907,3.5,1148669265
23,1917,2.0,1148720837
23,1927,3.0,1148728727
23,1931,4.0,1148669541
23,1932,1.5,1148728810
23,1935,4.0,1148672116
23,1941,3.5,1148728751
23,1944,4.0,1148721075
23,1945,4.5,1148672322
23,1946,4.0,1148669538
23,1947,4.0,1148728761
23,1949,3.5,1148730162
23,1950,4.5,1148728725
23,1951,3.0,1148728794
23,1952,4.0,1148673306
23,1953,3.0,1148671908
23,1954,3.0,1148728778
23,1955,4.0,1148728759
23,1956,1.0,1148728746
23,1957,3.5,1148728769
23,1958,3.5,1148728790
23,1959,2.5,1148728802
23,1960,1.5,1148728736
23,1961,4.0,1148728753
23,1962,3.5,1148728767
23,1997,3.5,1148728429
23,2002,3.5,1148669764
23,2010,3.5,1148669261
23,2011,4.0,1148729668
23,2012,4.5,1148673438
23,2019,4.0,1148669760
23,2022,4.0,1148672527
23,2023,3.0,1148669036
23,2027,3.5,1148669531
23,2028,4.0,1148671551
23,2067,2.5,1148728867
23,2068,5.0,1148671632
23,2115,4.0,1148670901
23,2126,2.0,1148720894
23,2132,4.0,1148729968
23,2143,1.5,1148669258
23,2174,3.5,1166728231
23,2176,5.0,1148672486
23,2178,3.0,1148730098
23,2181,4.0,1148672510
23,2183,3.5,1148672500
23,2186,5.0,1148671801
23,2194,3.5,1148386163
23,2203,4.0,1148671878
23,2205,3.5,1148672515
23,2231,3.5,1148669228
23,2248,3.5,1148729360
23,2273,3.5,1148669739
23,2278,4.0,1148669751
23,2289,4.0,1148671976
23,2291,4.0,1148672768
23,2313,3.5,1148673578
23,2321,5.0,1148669024
23,2324,3.5,1148730155
23,2329,2.5,1148669021
23,2333,3.5,1148669225
23,2334,2.5,1148669239
23,2336,3.0,1148671939
23,2351,5.0,1148671652
23,2353,3.0,1148386176
23,2357,4.0,1148729689
23,2360,3.5,1148730053
23,2361,4.0,1148720603
23,2394,3.5,1148778590
23,2396,4.5,1148728756
23,2406,4.0,1148669018
23,2424,3.0,1148729858
23,2467,4.0,1149868383
23,2474,2.5,1148669219
23,2501,4.0,1148669215
23,2502,4.0,1149868257
23,2539,2.0,1149868567
23,2542,3.5,1149868269
23,2571,4.0,1149868185
23,2575,3.0,1148672184
23,2580,3.5,1148669719
23,2599,3.5,1148730088
23,2600,4.0,1148729974
23,2617,3.5,1166728248
23,2628,2.5,1148670873
23,2640,4.5,1148669716
23,2644,3.5,1148671340
23,2648,4.5,1148671324
23,2657,3.0,1148669012
23,2692,5.0,1148670082
23,2699,1.5,1148386172
23,2702,4.0,1148669210
23,2712,4.5,1148669709
23,2716,3.0,1166036066
23,2721,3.5,1148673094
23,2724,2.0,1148669714
23,2726,4.5,1148671845
23,2728,4.0,1148728854
23,2729,3.5,1149868713
23,2730,4.0,1148671606
23,2731,5.0,1148672620
23,2739,4.0,1148729011
23,2746,2.0,1149867815
23,2762,4.0,1149868231
23,2805,2.5,1148669200
23,2858,3.5,1148669501
23,2871,3.5,1148672034
23,2890,4.0,1148729102
23,2905,4.0,1148672294
23,2908,3.5,1148673075
23,2918,4.0,1148671999
23,2932,4.0,1148672683
23,2947,3.5,1148669008
23,2952,3.5,1148730113
23,2953,3.5,1148669191
23,2959,3.5,1148778865
23,2970,4.0,1148729713
23,2976,4.5,1148672556
23,2987,3.5,1149868562
23,2997,4.5,1148671474
23,3006,4.5,1148670519
23,3019,3.5,1148778622
23,3020,2.5,1148720744
23,3052,3.5,1148669706
23,3053,2.0,1148669188
23,3067,5.0,1148673055
23,3081,3.0,1148672778
23,3082,2.5,1148720826
23,3083,5.0,1148670143
23,3088,2.5,1148671916
23,3089,4.5,1148671881
23,3095,3.0,1148673280
23,3100,3.5,1148728895
23,3114,3.5,1148669703
23,3147,3.0,1148729851
23,3152,2.0,1148728701
23,3155,2.5,1148669181
23,3159,4.0,1148728602
23,3160,4.5,1148669695
23,3168,4.0,1148672142
23,3176,5.0,1148672449
23,3201,3.5,1148672101
23,3245,4.5,1148671428
23,3246,4.5,1148671904
23,3248,3.0,1148669488
23,3252,4.5,1148729808
23,3267,3.5,1148730163
23,3307,4.0,1148670551
23,3310,5.0,1148671686
23,3317,4.0,1148671963
23,3365,2.5,1148721061
23,3371,3.5,1148728891
23,3386,5.0,1148728875
23,3405,3.5,1148721102
23,3408,4.5,1148386153
23,3415,1.5,1166035912
23,3424,4.0,1148673292
23,3435,4.5,1148670554
23,3448,4.0,1149868559
23,3462,4.5,1148669482
23,3468,3.0,1148669175
23,3471,4.5,1148669004
23,3475,3.5,1148721082
23,3481,3.5,1148729373
23,3489,3.5,1148671696
23,3498,4.5,1148671997
23,3503,3.5,1148669480
23,3504,3.0,1148669173
23,3510,3.5,1148730416
23,3535,4.0,1148670362
23,3546,4.0,1148669470
23,3559,2.0,1148721157
23,3569,1.0,1148669685
23,3578,4.0,1148728779
23,3618,3.0,1148669465
23,3623,2.0,1148386159
23,3629,4.0,1148672311
23,3668,3.0,1148669458
23,3671,3.5,1149868554
23,3681,3.5,1148669165
23,3730,3.5,1148730072
23,3736,4.0,1148671793
23,3741,2.5,1148777893
23,3751,4.0,1148386124
23,3753,2.0,1148669688
23,3788,4.0,1148729675
23,3801,2.0,1148671784
23,3844,3.0,1148669156
23,3871,3.0,1148721105
23,3897,4.5,1148669002
23,3910,4.5,1148672113
23,3949,5.0,1148673043
23,3983,4.5,1148671887
23,3989,4.0,1148777876
23,3992,3.5,1148729496
23,3994,4.0,1148669000
23,3996,4.0,1148670535
23,4007,4.0,1148670060
23,4008,4.0,1166036125
23,4011,4.5,1149868172
23,4014,3.5,1148672776
23,4022,2.0,1148729830
23,4027,3.5,1148728652
23,4034,3.5,1148386146
23,4037,3.5,1148669449
23,4103,3.5,1148671975
23,4148,1.0,1149868599
23,4167,3.0,1148669447
23,4223,2.0,1148670048
23,4225,4.0,1148669443
23,4226,4.5,1148670464
23,4235,4.0,1148671013
23,4267,4.0,1148778637
23,4278,3.5,1148670046
23,4282,2.0,1148670035
23,4297,3.5,1148672150
23,4308,4.5,1148672412
23,4310,1.5,1148778542
23,4312,3.5,1148670033
23,4343,3.0,1148670029
23,4344,0.5,1148669153
23,4359,2.0,1148672030
23,4370,3.0,1148672429
23,4378,4.0,1148672167
23,4432,3.5,1148672010
23,4447,3.5,1148669150
23,4458,3.0,1148730000
23,4564,1.5,1148729027
23,4571,3.5,1148670025
23,4641,4.0,1148671968
23,4720,4.0,1148673475
23,4816,3.0,1148670015
23,4823,4.0,1148669432
23,4848,4.0,1149868082
23,4857,3.5,1148669430
23,4865,3.5,1148669145
23,4878,3.5,1148730080
23,4881,3.5,1148669142
23,4886,3.5,1148730186
23,4896,3.5,1148673770
23,4901,3.0,1148670011
23,4914,5.0,1148669659
23,4963,5.0,1148673020
23,4967,5.0,1148673264
23,4973,5.0,1148668997
23,4975,2.0,1148729348
23,4976,3.0,1148730142
23,4978,4.5,1148730339
23,4979,4.0,1148672064
23,4993,4.0,1148670407
23,4995,4.5,1148668988
23,5013,4.5,1148671395
23,5014,1.0,1148669423
23,5015,3.5,1148671310
23,5060,3.0,1148668984
23,5073,3.0,1149868375
23,5096,3.0,1148670003
23,5114,4.0,1148672017
23,5135,4.0,1148669420
23,5147,4.0,1148721046
23,5177,4.5,1148669995
23,5222,4.0,1149868484
23,5225,5.0,1148671005
23,5266,4.0,1148669126
23,5291,4.0,1148669408
23,5299,2.5,1166728155
23,5304,3.5,1148777819
23,5348,3.5,1148669987
23,5349,2.0,1148670299
23,5367,4.0,1148673117
23,5373,3.5,1148721129
23,5377,3.5,1148729991
23,5378,0.5,1148668981
23,5385,3.5,1148669651
23,5388,3.5,1148730375
23,5445,3.0,1148671569
23,5446,4.0,1148671806
23,5463,2.5,1148669404
23,5464,2.0,1148728872
23,5470,3.0,1148669643
23,5489,3.0,1148729764
23,5502,4.0,1166728165
23,5599,3.5,1148728844
23,5618,3.5,1148670503
23,5633,4.5,1148670377
23,5669,4.0,1148729681
23,5673,4.5,1148729615
23,5679,3.5,1148728452
23,5682,3.5,1148672044
23,5810,4.0,1148669981
23,5816,2.5,1148668978
23,5878,4.0,1148671891
23,5881,4.0,1148778680
23,5882,1.5,1148728632
23,5902,5.0,1148671465
23,5940,4.0,1148728401
23,5949,4.0,1148730381
23,5952,4.0,1148670412
23,5954,3.5,1148729985
23,5956,3.5,1148672553
23,5971,4.5,1148728488
23,5989,5.0,1148669635
23,5991,2.5,1148728773
23,5992,5.0,1148671728
23,5995,4.5,1148670480
23,6001,4.5,1148671984
23,6008,3.0,1166035845
23,6016,5.0,1148670462
23,6162,2.5,1148673567
23,6197,2.5,1149868386
23,6214,3.5,1148730363
23,6218,4.0,1148673695
23,6235,4.0,1148671914
23,6281,4.0,1148669973
23,6323,3.5,1149868589
23,6333,3.5,1148673429
23,6365,4.5,1148729589
23,6377,3.5,1148670511
23,6404,3.5,1148777788
23,6415,1.5,1148671670
23,6440,3.5,1148728655
23,6537,3.0,1148730486
23,6539,4.5,1148729602
23,6552,3.5,1148730325
23,6591,4.0,1148729489
23,6599,3.5,1166728191
23,6611,4.5,1148672103
23,6620,3.5,1148777833
23,6641,2.5,1149868022
23,6643,4.5,1148673277
23,6666,3.0,1148672862
23,6669,4.0,1148669957
23,6708,3.5,1148672069
23,6709,1.5,1148669388
23,6711,3.0,1148672708
23,6783,4.0,1148671403
23,6787,4.0,1148670473
23,6796,3.5,1148777887
23,6807,3.0,1148669120
23,6867,3.5,1148670540
23,6870,3.5,1148671873
23,6873,4.0,1148728657
23,6874,5.0,1148673160
23,6881,4.5,1148729597
23,6890,4.0,1148729704
23,6918,5.0,1148721147
23,6932,4.0,1148673289
23,6934,3.0,1148669952
23,6944,3.0,1149867788
23,6947,2.5,1148669950
23,6953,3.5,1148673142
23,6954,3.0,1148777906
23,6975,4.5,1149868005
23,6981,2.5,1148721109
23,6982,2.0,1148721080
23,6985,4.0,1148669947
23,6987,4.0,1148669620
23,6993,3.5,1148671989
23,7004,2.0,1148720869
23,7008,1.5,1148673512
23,7013,4.0,1148721066
23,7038,4.0,1148778107
23,7042,2.5,1148672120
23,7063,4.5,1148729768
23,7070,4.5,1148672289
23,7072,4.5,1148729652
23,7088,4.0,1148721133
23,7090,4.5,1148729574
23,7104,2.0,1148729032
23,7132,3.5,1148671849
23,7136,5.0,1148672629
23,7139,3.5,1148672333
23,7147,4.0,1166728160
23,7153,4.5,1148386181
23,7160,3.0,1148671300
23,7161,2.0,1149867747
23,7162,2.0,1148669384
23,7234,4.0,1148669943
23,7265,4.0,1148673554
23,7323,4.0,1148777881
23,7347,3.0,1148669381
23,7361,4.5,1148670469
23,7371,4.5,1148730359
23,7419,3.5,1148671745
23,7438,3.5,1148673159
23,7458,2.0,1148673729
23,7569,3.5,1166036074
23,7587,4.0,1148672248
23,7713,3.5,1148671356
23,7748,3.5,1148672143
23,7759,1.0,1166035969
23,7766,4.0,1148670517
23,7771,4.0,1148728880
23,7942,3.0,1148729504
23,8019,3.5,1148728467
23,8042,4.5,1148669605
23,8125,4.0,1148728849
23,8154,3.5,1148673274
23,8195,3.0,1148672148
23,8239,3.5,1148672825
23,8338,3.5,1148728858
23,8368,4.0,1148673762
23,8376,4.5,1148673478
23,8464,3.5,1148671852
23,8507,3.5,1148777848
23,8529,2.0,1148729024
23,8636,3.5,1148670303
23,8656,2.5,1148777970
23,8873,4.5,1148669373
23,8910,4.0,1148778304
23,8949,3.5,1148673283
23,8955,5.0,1148671738
23,8958,4.5,1148671289
23,8966,3.5,1148730147
23,8970,4.5,1148672765
23,8973,4.0,1148673065
23,8984,3.0,1148673032
23,25753,3.5,1148730109
23,25769,4.5,1148672235
23,25805,2.5,1148777777
23,26052,4.0,1148672082
23,26131,4.0,1148670559
23,26242,5.0,1148672259
23,26729,4.5,1166035835
23,27266,3.0,1148669930
23,27317,3.0,1148730354
23,27721,3.0,1148672301
23,27803,4.5,1148672274
23,30707,3.5,1148672278
23,30749,4.5,1148670456
23,30793,3.5,1148730062
23,30812,3.5,1148669374
23,30820,4.0,1148669926
23,31101,4.0,1149867880
23,31658,3.5,1148728505
23,32587,3.5,1149868226
23,32892,4.0,1166035981
23,33162,2.5,1148673735
23,33166,5.0,1148728740
23,33493,4.0,1148670866
23,33794,3.5,1148730017
23,33903,3.5,1148673299
23,34048,3.0,1148671579
23,34143,2.5,1148728469
23,34326,4.0,1148673587
23,34437,3.0,1148672716
23,36517,3.5,1148730328
23,36529,3.5,1148730343
23,36535,4.5,1148728385
23,37733,3.5,1148730331
23,37736,3.0,1148670189
23,37741,4.0,1148670454
23,38038,4.0,1148670525
23,39183,4.5,1148671229
23,39231,4.0,1148673719
23,39292,4.5,1148670458
23,39869,4.0,1149867915
23,40278,3.5,1148671243
23,40583,4.0,1148729077
23,40629,4.0,1148671251
23,40815,3.0,1148673758
23,40819,3.0,1148671278
23,41285,4.5,1148729584
23,41569,2.0,1148720535
23,41571,2.5,1148728902
23,41863,3.5,1148777867
23,41997,4.0,1148671219
23,42004,4.0,1149867706
23,42418,3.5,1148671236
23,42734,3.0,1148778653
23,44191,4.5,1148669596
23,44204,4.0,1148670935
23,45186,3.5,1148672962
23,45447,1.5,1149867891
23,45722,2.5,1166728253
23,48385,3.5,1166728226
24,6,5.0,849321588
24,36,3.0,849321616
24,81,4.0,849321769
24,95,3.0,849321588
24,150,3.0,849282414
24,165,4.0,849282506
24,296,5.0,849282414
24,316,3.0,849282540
24,356,4.0,849282540
24,380,4.0,849282414
24,457,4.0,849282507
24,588,3.0,849282506
24,590,4.0,849282414
24,592,3.0,849282414
24,610,3.0,849321669
24,648,4.0,849321569
24,736,3.0,849321569
24,780,4.0,849282720
24,786,4.0,849321569
24,1034,3.0,849321955
24,1161,4.0,849321826
25,3,3.0,859625254
25,32,4.0,859625180
25,78,3.0,859625874
25,104,4.0,859625336
25,260,4.0,859625336
25,494,3.0,859625254
25,608,3.0,859625254
25,653,2.0,859625336
25,663,2.0,859625772
25,707,3.0,859625553
25,778,4.0,859625495
25,780,4.0,859625180
25,784,3.0,859625336
25,786,3.0,859625254
25,788,2.0,859625336
25,802,5.0,859625442
25,832,3.0,859625495
25,842,2.0,859625824
25,1073,5.0,859625254
25,1354,1.0,859625931
25,1356,3.0,859625442
25,1358,5.0,859625974
25,1391,2.0,859625669
25,1405,3.0,859625669
25,1409,2.0,859625845
25,1483,3.0,859626258
26,1,5.0,1360087980
26,32,4.5,1354313537
26,47,4.5,1360088070
26,50,4.5,1360088047
26,63,0.5,1351544773
26,69,4.5,1351544454
26,153,3.5,1360088114
26,165,2.5,1360088108
26,260,3.0,1360087975
26,296,3.5,1360087955
26,316,0.5,1360088129
26,318,4.0,1360087964
26,344,0.5,1360088074
26,356,4.5,1352058551
26,367,2.0,1360088133
26,377,3.0,1360088079
26,380,3.0,1360088041
26,457,3.5,1360088007
26,480,2.5,1360087958
26,500,1.0,1360088125
26,555,3.5,1352636797
26,589,4.0,1360088014
26,593,3.5,1354752756
26,608,3.5,1360088060
26,648,2.5,1360088081
26,720,3.0,1351544331
26,733,3.0,1360088143
26,778,4.5,1354313990
26,780,3.5,1360088024
26,858,4.0,1360088089
26,1036,3.5,1352058567
26,1089,3.5,1371811577
26,1196,3.5,1360088053
26,1198,4.0,1360088064
26,1210,3.5,1352058572
26,1405,1.5,1351544316
26,1527,4.0,1352636822
26,1580,3.5,1360088119
26,1653,3.5,1371811514
26,1687,3.5,1351544445
26,1732,4.0,1354752882
26,1753,3.0,1351544792
26,1831,3.0,1351544355
26,1884,4.0,1352636799
26,2028,3.0,1352058527
26,2329,4.0,1371811575
26,2355,4.0,1363376250
26,2542,5.0,1352058619
26,2571,5.0,1354752806
26,2692,4.5,1354752751
26,2858,4.0,1360088058
26,2959,4.0,1354752886
26,3108,2.0,1351544362
26,3114,4.5,1371811559
26,3147,3.0,1352058543
26,3275,4.0,1352597810
26,3481,2.5,1353708984
26,3578,2.5,1352058529
26,3744,4.0,1351544464
26,4011,5.0,1351545050
26,4019,4.0,1351544397
26,4027,3.0,1351545093
26,4161,3.5,1351544451
26,4226,4.0,1353708990
26,4262,2.5,1354752813
26,4306,4.0,1351545101
26,4776,4.0,1352058758
26,4844,2.0,1351544780
26,4865,4.5,1351544467
26,4963,1.5,1352058557
26,4973,3.5,1351545042
26,4979,4.0,1353344972
26,4995,3.0,1352058609
26,5010,3.5,1352597808
26,5110,4.0,1353345028
26,5218,4.0,1353344992
26,5418,4.0,1352058538
26,5608,4.0,1364420293
26,5617,2.0,1353708976
26,5903,2.5,1352058766
26,5952,4.0,1360088161
26,5954,3.0,1352058603
26,5989,2.0,1352921335
26,6016,5.0,1352597728
26,6333,0.5,1357253672
26,6539,1.5,1357253678
26,6708,3.5,1353344968
26,6867,4.0,1351545056
26,6870,3.0,1352921346
26,6874,4.5,1352597710
26,7323,4.0,1363810269
26,7361,3.5,1365194619
26,7438,3.5,1352838248
26,7445,4.5,1352058756
26,8368,3.0,1352058778
26,8665,4.0,1352058548
26,8784,2.0,1351545109
26,8798,5.0,1352058660
26,8874,1.5,1351545104
26,8961,4.0,1351545119
26,27376,0.5,1357253708
26,27831,5.0,1351544753
26,30810,3.0,1353708965
26,31410,2.0,1352838206
26,31878,4.0,1353344939
26,32587,4.0,1352058784
26,33794,4.0,1352921319
26,34437,3.0,1353344981
26,36529,4.0,1352058516
26,37731,3.0,1357253700
26,37741,3.5,1352921338
26,38038,3.0,1361215024
26,38061,4.5,1351545085
26,41997,4.0,1352597707
26,44191,5.0,1353708699
26,44195,5.0,1351545082
26,44199,4.5,1352058510
26,44665,3.5,1352058533
26,46976,4.0,1351545138
26,47610,4.5,1352058666
26,48516,4.5,1352921298
26,48774,3.0,1353797039
26,48780,4.5,1352921315
26,49272,4.0,1352597697
26,49278,3.0,1353962805
26,49530,4.0,1352058503
26,50851,3.5,1353868066
26,50872,5.0,1352597714
26,51255,3.5,1351545097
26,51662,4.0,1352838254
26,52604,4.0,1352920880
26,52952,4.0,1353709027
26,53129,4.5,1365194986
26,53972,3.0,1352058770
26,54286,5.0,1352058561
26,54503,2.5,1353344881
26,55118,2.5,1352921375
26,55167,0.5,1357253685
26,55247,4.0,1352838245
26,55276,3.5,1352838242
26,55280,3.5,1361215017
26,55765,2.5,1352058524
26,55820,3.0,1353708936
26,56782,3.5,1351544480
26,57669,3.5,1351545114
26,58559,5.0,1352597791
26,59315,3.5,1352597733
26,59369,5.0,1352058657
26,59387,3.0,1353868028
26,59784,5.0,1352597790
26,60069,3.0,1352838257
26,60684,5.0,1352920912
26,61024,3.0,1353345002
26,61323,3.5,1353345011
26,62849,4.5,1357253777
26,63082,3.0,1352838237
26,65514,5.0,1352597777
26,67997,3.5,1353709018
26,68157,3.5,1352597735
26,68358,2.0,1353797029
26,68954,3.5,1351545047
26,69122,3.5,1352838229
26,70533,0.5,1357253681
26,71464,2.0,1353345007
26,72998,3.5,1352597807
26,73017,3.5,1352597692
26,73587,4.5,1353344976
26,79132,3.5,1354313972
26,80489,2.0,1354313516
26,82459,4.0,1351544798
26,91542,3.5,1351545019
26,92259,4.5,1354313566
27,50,4.0,939077258
27,73,5.0,939079553
27,111,4.0,939076893
27,296,4.0,939077164
27,527,5.0,939079002
27,593,4.0,939076893
27,1213,4.0,939080935
27,1343,4.0,939078921
27,1584,4.0,939079553
27,1610,4.0,939080148
27,1639,4.0,939079118
27,1704,5.0,939080090
27,1721,3.0,939079855
27,1892,4.0,939079553
27,2356,2.0,939082326
27,2391,3.0,939078921
27,2396,2.0,939077258
27,2501,4.0,939079779
27,2502,4.0,939082276
27,2710,1.0,939076569
27,2712,4.0,939076677
27,2762,5.0,939076519
27,2858,5.0,939076519
28,21,5.0,938942396
28,58,5.0,938944078
28,110,4.0,938944407
28,345,5.0,938944923
28,898,5.0,938944407
28,899,5.0,938944744
28,902,5.0,938944550
28,903,3.0,938944636
28,904,4.0,938942682
28,908,5.0,938944975
28,909,4.0,938944975
28,913,4.0,938943150
28,920,5.0,938942682
28,924,4.0,938942755
28,926,5.0,938942821
28,933,4.0,938944683
28,953,2.0,938944139
28,1059,5.0,938944408
28,1079,5.0,938943028
28,1094,4.0,938942614
28,1203,5.0,938943524
28,1206,4.0,938944744
28,1219,5.0,938943150
28,1225,5.0,938944457
