58,924,5.0,961127522
58,940,2.0,961127724
58,952,2.0,961128239
58,965,5.0,961127557
58,969,5.0,961127724
58,999,2.0,961127522
58,1007,2.0,961128178
58,1019,4.0,961127522
58,1021,4.0,961128055
58,1127,2.0,961127638
58,1200,4.0,961127834
58,1203,5.0,961127480
58,1214,4.0,961127834
58,1225,5.0,961127896
58,1230,2.0,961127256
58,1269,5.0,961128239
58,1320,3.0,961127834
58,1321,4.0,961127960
58,1367,4.0,961127480
58,1459,4.0,961127638
58,1499,1.0,961128020
58,1517,1.0,961128302
58,1608,5.0,961127761
58,1690,4.0,961127834
58,1784,2.0,961128239
58,1917,4.0,961128178
58,1927,5.0,961127868
58,2015,3.0,961127592
58,2016,2.0,961128124
58,2072,2.0,961127480
58,2085,3.0,961127480
58,2124,3.0,961127690
58,2133,4.0,961127690
58,2153,2.0,961128302
58,2163,4.0,961128269
58,2180,4.0,961127256
58,2202,5.0,961127256
58,2311,5.0,961127522
58,2475,3.0,961127558
58,2505,4.0,961127592
58,2520,2.0,961127790
58,2522,2.0,961127761
58,2551,2.0,961127256
58,2683,1.0,961128302
58,2788,5.0,961128020
58,2791,5.0,961127761
58,2792,5.0,961127761
58,2817,2.0,961127638
58,2827,3.0,961128269
58,2846,4.0,961127690
58,3070,4.0,961127690
58,3153,2.0,961127558
58,3251,5.0,961127761
58,3420,5.0,961127480
58,3421,5.0,961128055
58,3510,5.0,961127407
58,3524,4.0,961128239
58,3535,1.0,961127407
58,3555,5.0,961127407
58,3649,3.0,961127923
58,3672,1.0,961127256
58,3701,5.0,961127834
58,3706,4.0,961128055
58,3710,3.0,961127639
59,11,2.5,1144755845
59,32,4.5,1144756065
59,50,5.0,1144756267
59,111,2.5,1144755826
59,150,4.0,1144756061
59,223,3.5,1144755802
59,231,2.0,1144756058
59,292,1.0,1144756054
59,296,4.0,1144756366
59,300,4.5,1144755818
59,318,2.5,1144756299
59,367,1.5,1144756051
59,380,0.5,1144756048
59,410,1.5,1144755842
59,412,4.0,1144756272
59,480,4.5,1144756044
59,527,4.5,1144756394
59,541,5.0,1144756037
59,586,0.5,1144756031
59,590,3.5,1144756028
59,593,3.5,1144756398
59,720,4.5,1144756414
59,745,5.0,1144756328
59,858,5.0,1144756296
59,912,4.0,1144755799
59,919,1.5,1144755833
59,1136,4.0,1144756017
59,1148,5.0,1144756384
59,1193,3.5,1144756013
59,1213,3.5,1144755855
59,1221,5.0,1144755814
59,1356,0.5,1144755869
59,1673,4.0,1144756209
59,1722,1.5,1144756203
59,1923,3.0,1144755873
59,1961,3.5,1144755823
59,1968,2.5,1144756199
59,2028,1.5,1144756004
59,2105,1.0,1144756192
59,2161,0.5,1144756188
59,2167,4.0,1144756184
59,2193,0.5,1144756181
59,2194,3.5,1144756178
59,2302,3.5,1144756175
59,2329,4.0,1144756386
59,2396,3.5,1144755999
59,2470,0.5,1144756164
59,2542,2.0,1144756161
59,2617,4.0,1144756157
59,2640,1.0,1144756153
59,2671,1.5,1144756141
59,2683,1.5,1144755852
59,2692,4.0,1144756137
59,2716,2.0,1144755809
59,2763,1.5,1144756134
59,2797,3.0,1144756128
59,2858,4.0,1144755992
59,2959,4.0,1144755805
59,2997,1.5,1144755795
59,3253,4.0,1144756119
59,3578,4.0,1144756116
59,3623,1.0,1144756112
59,3751,4.0,1144756109
59,3911,3.5,1144756106
59,3948,0.5,1144756094
59,4306,1.5,1144755866
59,4993,4.5,1144755863
59,5060,3.5,1144756101
59,5349,3.0,1144756087
59,5952,5.0,1144756362
59,6787,5.0,1144756343
59,7040,4.0,1144756281
59,7153,5.0,1144756348
59,7361,4.0,1144756082
59,8961,5.0,1144756336
59,26695,3.5,1144756276
59,33794,2.0,1144756332
59,34153,4.0,1144756402
60,16,4.5,1125828814
60,21,3.0,1125829035
60,111,4.5,1125829229
60,163,4.0,1125828888
60,173,3.5,1125828860
60,235,5.0,1125829070
60,466,4.0,1125828890
60,541,5.0,1125829154
60,608,4.0,1125829157
60,653,2.5,1125828818
60,720,4.0,1125829203
60,745,3.5,1125829207
60,858,5.0,1125829174
60,1080,4.5,1125828831
60,1090,4.0,1125828893
60,1208,4.5,1125829194
60,1209,4.0,1125829215
60,1219,4.5,1125829161
60,1221,5.0,1125829152
60,1380,1.5,1125828900
60,1485,2.5,1125828872
60,1653,5.0,1125828865
60,1673,4.5,1125829038
60,1732,5.0,1125829088
60,2012,4.0,1125828843
60,2115,3.5,1125828850
60,2174,4.0,1125828802
60,2324,5.0,1125829168
60,2640,4.0,1125828876
60,2710,4.5,1125828811
60,2797,4.0,1125828806
60,3018,3.5,1125829108
60,3160,3.5,1125829131
60,3608,4.0,1125829115
60,3726,3.0,1125829042
60,3949,5.0,1125829144
60,4973,4.5,1125829233
60,5060,5.0,1125828895
60,5618,4.0,1125829190
60,5690,5.0,1125829218
60,5945,4.0,1125829124
60,5952,3.0,1125828855
60,5959,4.5,1125829077
60,5995,5.0,1125829169
60,6350,5.0,1125829184
60,6502,4.5,1125829017
60,6957,3.0,1125829047
60,7361,5.0,1125829192
60,7387,4.5,1125829007
60,8638,5.0,1125829249
60,8981,5.0,1125829091
60,27773,4.5,1125829180
60,27801,3.0,1125828995
60,27803,5.0,1125829225
60,30749,5.0,1125829142
61,2,3.5,1216051639
61,34,2.0,1216050806
61,48,2.5,1216052245
61,50,5.0,1216050620
61,104,4.0,1216051937
61,158,1.5,1216486613
61,231,4.0,1216050783
61,317,3.5,1216052001
61,364,3.5,1216050872
61,500,4.0,1216050755
61,551,1.5,1216052048
61,585,3.5,1216487185
61,586,3.0,1216050910
61,587,5.0,1216050728
61,588,3.0,1216050688
61,592,5.0,1216050426
61,593,3.0,1217176111
61,594,3.5,1216051901
61,595,2.5,1216050607
61,596,2.0,1216486577
61,616,1.5,1216050050
61,661,2.5,1216487081
61,673,2.0,1216487462
61,801,2.5,1216050212
61,919,3.0,1216050981
61,953,3.5,1216052355
61,1010,3.0,1216050143
61,1022,3.0,1216487383
61,1028,3.5,1216052159
61,1029,2.5,1216487645
61,1035,4.0,1216052131
61,1059,3.0,1216486917
61,1073,2.0,1216050704
61,1097,3.5,1216050633
61,1136,5.0,1216050881
61,1197,5.0,1216050615
61,1207,2.5,1217176086
61,1220,3.5,1216051628
61,1367,2.5,1216487574
61,1380,3.5,1216051765
61,1500,4.5,1216051684
61,1580,3.5,1216050812
61,1777,2.0,1216052066
61,1907,4.0,1216487286
61,1954,2.0,1216051712
61,1968,5.0,1216050874
61,2018,2.5,1216487345
61,2054,2.5,1216051756
61,2078,1.5,1216050040
61,2080,2.5,1216052376
61,2081,3.5,1216051647
61,2085,2.5,1216487259
61,2087,3.0,1216487390
61,2123,2.5,1216050185
61,2144,3.0,1216486970
61,2161,2.0,1216486558
61,2174,2.0,1216050841
61,2273,3.0,1216486754
61,2300,5.0,1216487561
61,2355,3.5,1216050771
61,2384,2.0,1216050083
61,2502,5.0,1216050948
61,2571,4.0,1216050434
61,2572,4.0,1216486568
61,2716,3.0,1216050558
61,2761,3.0,1216487170
61,2804,1.0,1216052021
61,2857,4.0,1217175852
61,2918,4.5,1216050942
61,2953,3.0,1216487450
61,3114,1.0,1216050711
61,3668,2.5,1216050152
61,3751,1.5,1216050859
61,3988,3.0,1216487130
61,4016,1.5,1216487195
61,4025,2.5,1217175695
61,4232,3.5,1217175825
61,4246,3.5,1216051015
61,4306,3.5,1216050580
61,4333,5.0,1216050173
61,4701,2.5,1216486820
61,4886,3.0,1216050489
61,4890,3.5,1216487437
61,4896,3.0,1216050661
61,4993,5.0,1217175635
61,5299,3.5,1216051026
61,5349,4.5,1216050540
61,5444,1.0,1216487083
61,5449,3.5,1217175814
61,5459,3.0,1216051664
61,5481,1.5,1216052029
61,5618,5.0,1216051166
61,5693,3.5,1216050163
61,5816,3.0,1216050722
61,5952,5.0,1216050467
61,5971,5.0,1217175952
61,6218,2.5,1217175803
61,6350,5.0,1217175973
61,6373,3.5,1216051752
61,6377,3.0,1216050500
61,6539,1.5,1216050627
61,6743,2.5,1216050335
61,6863,4.5,1216051105
61,6936,3.0,1216486831
61,7004,4.0,1216487292
61,7153,5.0,1216050411
61,7161,2.0,1216050274
61,7451,4.0,1216487206
61,8360,2.0,1216050747
61,8368,2.5,1217175562
61,8376,0.5,1216052075
61,8464,3.0,1217175793
61,8544,3.5,1216486608
61,8961,4.0,1216050419
61,8970,2.5,1217176199
61,26662,5.0,1216050266
61,27706,3.5,1216487236
61,30793,1.5,1216051039
61,33004,2.0,1216052080
61,33615,2.5,1216487374
61,33660,2.0,1217176162
61,33679,4.0,1216051779
61,33794,5.0,1216050438
61,34150,2.5,1216487036
61,34162,4.0,1216051096
61,40629,3.0,1216487165
61,40815,4.0,1216050749
61,41566,2.5,1216051161
61,44191,5.0,1216050506
61,44195,4.5,1216051092
61,45431,1.0,1216050246
61,45517,2.5,1216052363
61,45720,4.0,1216486888
61,45722,3.5,1216051047
61,46578,5.0,1216050780
61,46970,4.0,1216487176
61,46972,4.0,1216487276
61,46976,3.5,1216051666
61,47610,2.5,1216051984
61,48394,4.5,1216050612
61,48780,5.0,1216050831
61,50872,4.0,1216050762
61,52973,4.5,1216051143
61,53121,3.0,1216487179
61,53125,1.0,1216051188
61,53322,4.0,1216052121
61,53464,2.5,1216050332
61,53996,5.0,1216051618
61,54001,2.5,1216051008
61,54272,2.5,1216050692
61,55566,4.0,1216051650
61,55830,2.5,1217424458
61,56030,3.5,1216050821
61,56171,4.0,1216486738
61,56174,4.5,1216050758
61,56367,4.5,1216050547
61,56757,3.0,1216052146
61,57640,2.5,1217175527
61,57669,4.5,1216487366
61,58025,3.0,1216487091
61,58559,5.0,1216487357
61,58998,5.0,1216487144
61,59315,4.0,1216050264
61,60069,5.0,1216487413
61,60074,3.0,1216486663
61,60126,4.0,1216487141
62,111,4.0,1451708754
62,260,4.0,1451176940
62,318,3.5,1451359418
62,1196,5.0,1451176947
62,1210,4.0,1451359247
62,1270,4.5,1451359277
62,2028,4.5,1451359280
62,2918,4.5,1470457528
62,2959,5.0,1451359348
62,4226,4.0,1451359336
62,5418,4.0,1449594307
62,6016,4.0,1451708492
62,8665,4.5,1449594323
62,48774,4.0,1453318174
62,49530,3.5,1452916989
62,54286,4.0,1449594346
62,58559,5.0,1475948734
62,68157,4.5,1451708722
62,68237,4.5,1451708228
62,69481,3.5,1451707886
62,70286,4.0,1451708064
62,70862,4.0,1451708831
62,79132,5.0,1451708501
62,81591,4.0,1451713153
62,85414,4.0,1451707852
62,91535,3.0,1451708608
62,92259,3.0,1451708709
62,97304,4.0,1451708035
62,101864,3.5,1451708254
62,101947,3.5,1451712467
62,103228,4.0,1451708272
62,104374,5.0,1451178637
62,104841,4.0,1451708082
62,106782,4.5,1451707972
62,106920,4.0,1451708365
62,109487,4.5,1451708125
62,111759,4.0,1451708157
62,112183,3.0,1451706920
62,112290,4.0,1451708301
62,112552,4.0,1451708010
62,114662,3.0,1451178678
62,115149,3.0,1451406848
62,115569,3.5,1451706930
62,115713,4.0,1449594073
62,119145,4.5,1465526836
62,120637,1.5,1465535480
62,122882,5.0,1448760334
62,122900,3.5,1453472303
62,134130,5.0,1451407005
62,134853,5.0,1455413632
62,139644,4.5,1451368688
62,146656,4.0,1465279438
62,160438,4.0,1470457197
63,1,5.0,1079098216
63,11,3.5,1079098249
63,16,5.0,1075307025
63,58,0.5,1075307034
63,112,3.0,1075307039
63,150,4.0,1079098211
63,151,0.5,1075307036
63,246,0.5,1075307056
63,260,5.0,1078570677
63,315,1.0,1075307064
63,318,5.0,1079098244
63,380,3.5,1079098188
63,432,4.0,1075307028
63,457,3.0,1078570670
63,480,4.5,1078570695
63,515,1.0,1075307062
63,520,3.0,1079098254
63,592,5.0,1079098217
63,593,4.5,1079098263
63,720,4.0,1076323993
63,832,2.5,1075307060
63,1015,1.5,1076324016
63,1059,4.0,1076324042
63,1080,4.5,1075307058
63,1105,0.5,1076324074
63,1193,5.0,1076324053
63,1198,5.0,1079098242
63,1214,5.0,1076324064
63,1221,5.0,1079098258
63,1230,1.5,1075307020
63,1234,1.0,1075307065
63,1259,5.0,1076324068
63,1304,4.0,1075307023
63,1307,2.0,1079098251
63,1356,5.0,1076324056
63,1372,3.0,1076324009
63,1374,4.0,1075307043
63,1376,3.5,1079098265
63,1408,4.5,1079098267
63,1474,1.0,1076324059
63,1513,1.0,1076324000
63,1517,4.0,1075307052
63,1573,4.0,1078570732
63,1610,4.5,1079098253
63,1639,5.0,1078570730
63,1641,3.0,1078570723
63,1917,4.0,1075307050
63,1954,4.5,1078570736
63,1961,3.5,1078570725
63,2004,4.5,1079098304
63,2046,4.5,1079098294
63,2116,2.5,1079098501
63,2174,1.0,1078570715
63,2268,4.0,1078570718
63,2302,2.0,1078570716
63,2393,4.5,1079098301
63,2571,4.5,1076324071
63,2628,4.5,1079098213
63,2640,4.5,1078570740
63,2699,4.0,1078570655
63,2710,4.0,1079098201
63,2762,3.0,1079098192
63,2791,4.0,1079098199
63,2797,5.0,1078570652
63,2858,5.0,1080482377
63,2918,5.0,1079098203
63,2959,4.5,1075307030
63,2987,4.5,1079098190
63,2997,4.0,1078570675
63,3114,5.0,1078570660
63,3176,5.0,1079098196
63,3328,4.0,1079098289
63,3408,2.0,1078570684
63,3471,4.0,1078570650
63,3481,5.0,1078570661
63,3578,5.0,1079098194
63,3751,2.0,1078570672
63,3793,4.5,1078570681
63,3868,4.5,1076324022
63,3869,4.5,1079098275
63,3897,4.0,1078570666
63,3996,4.0,1075307054
63,4022,2.5,1079098205
63,4306,5.0,1078570680
63,4367,4.0,1079098272
63,4369,4.5,1079098286
63,4446,4.0,1079098273
63,4846,5.0,1076324027
63,4993,5.0,1079098495
63,5349,5.0,1079098282
63,5952,5.0,1076324012
63,6333,5.0,1079098246
63,6541,2.5,1076324031
63,6711,5.0,1079098406
63,6863,4.0,1079098400
63,7153,5.0,1076324157
63,7318,3.5,1079098342
64,110,4.0,843159967
64,150,3.0,843159644
64,153,5.0,843159716
64,165,3.0,843159716
64,168,3.0,843159967
64,231,3.0,843159770
64,253,5.0,843159967
64,266,5.0,843159967
64,296,5.0,843159644
64,318,5.0,843159871
64,329,4.0,843159770
64,344,2.0,843159716
64,349,4.0,843159716
64,356,4.0,843159871
64,380,4.0,843159645
64,434,4.0,843159871
64,457,4.0,843159770
64,590,5.0,843159644
64,592,4.0,843159644
64,593,5.0,843159770
64,595,3.0,843159967
65,260,4.0,945118587
65,858,5.0,945149894
65,909,5.0,945150424
65,920,2.0,945118660
65,924,4.0,945150571
65,1077,5.0,945150514
65,1078,5.0,945150514
65,1084,5.0,945150037
65,1210,2.0,945118792
65,1221,4.0,945118614
65,1230,5.0,945150175
65,1238,2.0,945150351
65,1256,4.0,945150351
65,1270,3.0,945118543
65,1278,5.0,945150424
65,1288,3.0,945150278
65,1292,5.0,945150473
65,1299,5.0,945150037
65,1304,4.0,945150395
65,1952,4.0,945149894
65,1956,3.0,945149834
65,2064,5.0,945150395
65,2289,4.0,945150395
65,2863,5.0,945150351
65,2871,4.0,945149894
65,2971,5.0,945150011
65,5060,5.0,945150351
66,21,4.0,974600703
66,22,2.0,974599486
66,105,2.0,974597659
66,110,4.0,974600526
66,260,5.0,974600461
66,356,4.0,974597735
66,377,4.0,974599725
66,457,4.0,974599773
66,480,5.0,974600656
66,589,5.0,974599725
66,593,4.0,974599725
66,608,4.0,974599074
66,832,4.0,974599923
66,858,5.0,974600461
66,908,4.0,974597684
66,1036,5.0,974600526
66,1092,4.0,974599834
66,1129,4.0,974600198
66,1179,4.0,974599434
66,1196,4.0,974597627
66,1198,5.0,974600461
66,1200,3.0,974600108
66,1203,5.0,974597659
66,1240,5.0,974600108
66,1249,4.0,974599773
66,1270,4.0,974600108
66,1275,3.0,974600728
66,1573,3.0,974599861
66,1580,3.0,974600572
66,1625,4.0,974600012
66,1732,2.0,974599543
66,1954,5.0,974600600
66,2000,5.0,974600491
66,2058,4.0,974599923
66,2117,5.0,974600198
66,2194,5.0,974600526
66,2268,4.0,974599074
66,2391,3.0,974599434
66,2455,3.0,974600144
66,2456,2.0,974600286
66,2571,3.0,974599773
66,2605,4.0,974599597
66,2858,4.0,974600366
66,2947,5.0,974600526
66,2985,4.0,974600198
66,3527,3.0,974600703
66,3633,5.0,974600656
66,3763,5.0,974600626
66,3957,3.0,974598446
67,1,3.0,854711770
67,6,5.0,854711804
67,12,3.0,854711916
67,16,4.0,854713177
67,17,4.0,854711772
67,18,4.0,854711941
67,28,5.0,854714394
67,34,5.0,854714246
67,42,3.0,854714498
67,43,4.0,854712006
67,60,4.0,854714394
67,62,3.0,854711772
67,86,5.0,854711958
67,88,3.0,854711958
67,94,3.0,854711941
67,95,1.0,854711771
67,104,3.0,854711830
67,107,3.0,854711884
67,110,5.0,854713313
67,112,3.0,854711804
67,141,1.0,854711771
67,151,5.0,854714367
67,198,4.0,854714394
67,238,3.0,854715870
67,260,4.0,854711862
67,265,5.0,854713313
67,266,3.0,854713176
67,272,5.0,854715905
67,277,4.0,854714200
67,279,5.0,854714227
67,280,5.0,854714471
67,282,5.0,854714367
67,288,4.0,854713176
67,293,4.0,854713245
67,294,3.0,854714394
67,296,5.0,854714282
67,314,5.0,854714201
67,316,3.0,854713245
67,318,5.0,854713313
67,337,4.0,854714201
67,350,3.0,854714421
67,353,5.0,854715906
67,356,4.0,854714498
67,362,1.0,854713245
67,364,5.0,854715906
67,368,3.0,854715869
67,383,4.0,854714302
67,412,5.0,854714283
67,431,4.0,854713245
67,434,2.0,854715870
67,452,5.0,854714498
67,454,2.0,854714246
67,457,4.0,854713245
67,474,3.0,854714439
67,475,5.0,854714227
67,480,5.0,854713313
67,491,4.0,854714315
67,493,4.0,854714246
67,509,5.0,854713245
67,515,5.0,854713177
67,524,3.0,854714302
67,531,5.0,854713177
67,541,4.0,854714282
67,553,4.0,854714201
67,586,4.0,854713176
67,587,3.0,854714282
67,589,4.0,854714470
67,590,5.0,854713175
67,592,3.0,854715905
67,593,5.0,854714246
67,595,4.0,854714421
67,597,5.0,854715870
67,609,3.0,854711916
67,610,4.0,854714367
67,613,4.0,854712026
67,616,4.0,854714201
67,628,3.0,854711862
67,631,3.0,854711941
67,637,3.0,854711862
67,648,3.0,854711771
67,650,5.0,854712060
67,653,3.0,854711830
67,664,3.0,854712785
67,694,3.0,854711978
67,707,4.0,854711916
67,708,3.0,854711830
67,709,4.0,854715869
67,711,3.0,854711916
67,719,1.0,854711884
67,724,3.0,854711916
67,733,4.0,854711804
67,736,4.0,854711770
67,743,2.0,854711884
67,780,4.0,854711770
67,784,3.0,854711830
67,788,3.0,854711830
67,849,3.0,854712006
67,852,3.0,854711916
67,1027,4.0,854714367
67,1035,3.0,854714227
67,1073,4.0,854711804
67,1084,4.0,854713313
67,1097,5.0,854714302
68,1,4.0,1194741818
68,2,3.0,1249809905
68,11,3.5,1249808221
68,150,4.0,1194743603
68,260,3.0,1219476836
68,317,3.0,1249808197
68,318,4.0,1219476825
68,356,4.0,1194741632
68,367,3.0,1219477266
68,380,4.0,1194741556
68,454,4.0,1249807893
68,457,4.0,1219476842
68,468,3.0,1194740982
68,480,4.0,1219476819
68,500,4.0,1194741805
68,527,3.5,1194741627
68,539,3.5,1219477297
68,541,3.5,1194741800
68,586,3.5,1219477374
68,587,4.0,1194743787
68,590,3.5,1194741795
68,592,3.5,1194741615
68,597,3.0,1249809470
68,778,2.5,1249807905
68,780,3.5,1249809424
68,904,4.0,1202605433
68,908,4.0,1202605475
68,912,4.0,1249807876
68,914,4.0,1219474844
68,933,3.5,1194741164
68,934,3.5,1194741234
68,953,4.0,1194742690
68,1035,4.0,1219474919
68,1073,3.0,1194743811
68,1097,4.0,1194742498
68,1185,3.5,1194741096
68,1196,4.5,1202605483
68,1197,3.5,1194742491
68,1198,4.0,1202605399
68,1200,3.5,1194741774
68,1231,4.0,1194740988
68,1265,4.5,1194741536
68,1270,4.0,1194742462
68,1278,4.0,1202605808
68,1291,4.5,1249807861
68,1292,4.0,1194741068
68,1302,4.5,1249808142
68,1376,4.0,1249809645
68,1393,4.0,1249807853
68,1409,3.5,1194741082
68,1580,4.0,1194743774
68,1608,4.0,1194743647
68,1721,3.0,1249809495
68,1923,4.0,1194741764
68,1951,4.0,1219474926
68,1959,4.5,1219474934
68,2174,4.0,1249808034
68,2384,2.5,1194741124
68,2420,3.5,1249808019
68,2468,4.0,1249808396
68,2469,3.5,1194741217
68,2716,4.0,1219477365
68,2746,3.5,1194741010
68,2762,4.0,1194742454
68,2779,3.5,1249808373
68,2791,3.5,1194742620
68,2797,3.5,1194742605
68,2918,4.5,1249807840
68,2968,1.0,1249809623
68,3072,3.5,1194740954
68,3148,1.5,1249808007
68,3247,3.0,1249807997
68,3510,4.5,1194741025
68,3578,2.5,1194743883
68,3699,4.0,1194741198
68,3755,3.0,1194740965
68,4187,4.0,1194741383
68,4306,4.5,1194741735
68,4886,3.5,1194741657
68,4963,3.5,1194744286
68,4992,3.5,1249809788
68,4993,5.0,1194741498
68,4995,4.0,1219474681
68,5218,3.5,1249807965
68,5299,3.5,1194744599
68,5349,4.0,1194742561
68,5418,3.5,1194741843
68,5816,4.0,1249807951
68,5952,5.0,1194741508
68,5989,4.0,1194742532
68,5995,1.5,1249807943
68,6218,3.5,1194744481
68,6297,3.5,1194744514
68,6373,3.0,1249807928
68,6377,3.0,1194741828
68,6539,4.0,1202605771
68,6863,3.5,1194744593
68,6874,1.0,1194741643
68,7147,3.5,1194741823
68,7153,5.0,1194741503
68,7361,3.0,1194741682
68,8360,4.5,1194744465
68,8529,3.0,1194742776
68,8623,4.0,1249808534
68,8636,4.0,1346824858
68,8865,3.5,1249808268
68,8961,4.0,1194742060
68,8972,4.0,1194741870
68,26025,3.5,1255153332
68,26562,4.0,1194741909
68,30707,2.5,1219474832
68,30749,3.0,1194742092
68,30812,3.0,1194742744
68,31374,4.0,1292732192
68,31658,3.5,1346824829
68,31685,4.0,1194744606
68,33004,2.5,1194741316
68,45431,3.5,1194744575
68,45517,3.5,1194744487
68,45668,3.5,1249809801
68,46976,3.5,1194744213
68,54259,3.5,1202605564
68,56367,4.5,1219474721
69,1,5.0,1366831110
69,2,3.5,1366831701
69,5,5.0,1366831985
69,19,4.0,1366831735
69,34,4.0,1366831572
69,39,4.5,1366831626
69,48,4.5,1366831972
69,104,4.0,1366831788
69,158,3.0,1366831962
69,231,4.0,1366831564
69,262,4.0,1348153664
69,296,3.5,1366831100
69,318,5.0,1366830848
69,344,4.0,1366831253
69,356,5.0,1366831102
69,357,5.0,1366831615
69,364,5.0,1366831266
69,374,3.5,1348153638
69,410,3.5,1366831784
69,500,3.5,1366831290
69,527,5.0,1366830854
69,586,4.5,1366831610
69,587,5.0,1366831598
69,595,4.0,1366831275
69,596,3.0,1366831955
69,597,4.5,1366831566
69,788,2.0,1366831769
69,919,4.5,1366831679
69,934,5.0,1348153757
69,1020,4.5,1348153603
69,1028,3.0,1366831950
69,1035,4.5,1366831980
69,1073,4.5,1366831595
69,1193,5.0,1366830860
69,1265,4.5,1366831588
69,1270,5.0,1366831245
69,1513,3.5,1348153569
69,1682,5.0,1366831673
69,1704,5.0,1366831619
69,1721,4.5,1366831288
69,1954,3.5,1366831929
69,1968,4.5,1366831711
69,2011,4.5,1366831778
69,2012,4.5,1366831752
69,2028,4.5,1366831268
69,2054,2.5,1366831811
69,2059,3.5,1348153818
69,2136,1.0,1348153829
69,2240,4.5,1348153964
69,2302,4.5,1366831892
69,2321,4.0,1366831968
69,2355,4.5,1366831744
69,2379,3.5,1348153794
69,2706,4.0,1366831662
69,2918,5.0,1366831695
69,2987,4.5,1366831713
69,3114,5.0,1366831681
69,3253,4.5,1366832014
69,3668,2.5,1348153841
69,3791,4.0,1348153799
69,3821,0.5,1348153863
69,3948,3.5,1366831871
69,3977,3.5,1366831839
69,4254,3.5,1348153974
69,4306,5.0,1366831576
69,4878,3.5,1366831823
69,4886,5.0,1366831687
69,4896,4.5,1366831855
69,4993,5.0,1366831289
69,5308,4.0,1348153821
69,5349,3.5,1366831708
69,5816,4.5,1366831993
69,5952,5.0,1366831574
69,6377,5.0,1366831715
69,6539,4.0,1366831670
69,7153,5.0,1366831604
69,7361,4.5,1366831756
69,8961,4.0,1366831801
69,58047,3.0,1348154058
69,68554,4.5,1348155188
69,69757,5.0,1348154113
70,1,5.0,853954235
70,3,5.0,853954323
70,5,5.0,853954323
70,7,3.0,853954323
70,9,3.0,853954486
70,12,3.0,853954577
70,14,3.0,853954402
70,17,4.0,853954235
70,25,5.0,853954235
70,26,5.0,853954729
70,32,4.0,853954234
70,36,4.0,853954322
70,52,4.0,853954401
70,58,5.0,853954401
70,61,4.0,853954813
70,62,5.0,853954235
70,63,4.0,853954893
70,65,3.0,853954577
70,76,4.0,853954729
70,79,4.0,853954485
70,81,4.0,853954893
70,82,4.0,853954893
70,86,4.0,853954813
70,88,3.0,853954814
70,92,5.0,853954814
70,95,5.0,853954235
70,100,4.0,853954577
70,104,3.0,853954401
70,107,5.0,853954577
70,112,5.0,853954323
70,135,4.0,853954485
70,141,5.0,853954235
70,376,4.0,853954323
70,494,3.0,853954323
70,608,5.0,853954322
70,609,5.0,853954656
70,613,5.0,853955020
70,628,5.0,853954485
70,631,5.0,853954656
70,637,3.0,853954485
70,640,3.0,853954656
70,648,3.0,853954235
70,653,5.0,853954402
70,661,5.0,853954485
70,663,3.0,853954814
70,667,5.0,853954729
70,671,3.0,853954729
70,673,3.0,853954814
70,694,5.0,853954893
70,704,4.0,853954893
70,707,5.0,853954656
70,708,5.0,853954401
70,711,4.0,853954656
70,719,4.0,853954577
70,724,3.0,853954577
70,733,5.0,853954323
70,736,4.0,853954235
70,737,3.0,853954485
70,743,3.0,853954577
70,745,4.0,853954813
70,748,3.0,853954729
70,761,3.0,853954656
70,762,4.0,853954485
70,780,4.0,853954234
70,784,3.0,853954402
70,785,5.0,853954893
70,786,5.0,853954401
70,788,5.0,853954401
70,799,4.0,853955020
70,802,5.0,853954577
70,805,5.0,853954577
70,810,3.0,853954814
70,832,5.0,853954656
70,839,5.0,853954813
70,849,5.0,853955020
70,852,5.0,853954656
70,880,4.0,853955020
70,891,4.0,853954893
70,1059,5.0,853955020
70,1061,5.0,853955020
70,1073,5.0,853954401
70,1356,5.0,853954485
70,1367,5.0,853955020
