71,581,4.0,974659023
71,589,3.0,974659502
71,908,5.0,974659502
71,1171,5.0,974659646
71,1259,4.0,974659502
71,1284,5.0,974659502
71,1617,5.0,974659023
71,1673,4.0,974659502
71,1957,4.0,974659023
71,2858,5.0,974659408
71,3098,4.0,974659023
71,3125,4.0,974658951
71,3160,5.0,974659408
71,3422,3.0,974659023
71,3481,4.0,974659502
71,3626,4.0,974659408
71,3920,5.0,974659502
71,3925,5.0,974659646
71,3930,4.0,974659408
71,3932,4.0,974659593
71,3963,3.0,974659408
71,3965,4.0,974659696
71,3966,5.0,974659408
72,1,3.5,1461778737
72,2,2.5,1461784724
72,47,3.5,1461784392
72,50,4.0,1461778528
72,110,3.5,1461784365
72,150,3.5,1461784569
72,260,3.0,1461778719
72,296,4.0,1461778730
72,318,4.0,1461778524
72,356,4.0,1461778698
72,480,3.0,1461778746
72,527,4.0,1461778534
72,541,4.0,1461784459
72,593,3.5,1461778557
72,608,4.0,1461784432
72,778,4.0,1461784481
72,858,4.5,1461778530
72,912,3.5,1461784591
72,924,4.0,1461784596
72,1036,3.0,1461784428
72,1196,3.0,1461778739
72,1200,3.0,1461784475
72,1206,4.0,1461784499
72,1208,4.0,1461784671
72,1213,4.0,1461778560
72,1221,4.0,1461778537
72,1222,4.0,1461784640
72,1246,3.5,1461784644
72,1258,4.0,1461784494
72,1270,3.0,1461778751
72,1682,3.5,1461784424
72,1961,3.5,1461784642
72,2006,2.5,1461778617
72,2028,3.5,1461784345
72,2324,4.0,1461784445
72,2395,3.5,1461778611
72,2571,3.5,1461778692
72,2628,3.0,1461784613
72,2692,3.5,1461784742
72,2762,4.0,1461784405
72,2858,4.0,1461784348
72,2918,3.0,1461784637
72,2959,4.0,1461778563
72,3114,3.0,1461784599
72,3481,3.0,1461778600
72,3578,3.0,1461778760
72,3717,1.5,1461784035
72,3753,2.5,1461783967
72,3793,3.0,1461783836
72,3897,3.0,1461783926
72,3949,3.5,1461784442
72,3996,3.5,1461783857
72,4011,3.5,1461783923
72,4018,3.0,1461784071
72,4022,4.0,1461783913
72,4025,1.5,1461784048
72,4027,3.5,1461783915
72,4226,4.0,1461783834
72,4246,2.5,1461783988
72,4262,4.0,1461784652
72,4306,3.0,1461784367
72,4447,3.0,1461784065
72,4720,3.5,1461784011
72,4878,4.0,1461783905
72,4886,3.0,1461783845
72,4963,3.0,1461783869
72,4973,3.5,1461783841
72,4979,3.5,1461783980
72,4993,3.0,1461778717
72,4995,3.5,1461783881
72,5218,2.5,1461783975
72,5349,3.0,1461783872
72,5378,3.0,1461784578
72,5418,3.0,1461783889
72,5445,3.5,1461783865
72,5679,3.0,1461784050
72,5903,2.5,1461784730
72,5952,3.0,1461778734
72,5989,3.5,1461783920
72,5995,3.5,1461783992
72,6333,2.5,1461784606
72,6377,3.0,1461783846
72,6502,3.5,1461783983
72,6539,3.0,1461783838
72,6711,4.0,1461784616
72,6863,3.0,1461784038
72,6874,3.5,1461783871
72,6934,2.0,1461783970
72,7143,3.0,1461784533
72,7147,3.5,1461783960
72,7153,3.0,1461778706
72,7254,3.0,1461784490
72,7361,3.5,1461783867
72,7438,3.0,1461783898
72,7458,2.5,1461784661
72,7502,3.5,1461784505
72,8644,3.0,1461784473
72,8874,3.0,1461783972
72,8950,3.5,1461784759
72,8961,2.0,1461783887
72,31696,3.0,1461784763
72,33794,3.0,1461783896
72,36529,3.5,1461784702
72,41566,3.0,1461784573
72,44191,3.5,1461784364
72,44195,3.5,1461784711
72,45447,2.5,1461784674
72,46578,3.0,1461783948
72,47610,3.0,1461784566
72,48385,3.0,1461784585
72,48394,3.5,1461783951
72,48516,3.5,1461784370
72,49272,3.0,1461783936
72,50872,4.0,1464722870
72,51255,3.0,1464722875
72,51540,3.0,1464723963
72,51662,3.0,1461783977
72,52281,3.5,1464723975
72,52722,1.5,1464722915
72,52973,2.5,1464722908
72,53000,3.5,1464723971
72,53125,3.0,1464722892
72,53322,2.5,1464723952
72,53519,3.5,1464723990
72,53972,3.0,1464723959
72,53996,2.0,1461784655
72,54001,2.5,1464723939
72,54259,3.0,1464723955
72,54272,3.5,1464722900
72,54286,3.0,1461783945
72,54503,3.0,1461784582
72,54997,3.5,1464723948
72,55247,3.5,1461784515
72,55269,3.5,1464723984
72,55765,3.0,1464723945
72,55820,5.0,1464722872
72,56174,3.0,1464722878
72,56367,4.0,1464722868
72,56757,3.5,1464723967
72,56782,4.0,1461784650
72,58559,3.5,1461778714
72,59315,3.0,1461784352
72,60069,4.0,1461778757
72,61323,3.5,1461784770
72,64957,3.5,1461784524
72,68157,3.5,1461783955
72,68319,2.0,1461784744
72,68358,3.0,1461784013
72,68954,4.0,1461778742
72,69122,2.0,1461784029
72,72998,2.0,1461783938
72,74458,3.0,1461784053
72,79132,3.5,1461778701
72,79702,3.0,1461784665
72,81562,3.5,1461784766
72,81591,3.5,1461784449
72,82459,3.5,1461784739
72,86882,3.5,1461784720
72,88140,3.0,1461784574
72,88744,3.5,1461784563
72,89492,3.5,1461784704
72,89745,2.5,1461784358
72,91529,3.0,1461778763
72,92259,4.0,1461784402
72,94959,4.0,1461784545
72,97752,2.5,1461784734
72,97938,3.0,1461784588
72,99114,3.5,1461778748
72,102445,3.0,1461784567
72,103249,2.5,1461784749
72,104374,3.5,1461784700
72,104841,3.5,1461784437
72,105844,3.5,1461784698
72,106100,3.5,1461784548
72,106920,4.0,1461784455
72,109487,3.5,1461778724
72,112552,3.5,1461784387
72,112852,3.0,1461784379
72,114662,1.0,1461784707
72,115713,3.5,1461784342
72,116797,3.5,1461778744
72,117176,3.5,1461784635
72,122882,4.0,1461778755
72,122886,3.0,1461778642
72,122904,3.0,1461778637
72,122920,3.0,1461778586
72,134130,3.5,1461778626
72,136864,1.0,1461784183
72,139385,3.5,1461784683
72,142488,3.0,1461778632
72,156607,2.0,1461784162
73,1,5.0,1303464840
73,2,2.5,1255595527
73,6,4.5,1337593559
73,10,3.0,1255591764
73,15,2.5,1255593501
73,16,4.0,1255508530
73,19,1.5,1255501766
73,21,3.5,1255597031
73,25,4.5,1337593272
73,31,3.5,1255591860
73,32,5.0,1354676110
73,34,2.5,1255606447
73,36,4.5,1339744008
73,39,4.0,1255505029
73,44,3.0,1255596165
73,47,5.0,1255503386
73,48,2.0,1255608841
73,50,5.0,1255502804
73,60,2.0,1470720095
73,63,3.5,1304411684
73,65,2.0,1255587668
73,69,4.0,1255851405
73,70,3.5,1255596154
73,98,3.0,1406172306
73,101,3.5,1312496282
73,104,2.5,1255843848
73,107,3.0,1255742407
73,110,4.0,1255508598
73,111,3.5,1255502716
73,112,3.5,1348568488
73,145,3.0,1255596442
73,147,4.5,1283940446
73,150,3.5,1286701620
73,153,1.0,1281668214
73,158,2.0,1255608880
73,160,3.0,1255506790
73,163,3.5,1255505013
73,165,3.5,1255608532
73,168,2.5,1256018505
73,169,0.5,1255587428
73,172,3.5,1255503714
73,173,3.0,1255587153
73,175,4.5,1255850905
73,177,3.0,1470720332
73,180,3.5,1255593273
73,185,2.5,1256030057
73,193,3.0,1266049987
73,198,4.0,1406171781
73,208,3.0,1255503373
73,215,5.0,1456039608
73,216,4.0,1304411592
73,223,4.5,1411810971
73,231,3.5,1264835146
73,233,4.0,1406171065
73,235,4.0,1255508717
73,239,3.0,1437711199
73,246,4.5,1255585670
73,247,4.0,1378180010
73,253,3.5,1255506785
73,256,2.5,1369513505
73,258,2.0,1470720392
73,260,4.5,1255508202
73,266,4.0,1398568231
73,267,3.0,1304411765
73,288,3.5,1255844977
73,292,3.0,1255597661
73,293,5.0,1306826434
73,296,5.0,1255502790
73,300,4.0,1290089214
73,316,3.0,1256029728
73,318,5.0,1255502795
73,319,4.0,1260597912
73,322,4.5,1311319243
73,327,2.5,1255849588
73,333,2.0,1255609029
73,337,3.5,1285414310
73,338,3.0,1255593485
73,344,2.0,1255501759
73,349,3.0,1256029720
73,352,3.5,1470720434
73,353,4.0,1255509139
73,356,5.0,1255844449
73,364,5.0,1303464829
73,367,2.0,1255947440
73,368,3.0,1457597096
73,374,2.5,1255597004
73,377,3.0,1256030041
73,380,3.0,1255594331
73,407,3.5,1280749457
73,409,2.5,1255501745
73,410,2.5,1255597090
73,413,2.5,1255596999
73,428,4.0,1311318950
73,431,3.5,1255502945
73,435,2.5,1304412304
73,441,3.5,1255508982
73,442,3.5,1304412090
73,456,4.0,1289377723
73,457,4.0,1261572758
73,466,2.5,1304411724
73,471,4.0,1296460183
73,474,3.5,1255608640
73,480,4.0,1255503366
73,481,3.5,1255507407
73,482,4.0,1429168457
73,485,3.0,1287294447
73,493,4.0,1255503176
73,497,3.5,1255845005
73,500,3.5,1272354528
73,502,3.0,1470720213
73,507,3.5,1470896986
73,508,4.0,1261572653
73,510,0.5,1255593983
73,514,3.5,1470720182
73,520,4.0,1255595145
73,522,3.0,1255850852
73,527,5.0,1255844407
73,541,4.5,1255508022
73,551,3.5,1255844972
73,553,4.0,1311651342
73,555,4.0,1255502930
73,575,3.5,1255596533
73,585,2.5,1470719734
73,586,3.5,1255608112
73,588,5.0,1303464853
73,589,3.0,1255595915
73,590,4.5,1255594321
73,592,4.0,1255504505
73,593,4.5,1281307627
73,594,3.5,1255844780
73,595,4.5,1303464866
73,596,3.5,1255844932
73,597,3.0,1256030046
73,608,4.0,1255502799
73,610,1.5,1398568108
73,628,4.5,1314943073
73,631,3.0,1470720316
73,648,3.0,1255845002
73,653,2.5,1256030164
73,673,3.0,1255506758
73,694,3.0,1470720292
73,704,3.0,1470720380
73,708,2.5,1256018210
73,719,2.5,1422335223
73,733,3.0,1256029754
73,735,4.0,1448953137
73,736,1.5,1255608540
73,737,2.5,1256030591
73,741,4.0,1264405840
73,742,2.5,1470720372
73,745,4.0,1255588345
73,748,3.5,1283940897
73,761,2.5,1470720219
73,778,5.0,1255862403
73,780,3.5,1457596624
73,784,1.0,1255591836
73,785,3.5,1304411666
73,786,2.0,1398568202
73,788,2.5,1255606772
73,799,3.5,1348567967
73,802,3.0,1418785517
73,832,2.5,1256030174
73,849,3.5,1255500962
73,858,5.0,1255584436
73,880,2.5,1255849976
73,904,4.5,1255584412
73,909,4.0,1255608074
73,919,4.0,1315979781
73,924,1.5,1255501638
73,940,4.5,1255501801
73,968,4.0,1255607784
73,1015,3.5,1470720223
73,1020,3.0,1255594607
73,1022,3.5,1303464880
73,1025,3.5,1279948049
73,1027,3.5,1337594349
73,1029,3.0,1256030424
73,1032,3.0,1255595609
73,1033,3.5,1282638702
73,1036,4.5,1255508391
73,1049,3.5,1255743474
73,1059,3.5,1255609078
73,1060,4.0,1255506740
73,1061,4.0,1255947496
73,1080,4.5,1255608654
73,1089,3.5,1255844891
73,1090,5.0,1255506732
73,1093,2.0,1255595979
73,1094,3.5,1411355622
73,1097,4.0,1255504951
73,1101,3.5,1255595920
73,1120,3.5,1255609131
73,1127,4.0,1262660448
73,1129,4.0,1255502910
73,1136,3.0,1255508109
73,1148,4.0,1255588350
73,1185,4.0,1255596971
73,1186,3.5,1280749995
73,1193,4.5,1266581514
73,1194,4.0,1255503156
73,1196,5.0,1255502779
73,1197,5.0,1255506722
73,1198,5.0,1255508049
73,1199,4.5,1428469603
73,1200,5.0,1311651122
73,1201,5.0,1348568040
73,1203,4.5,1255501601
73,1204,5.0,1255504946
73,1206,4.5,1404370293
73,1208,5.0,1255844483
73,1210,5.0,1255508757
73,1213,5.0,1306826464
73,1214,5.0,1326419215
73,1215,4.5,1255502137
73,1218,4.5,1339744073
73,1220,3.5,1270610619
73,1221,5.0,1255585464
73,1222,4.5,1255506723
73,1225,3.0,1255608634
73,1228,4.5,1255587798
73,1240,4.5,1255596621
73,1241,4.0,1464751206
73,1242,3.5,1432525150
73,1245,4.0,1260977284
73,1246,3.5,1256030107
73,1252,4.0,1255502888
73,1255,4.5,1378180019
73,1257,4.0,1296952002
73,1258,4.0,1255502784
73,1259,3.5,1280749968
73,1261,4.5,1268808237
73,1262,4.0,1409452810
73,1263,4.0,1267705648
73,1265,4.0,1255591754
73,1266,4.5,1337593473
73,1270,5.0,1285479373
73,1274,4.5,1302152229
73,1275,4.0,1255845402
73,1282,4.0,1255606220
73,1285,3.5,1312496151
73,1288,2.5,1255587965
73,1291,5.0,1306826403
73,1293,4.5,1255506712
73,1298,1.5,1255591944
73,1299,3.5,1267705570
73,1302,2.0,1255593963
73,1320,3.5,1255501914
73,1321,3.0,1255501035
73,1339,3.0,1255500860
73,1342,3.0,1348567962
73,1343,4.0,1411355614
73,1345,4.0,1255593958
73,1347,3.5,1255844967
73,1350,3.0,1255608055
73,1356,3.5,1437103984
73,1358,4.0,1275964521
73,1359,2.0,1470720209
73,1367,2.5,1470719755
73,1370,3.0,1255502875
73,1372,3.5,1261667770
73,1374,4.0,1350192487
73,1377,3.5,1281668223
73,1380,4.0,1255594430
73,1387,4.0,1255502774
73,1391,3.0,1255591429
73,1393,4.0,1255596358
73,1394,4.0,1296730230
73,1396,4.0,1319337546
73,1405,3.5,1255500918
73,1407,4.0,1464751433
73,1408,3.0,1398567944
73,1438,2.5,1255501084
73,1456,1.0,1255586834
73,1464,3.5,1409205998
73,1466,4.0,1255508548
73,1479,2.5,1255609223
73,1485,3.5,1304411853
73,1499,2.0,1255502015
73,1500,4.0,1369206214
73,1515,3.0,1255843935
73,1517,3.5,1255591360
73,1527,3.5,1255509163
73,1544,3.0,1256030207
73,1552,2.5,1255597293
73,1562,0.5,1255597075
73,1566,4.0,1303464772
73,1573,3.5,1331374345
73,1580,3.0,1255607723
73,1584,3.0,1460517728
73,1587,4.0,1287294418
73,1590,4.5,1406172081
73,1591,3.0,1256028479
73,1595,0.5,1255586362
73,1597,3.5,1255596053
73,1599,1.0,1255589046
73,1603,2.5,1255597219
73,1608,3.5,1255501843
73,1617,4.5,1255844622
73,1625,4.0,1255591424
73,1639,3.5,1311319246
73,1644,1.5,1255849480
73,1645,3.0,1255609000
73,1653,3.5,1295875283
73,1673,4.0,1255508776
73,1674,3.5,1457597070
73,1676,3.0,1255596853
73,1681,1.5,1255507319
73,1682,4.5,1255509032
73,1690,2.0,1255596139
73,1704,4.0,1255502769
73,1707,1.5,1255845284
73,1721,0.5,1256552857
73,1729,3.5,1255502846
73,1732,4.0,1255584591
73,1748,4.0,1354676118
73,1752,2.0,1255593683
73,1753,4.5,1255844646
73,1760,0.5,1255503138
73,1762,3.5,1406172191
73,1777,3.0,1256030295
73,1779,3.0,1257239744
73,1784,4.5,1296951840
73,1785,3.5,1369514567
73,1792,2.5,1255596509
73,1826,1.0,1255588837
73,1840,3.5,1272354630
73,1858,3.0,1470720028
73,1862,1.0,1255589167
73,1876,2.5,1437709517
73,1882,1.0,1255849486
73,1884,3.5,1255594560
73,1909,3.5,1437709512
73,1911,3.0,1411355597
73,1912,4.5,1369206547
73,1916,4.0,1381126672
73,1917,2.0,1255591355
73,1920,2.5,1255596503
73,1923,3.0,1255591350
73,1953,3.5,1272355372
73,1954,4.5,1255506671
73,1961,4.0,1255584855
73,1965,3.5,1431232609
73,1967,5.0,1306826395
73,1968,4.5,1331019382
73,1974,3.5,1255845278
73,1982,4.0,1255591608
73,1991,3.5,1255742786
73,1994,4.0,1464751442
73,1997,4.0,1255502851
73,2000,4.0,1255608727
73,2003,4.5,1262056348
73,2004,4.0,1262056355
73,2005,5.0,1306826463
73,2006,3.0,1437103998
73,2009,4.0,1406171880
73,2011,4.0,1255502841
73,2012,2.5,1255595963
73,2018,4.5,1255584964
73,2021,3.5,1411452543
73,2023,2.5,1255595957
73,2028,4.5,1255844560
73,2033,3.5,1303464933
73,2052,3.5,1470720309
73,2054,3.5,1255608711
73,2058,2.5,1304412471
73,2060,2.5,1304411648
73,2076,4.0,1255503604
73,2078,5.0,1255502836
73,2080,3.5,1378180034
73,2081,3.5,1303464871
73,2082,3.5,1282545301
73,2087,3.5,1255844937
73,2089,3.5,1279948023
73,2090,3.5,1437711085
73,2093,4.0,1406171622
73,2096,3.0,1256027987
73,2105,3.0,1255500870
73,2115,5.0,1306826405
73,2123,4.0,1406171334
73,2124,3.5,1255506668
73,2134,4.0,1261656604
73,2138,4.5,1324634524
73,2139,4.0,1303464923
73,2140,4.0,1456038593
73,2142,3.5,1261656636
73,2143,3.5,1300947005
73,2144,4.5,1364100089
73,2148,3.5,1255844084
73,2150,3.0,1255596126
73,2159,3.0,1418786181
73,2161,3.5,1261656735
73,2164,1.0,1255589018
73,2167,3.0,1256030336
73,2174,4.0,1255591395
73,2193,4.0,1259037014
73,2194,4.0,1255584576
73,2195,3.0,1304411810
73,2231,4.0,1311318965
73,2232,4.0,1267705661
73,2248,3.5,1411876538
73,2252,4.0,1337593722
73,2273,3.5,1348568537
73,2278,4.0,1259040565
73,2288,4.0,1255502833
73,2289,4.0,1267705538
73,2291,3.5,1255593907
73,2294,3.5,1255502070
73,2302,3.0,1255844988
73,2305,4.5,1288697512
73,2315,2.5,1255587644
73,2318,4.5,1430027806
73,2321,3.0,1256030202
73,2324,3.5,1255608781
73,2327,3.5,1441522263
73,2329,4.5,1255501972
73,2335,3.0,1255502470
73,2340,0.5,1256028414
73,2353,2.5,1255742368
73,2355,3.0,1255594309
73,2360,4.0,1430034069
73,2378,3.5,1369513448
73,2387,3.5,1255504073
73,2391,3.5,1454042117
73,2394,3.5,1431234283
73,2395,4.5,1381126595
73,2396,4.0,1255584959
73,2402,3.0,1255593426
73,2403,3.5,1255593420
73,2404,3.0,1255586748
73,2406,3.0,1275964632
73,2409,4.0,1255608040
73,2410,3.0,1255507270
73,2411,3.5,1255844856
73,2412,2.0,1255844835
73,2420,4.5,1255591400
73,2421,4.0,1427170335
73,2422,3.0,1427170376
73,2424,1.5,1255597066
73,2427,4.0,1315969124
73,2428,2.0,1255850016
73,2429,2.0,1255593663
73,2431,4.0,1255608035
73,2451,3.5,1261487007
73,2455,4.0,1266665318
73,2459,4.5,1381045859
73,2460,3.0,1441522359
73,2467,4.5,1369205876
73,2470,3.0,1474615000
73,2490,3.5,1255844950
73,2495,3.5,1274265898
73,2502,4.5,1255508410
73,2528,3.5,1406171915
73,2529,4.5,1406171911
73,2541,2.0,1256030469
73,2542,4.5,1255508246
73,2551,3.0,1469772944
73,2555,1.0,1255586425
73,2560,4.0,1275964192
73,2571,4.5,1282543426
73,2572,3.5,1437709524
73,2580,4.5,1296460015
73,2582,3.0,1427170447
73,2596,4.0,1255844787
73,2599,4.5,1429168678
73,2605,2.0,1256030461
73,2606,3.5,1369514518
73,2617,3.5,1464751460
73,2628,2.5,1255591345
73,2657,2.0,1256944354
73,2671,3.0,1437709506
73,2683,3.0,1255596353
73,2687,4.0,1279948065
73,2692,4.5,1357552985
73,2694,3.0,1255597830
73,2699,3.0,1255502120
73,2700,3.5,1255844776
73,2701,2.0,1255586467
73,2706,3.5,1255501979
73,2707,4.0,1312496216
73,2710,3.5,1255591385
73,2712,4.5,1404370203
73,2713,1.5,1255947627
73,2716,4.5,1282545089
73,2717,3.0,1282545112
73,2720,1.0,1255587084
73,2722,2.5,1472698650
73,2723,3.0,1256019289
73,2724,2.5,1304412607
73,2728,4.0,1411876466
73,2734,3.0,1369513635
73,2746,3.0,1259325836
73,2761,2.5,1257229357
73,2762,4.0,1255508479
73,2770,3.0,1255591390
73,2791,3.5,1255501853
73,2797,3.5,1273043702
73,2798,3.0,1255844915
73,2804,4.0,1255588083
73,2808,2.0,1255596937
73,2841,4.0,1314942833
73,2858,4.5,1255844727
73,2860,3.0,1348568560
73,2862,3.5,1255506106
73,2867,4.0,1303465749
73,2871,4.5,1390127454
73,2872,3.5,1255849777
73,2879,3.5,1348568747
73,2890,3.5,1255509017
73,2900,3.0,1464508137
73,2901,3.5,1456038664
73,2915,3.5,1411355584
73,2916,4.0,1348568388
73,2918,4.5,1296952036
73,2921,4.0,1470985538
73,2924,4.5,1427170200
73,2947,4.0,1369205974
73,2948,4.5,1357552974
73,2951,4.0,1470729030
73,2952,4.0,1431584423
73,2953,2.5,1255849720
73,2959,5.0,1309081686
73,2968,3.5,1432523188
73,2974,1.0,1255586415
73,2985,4.0,1337593255
73,2987,3.5,1255607717
73,2997,4.5,1262056591
73,3006,4.5,1334396063
73,3013,3.5,1406172160
73,3016,4.0,1437710007
73,3018,3.5,1261487189
73,3019,4.0,1475124698
73,3020,4.0,1312496325
73,3033,3.5,1255596722
73,3034,4.5,1303464905
73,3036,4.0,1296730204
73,3052,3.0,1255509153
73,3070,3.0,1337594327
73,3081,2.5,1255503566
73,3082,2.5,1255500985
73,3101,3.5,1256018249
73,3104,4.0,1339743989
73,3108,4.0,1267705250
73,3113,2.5,1474615285
73,3114,4.0,1274265884
73,3146,2.0,1255743364
73,3147,3.5,1257228558
73,3153,4.0,1255606347
73,3160,3.5,1255845019
73,3173,2.5,1255845250
73,3174,4.0,1303466268
73,3175,2.5,1255608868
73,3178,4.0,1255850836
73,3210,3.5,1255508823
73,3213,4.5,1281668156
73,3252,4.0,1267705304
73,3253,3.5,1304411787
73,3254,2.5,1256028073
73,3255,2.5,1255500852
73,3256,3.0,1256030417
73,3263,4.0,1255505507
73,3265,4.0,1331375405
73,3267,3.5,1475124680
73,3273,2.5,1255607878
73,3275,3.5,1255507224
73,3298,4.0,1255504005
73,3300,3.5,1369514944
73,3328,4.5,1355922434
73,3360,3.5,1279948734
73,3361,3.5,1261572674
73,3362,4.0,1255596921
73,3363,4.0,1369513307
73,3424,4.0,1281668274
73,3426,3.5,1255742725
73,3438,3.5,1255592969
73,3439,3.0,1255586543
73,3440,1.5,1255586548
73,3448,3.5,1255597612
73,3471,3.0,1264493967
73,3476,4.0,1264751860
73,3479,4.0,1422335547
73,3481,4.0,1320810501
73,3489,3.5,1255597607
73,3499,4.0,1320810452
73,3527,3.5,1282543451
73,3535,4.5,1395987897
73,3552,4.0,1303466242
73,3554,3.0,1255506079
73,3555,2.0,1255594378
73,3573,0.5,1255588774
73,3574,0.5,1255588780
73,3578,4.0,1255584828
73,3581,4.0,1289045177
73,3593,0.5,1255588769
73,3617,2.5,1255591380
73,3623,2.0,1255608746
73,3671,3.0,1255595938
73,3681,4.5,1470896634
73,3687,3.5,1469772991
73,3688,3.0,1255844919
73,3696,4.0,1466320273
73,3698,4.0,1287294312
73,3702,2.5,1258367323
73,3703,3.5,1258367400
73,3704,3.5,1259389532
73,3706,4.5,1464750953
73,3717,3.5,1370057557
73,3727,3.5,1464751470
73,3728,4.0,1418461988
73,3735,4.0,1343119731
73,3740,3.5,1255596218
73,3745,3.5,1259325859
73,3751,2.0,1255608143
73,3752,2.5,1255594368
73,3753,3.0,1255597273
73,3755,3.0,1255844941
73,3761,4.0,1296459580
73,3785,3.0,1255591794
73,3793,2.5,1255608592
73,3821,1.5,1255608249
73,3826,1.5,1257229260
73,3843,4.0,1435472709
73,3852,3.5,1261573299
73,3861,2.5,1255596214
73,3882,1.5,1255742451
73,3897,4.0,1255859036
73,3916,3.5,1255844895
73,3917,3.0,1262826535
73,3948,4.0,1304411842
73,3949,4.0,1255504813
73,3950,3.5,1312496194
73,3955,3.0,1304411604
73,3961,3.0,1255742998
73,3962,2.5,1255586357
73,3967,3.5,1255849638
73,3970,4.5,1431234143
73,3972,4.0,1427170187
73,3977,2.0,1255608483
73,3979,0.5,1255503033
73,3986,3.0,1369513586
73,3994,2.5,1255596840
73,3996,3.5,1255591337
73,4002,3.0,1257229345
73,4006,4.0,1274265922
73,4007,4.0,1396156423
73,4011,4.5,1255508282
73,4014,4.0,1255584991
73,4015,2.5,1255742448
73,4018,3.0,1255597278
73,4019,3.0,1255845245
73,4022,3.0,1255594363
73,4025,2.5,1256030443
73,4027,4.5,1309414189
73,4034,4.5,1256029491
73,4054,2.0,1255608233
73,4069,1.5,1456038994
73,4085,3.5,1255609092
73,4103,4.5,1283169534
73,4105,4.0,1268808234
73,4128,3.5,1255845024
73,4135,3.5,1437710061
73,4148,3.0,1418462162
73,4214,3.5,1255844881
73,4223,3.5,1255849756
73,4226,4.5,1255508007
73,4232,0.5,1255596198
73,4239,4.5,1255503937
73,4246,2.5,1255608478
73,4255,0.5,1255592082
73,4262,4.0,1255506569
73,4270,2.5,1255596703
73,4275,4.0,1411452469
73,4299,2.5,1256019294
73,4306,4.0,1303464731
73,4308,2.5,1257228611
73,4310,1.0,1255849364
73,4340,2.0,1255845363
73,4343,2.5,1255596208
73,4344,3.5,1255507158
73,4351,4.0,1429168542
73,4361,4.0,1255502625
73,4367,1.5,1257229023
73,4369,5.0,1369515350
73,4370,2.5,1255609063
73,4378,3.5,1255844800
73,4388,2.0,1255596203
73,4415,3.5,1255506563
73,4437,3.5,1457597545
73,4438,4.0,1337593133
73,4441,3.0,1428469574
73,4443,4.0,1457596520
73,4444,4.0,1427170203
73,4447,1.5,1255608385
73,4448,3.5,1456038999
73,4454,3.5,1256944285
73,4467,4.5,1427168121
73,4488,3.5,1370057531
73,4519,5.0,1306826427
73,4533,3.0,1255593845
73,4553,4.5,1441514881
73,4571,3.5,1255596109
73,4577,4.0,1448953321
73,4614,3.5,1427170442
73,4618,3.5,1406172273
73,4619,2.5,1296952145
73,4621,2.0,1255505425
73,4624,4.0,1418462025
73,4638,3.0,1255594496
73,4641,4.0,1282545187
73,4642,4.0,1456039121
73,4643,2.5,1255742990
73,4697,3.5,1448953270
73,4701,3.0,1255845239
73,4713,4.5,1409205919
73,4718,3.0,1255596106
73,4720,3.5,1304411492
73,4728,1.5,1255608222
73,4734,3.0,1255591538
73,4744,1.5,1255594879
73,4775,0.5,1255606781
73,4776,3.5,1255509080
73,4800,4.0,1255505417
73,4816,2.0,1255594188
73,4823,3.0,1255844809
73,4846,4.0,1427170169
73,4848,3.5,1272355409
73,4855,4.0,1352959815
73,4865,3.5,1306826998
73,4873,4.0,1295875347
73,4874,4.0,1259411120
73,4878,4.0,1448953284
73,4886,3.0,1255608487
73,4890,2.5,1255607838
73,4896,3.0,1312496381
73,4899,2.0,1456039352
73,4915,3.5,1331374381
73,4963,3.5,1255844964
73,4974,3.0,1255844032
73,4975,3.5,1272354473
73,4979,4.0,1398567966
73,4980,3.5,1255591532
73,4987,3.0,1406172104
73,4989,3.0,1255504768
73,4993,5.0,1306826438
73,4995,4.5,1255595932
73,5010,4.0,1304412210
73,5014,4.5,1315969212
73,5025,3.0,1256030678
73,5040,3.5,1255592071
73,5055,3.0,1255742674
73,5064,4.0,1264835164
73,5094,0.5,1255586200
73,5103,4.0,1273217119
73,5110,3.0,1255606569
73,5139,3.5,1369514322
73,5146,4.0,1262569280
73,5151,3.0,1256030657
73,5152,3.0,1456039054
73,5159,4.0,1406171597
73,5165,4.0,1441514214
73,5205,3.5,1448953334
73,5210,3.5,1435472845
73,5218,3.0,1304411962
73,5219,3.0,1255844887
73,5244,5.0,1387082402
73,5266,3.5,1448953194
73,5283,3.0,1255593557
73,5294,3.5,1395987921
73,5299,3.0,1460517505
73,5313,2.0,1456039090
73,5329,4.5,1306065234
73,5349,4.0,1348568293
73,5378,3.0,1255591376
73,5388,3.0,1255591889
73,5401,3.0,1304411695
73,5418,3.0,1256017396
73,5445,3.0,1255503508
73,5449,3.0,1255503893
73,5452,1.0,1256030597
73,5459,2.0,1255608382
73,5463,3.0,1456039073
73,5464,3.5,1304412191
73,5481,2.0,1255849610
73,5502,2.5,1255609142
73,5504,0.5,1255742979
73,5507,1.5,1255503888
73,5524,2.0,1456039270
