75,6323,3.5,1143048192
75,6537,3.0,1165607372
75,6820,4.0,1165607099
75,7153,5.0,1143048765
75,7254,4.0,1143048629
75,7361,4.5,1143048967
75,7743,3.0,1143047861
75,8581,4.0,1143048671
75,8638,4.0,1143049061
75,8957,4.5,1143048646
75,8985,3.0,1165607136
75,27788,3.0,1165607299
75,33166,4.5,1143048773
75,33794,4.5,1143048683
75,34319,4.0,1165596823
75,39446,4.0,1165607919
75,42002,4.0,1165596874
75,44397,0.5,1165607897
76,45,5.0,1194384499
76,303,3.0,1194384318
76,531,3.0,1194384313
76,915,4.0,1194384411
76,954,4.0,1194384386
76,1096,4.5,1194384460
76,1185,3.5,1194384373
76,1269,3.5,1194384328
76,1449,4.0,1194384361
76,2020,4.5,1194384299
76,2087,3.5,1194384353
76,2336,4.0,1194384281
76,2948,4.0,1194384341
76,3671,3.5,1194384277
76,3911,4.0,1194384275
76,3988,2.0,1194384399
76,4321,4.5,1194384338
76,44694,4.5,1194384512
76,49530,3.5,1194384470
76,54259,3.5,1194384451
77,1,4.0,1163005363
77,6,3.5,1163252774
77,10,3.0,1183844529
77,32,4.0,1163013349
77,34,3.5,1163253023
77,39,2.5,1163253088
77,47,4.0,1163008777
77,62,3.5,1163252918
77,70,3.5,1163004464
77,76,3.5,1163219726
77,95,1.5,1163253105
77,110,3.5,1163013335
77,111,4.0,1183920234
77,141,3.0,1163253085
77,161,2.0,1183844506
77,163,3.0,1163286142
77,165,2.5,1163082488
77,173,2.5,1163219428
77,185,2.0,1163253082
77,208,3.0,1163253079
77,223,4.5,1163004353
77,231,1.0,1163125859
77,253,2.5,1163259531
77,260,4.0,1163006051
77,288,3.5,1163253117
77,292,2.5,1163252922
77,293,4.0,1163012798
77,296,3.5,1163012801
77,316,4.0,1163082508
77,318,4.0,1163006037
77,329,2.0,1163253047
77,339,2.5,1163253104
77,344,3.0,1163082485
77,349,3.5,1163082500
77,353,4.0,1163219321
77,356,3.5,1163006023
77,364,3.0,1163125780
77,367,3.5,1163219373
77,377,2.5,1163013353
77,380,2.5,1163013344
77,413,1.5,1163286164
77,442,3.0,1163277657
77,457,2.5,1163013330
77,480,3.0,1163006020
77,500,3.0,1183920204
77,541,2.0,1163013198
77,551,4.5,1163005103
77,586,1.5,1183920099
77,587,2.5,1163252886
77,588,3.5,1163082479
77,589,4.0,1163013341
77,590,3.0,1163013339
77,592,3.5,1163006012
77,593,3.0,1163013328
77,595,3.5,1163253015
77,597,2.5,1163253037
77,608,2.0,1183844492
77,648,2.5,1163013368
77,720,3.0,1183512581
77,733,3.0,1163253027
77,736,2.0,1163253163
77,741,4.0,1163079173
77,745,3.0,1183512477
77,750,4.5,1163004390
77,780,3.5,1163005369
77,839,3.0,1163219390
77,849,2.5,1163277702
77,919,4.5,1163004359
77,924,3.5,1183920326
77,1036,3.0,1163253110
77,1073,4.0,1163079436
77,1079,3.5,1163252515
77,1080,4.0,1163004406
77,1097,3.0,1163253049
77,1129,4.0,1163277603
77,1136,4.5,1163012788
77,1148,3.0,1183512491
77,1196,4.5,1163013360
77,1197,4.5,1163125789
77,1198,4.0,1163082497
77,1199,4.0,1163219937
77,1200,4.0,1163252283
77,1206,4.0,1163008790
77,1208,3.5,1183920321
77,1210,4.0,1163006027
77,1214,3.5,1163253113
77,1215,4.5,1163005217
77,1217,3.5,1163013055
77,1220,4.5,1163004386
77,1222,3.5,1163012783
77,1223,3.0,1183512498
77,1240,4.5,1163125801
77,1258,3.0,1163252277
77,1262,4.5,1163915651
77,1265,4.0,1163082678
77,1270,3.5,1163006001
77,1274,3.5,1163219327
77,1278,3.5,1163079424
77,1282,4.5,1163004479
77,1291,4.0,1163079277
77,1321,4.0,1163005225
77,1380,3.0,1163252892
77,1387,3.5,1183920197
77,1393,2.0,1183920089
77,1517,4.0,1163125883
77,1527,4.0,1163125876
77,1552,3.5,1163286102
77,1580,3.5,1163253071
77,1584,1.5,1183920103
77,1591,2.5,1163219409
77,1610,4.0,1163082518
77,1653,3.5,1163277597
77,1676,4.0,1183920299
77,1682,3.5,1163915779
77,1704,3.0,1183844513
77,1721,2.0,1163252930
77,1732,3.5,1163079388
77,1772,2.5,1163269736
77,1779,2.5,1163219656
77,1784,2.5,1183844547
77,1917,2.0,1163286171
77,1923,2.0,1163252812
77,1961,2.5,1163253127
77,1967,4.5,1166027866
77,1968,3.0,1183920347
77,2000,3.5,1183920251
77,2001,3.5,1183920333
77,2005,4.0,1163082649
77,2011,4.0,1183844575
77,2012,3.5,1163286265
77,2021,3.5,1163004544
77,2054,2.5,1163915788
77,2081,3.5,1183920345
77,2105,4.0,1163277609
77,2115,4.0,1163915709
77,2139,4.0,1166027980
77,2140,4.5,1166027880
77,2167,4.0,1163219362
77,2174,4.0,1163005101
77,2275,4.5,1163259483
77,2291,3.5,1163005107
77,2321,4.0,1163738014
77,2355,3.5,1183844537
77,2395,2.0,1163252612
77,2450,3.5,1163219423
77,2502,4.5,1163005196
77,2528,3.5,1163277646
77,2529,3.5,1163277601
77,2541,3.5,1163738035
77,2542,4.5,1163004608
77,2571,4.0,1163079154
77,2599,2.5,1163738031
77,2600,4.0,1184948966
77,2628,1.5,1163006017
77,2640,3.5,1163219366
77,2641,3.0,1163219414
77,2671,2.5,1163252918
77,2683,4.0,1183920219
77,2700,4.0,1183844561
77,2706,3.5,1163125798
77,2709,3.0,1166027951
77,2710,1.0,1183844524
77,2716,4.0,1163253120
77,2762,4.0,1163253062
77,2788,4.0,1163219953
77,2797,3.5,1163125886
77,2808,2.0,1163259854
77,2858,3.0,1163013177
77,2916,3.5,1163125878
77,2918,4.5,1183844565
77,2959,4.0,1163005335
77,2968,4.0,1163004536
77,2985,3.5,1163277606
77,2986,2.5,1163277704
77,2987,3.5,1183920193
77,3000,4.0,1163005456
77,3033,4.0,1163004499
77,3052,4.5,1183920214
77,3070,4.5,1163005080
77,3081,3.0,1163259912
77,3114,3.5,1163082621
77,3147,4.0,1163286260
77,3148,2.5,1163738069
77,3175,3.5,1183920264
77,3196,4.0,1163252250
77,3204,4.0,1163219938
77,3264,3.0,1163259527
77,3275,4.5,1163265784
77,3396,4.0,1166027886
77,3397,3.5,1166027891
77,3398,3.0,1166027895
77,3408,1.5,1183844498
77,3418,0.5,1183920246
77,3421,4.5,1163005031
77,3429,3.0,1183512502
77,3438,2.5,1163219416
77,3439,1.5,1163260803
77,3471,4.0,1183920231
77,3527,4.0,1183920227
77,3578,3.0,1163006008
77,3623,1.5,1163915774
77,3671,4.0,1163079471
77,3702,4.0,1163265859
77,3703,4.0,1163265861
77,3704,3.5,1163265862
77,3751,3.5,1163220288
77,3753,3.5,1183920122
77,3793,4.0,1163004371
77,3882,3.0,1163252840
77,3897,3.0,1163252803
77,3977,3.0,1163125809
77,3994,4.5,1183920274
77,3996,0.5,1163004354
77,4011,4.5,1163004631
77,4027,2.5,1183920127
77,4040,1.0,1163346129
77,4092,2.5,1163277700
77,4246,2.0,1183920136
77,4270,3.0,1166027898
77,4306,3.5,1163125847
77,4446,3.5,1163286177
77,4447,3.5,1163252909
77,4467,4.0,1163219953
77,4499,4.5,1163633273
77,4533,3.5,1163005241
77,4886,4.0,1163082640
77,4896,3.0,1163125785
77,4963,3.0,1183920097
77,4979,2.0,1183844539
77,4993,3.0,1183844467
77,5171,2.0,1163005117
77,5218,4.0,1183920341
77,5254,3.5,1163219308
77,5349,4.0,1163125813
77,5378,1.0,1163386523
77,5445,3.0,1163006045
77,5502,0.5,1183920259
77,5522,4.0,1163277663
77,5618,4.0,1163005522
77,5650,3.5,1163004657
77,5669,0.5,1183511678
77,5782,4.0,1183512622
77,5816,3.0,1163125818
77,5903,4.0,1163277586
77,6093,3.5,1166027993
77,6157,3.0,1163219386
77,6281,3.0,1163219717
77,6303,3.5,1163219638
77,6305,3.0,1163277592
77,6316,3.0,1163005385
77,6333,4.0,1163219317
77,6350,4.0,1163005491
77,6365,3.0,1183844543
77,6377,0.5,1163004453
77,6537,3.5,1183920262
77,6539,4.0,1163082645
77,6541,4.0,1163219402
77,6645,3.0,1163277654
77,6662,3.0,1163346143
77,6755,4.5,1163259669
77,6807,4.0,1163079326
77,6811,4.0,1163286010
77,6874,3.5,1163004488
77,6934,2.5,1183844503
77,7099,4.5,1163005487
77,7143,2.0,1163004783
77,7147,4.0,1163005091
77,7163,3.5,1163219723
77,7236,4.0,1163277648
77,7360,4.0,1163005229
77,7373,4.0,1163219298
77,7387,4.5,1163259811
77,7438,3.5,1163004517
77,7649,4.5,1166028040
77,7708,2.5,1183511703
77,7810,4.0,1166028045
77,7811,4.0,1166028040
77,7812,4.0,1166028010
77,7841,4.0,1163346052
77,7842,4.0,1163346050
77,8157,4.0,1163012825
77,8368,3.0,1183844570
77,8537,4.0,1163260633
77,8622,0.5,1183511682
77,8636,4.0,1163219319
77,8644,2.0,1183920174
77,8665,4.0,1183844557
77,8874,4.5,1163259824
77,8958,3.5,1163252803
77,8961,4.0,1163125836
77,26492,3.5,1183511991
77,26700,2.0,1183511757
77,27685,1.0,1163219241
77,27831,4.0,1163004633
77,31150,3.5,1183511779
77,31221,2.5,1163219395
77,31658,4.0,1163005497
77,31878,3.5,1163013078
77,32587,4.5,1163006062
77,33493,3.0,1163386501
77,33794,4.0,1163013182
77,34319,2.0,1163286160
77,34405,4.5,1163008703
77,36708,3.5,1163079317
77,37729,4.0,1163259890
77,37857,4.0,1163219907
77,38038,3.5,1163220283
77,40732,2.5,1163005991
77,40819,4.0,1163737974
77,44191,4.5,1163006072
77,45499,3.5,1163125866
77,45722,4.0,1183511846
77,47423,0.5,1163005434
77,47518,4.0,1163286001
77,53894,0.5,1183511648
78,2,3.5,1274051069
78,10,5.0,1274050854
78,16,5.0,1344470037
78,32,5.0,1274050782
78,34,3.5,1344469842
78,39,5.0,1274050940
78,47,4.0,1344469790
78,50,5.0,1274051508
78,110,1.5,1274050758
78,111,3.5,1274050991
78,141,4.0,1274050945
78,150,3.5,1327289203
78,172,5.0,1274046007
78,185,4.5,1274050942
78,193,5.0,1344470407
78,223,4.5,1274051011
78,253,5.0,1274050895
78,260,5.0,1274050755
78,296,4.5,1274050741
78,316,4.0,1274050827
78,318,5.0,1274050752
78,329,5.0,1274050869
78,345,4.5,1327288678
78,349,4.5,1274051738
78,356,5.0,1274050745
78,364,3.5,1274050816
78,377,4.5,1274050797
78,480,3.5,1274050750
78,500,4.0,1274050831
78,508,4.0,1328636541
78,540,4.0,1344470455
78,588,3.5,1274050785
78,589,5.0,1274050763
78,593,4.5,1274050748
78,648,5.0,1274050801
78,736,4.5,1274050821
78,778,4.5,1274051080
78,780,4.0,1274050766
78,788,3.5,1327289197
78,858,4.5,1327288505
78,919,3.5,1274051063
78,924,2.0,1274051008
78,1059,4.5,1274046035
78,1089,1.0,1274050989
78,1094,4.0,1345676388
78,1097,3.5,1274050843
78,1136,3.0,1274050885
78,1196,4.0,1274050792
78,1200,4.5,1274050964
78,1206,2.5,1327288495
78,1208,5.0,1274051079
78,1210,4.0,1274050770
78,1213,4.5,1274050993
78,1214,3.5,1274050904
78,1222,5.0,1327062981
78,1240,4.0,1274050852
78,1265,2.0,1274050876
78,1270,4.5,1274050805
78,1293,5.0,1344470536
78,1320,3.5,1345676342
78,1345,4.0,1327288652
78,1356,5.0,1274051262
78,1371,4.0,1344470332
78,1374,4.0,1344470035
78,1375,5.0,1327289353
78,1376,3.0,1274045997
78,1407,4.5,1344469958
78,1513,4.0,1274046052
78,1517,3.0,1274051802
78,1527,4.0,1274050950
78,1552,4.0,1344470497
78,1580,2.5,1344469730
78,1584,5.0,1274051255
78,1586,3.5,1274046079
78,1610,5.0,1274051089
78,1625,5.0,1344469988
78,1644,4.5,1327288610
78,1676,5.0,1344469919
78,1680,5.0,1356219742
78,1682,3.5,1274051084
78,1690,4.0,1344470446
78,1704,5.0,1274050948
78,1717,5.0,1327289341
78,1721,4.0,1274050845
78,1722,4.5,1344470107
78,1732,5.0,1344469830
78,1747,4.0,1274046023
78,1805,5.0,1274046061
78,1876,5.0,1327288604
78,1917,4.5,1274051067
78,1923,1.5,1274050974
78,1968,5.0,1274051253
78,1997,4.0,1344470116
78,2011,4.5,1344469836
78,2012,4.0,1274051275
78,2028,2.5,1274050826
78,2107,3.0,1344470388
78,2174,4.0,1344469948
78,2231,4.5,1344470322
78,2297,4.0,1274046142
78,2329,5.0,1274052026
78,2334,5.0,1328046149
78,2336,5.0,1274046041
78,2353,5.0,1328046208
78,2393,4.0,1344470328
78,2394,4.0,1274046086
78,2541,5.0,1327288596
78,2542,4.5,1274051581
78,2571,5.0,1274050787
78,2617,5.0,1327289320
78,2628,5.0,1274050865
78,2657,2.0,1274046002
78,2683,3.5,1274050967
78,2700,5.0,1344469934
78,2706,5.0,1274051060
78,2710,5.0,1274051281
78,2858,4.5,1274050793
78,2908,5.0,1327288635
78,2916,4.0,1274051279
78,2947,5.0,1345676411
78,2959,5.0,1274050848
78,2987,4.0,1344469750
78,2995,2.5,1274046172
78,3052,4.0,1344469913
78,3077,5.0,1344470523
78,3082,4.5,1344470341
78,3147,4.5,1274051797
78,3256,4.0,1344470469
78,3273,5.0,1327288628
78,3298,4.0,1274051897
78,3386,5.0,1327289236
78,3418,5.0,1327288622
78,3504,3.5,1274046121
78,3556,3.0,1344470577
78,3578,5.0,1274050886
78,3617,4.5,1344470313
78,3623,5.0,1327288585
78,3753,5.0,1344469943
78,3755,3.0,1327289233
78,3785,5.0,1327289228
78,3793,4.0,1274050970
78,3897,4.0,1274051784
78,3908,4.5,1344530161
78,3949,5.0,1327063029
78,3967,3.5,1344472522
78,3977,3.5,1344469805
78,3979,4.0,1344471126
78,3986,4.0,1333307515
78,3994,3.5,1327288577
78,3996,4.5,1274050983
78,4007,5.0,1344470392
78,4011,5.0,1274051829
78,4015,3.5,1344470351
78,4018,3.5,1344470343
78,4022,3.5,1327288572
78,4025,5.0,1327288563
78,4128,5.0,1274051637
78,4226,5.0,1274050984
78,4239,5.0,1327288556
78,4270,5.0,1327288550
78,4306,1.5,1274050890
78,4308,4.5,1344469968
78,4367,5.0,1344470491
78,4369,4.5,1344470449
78,4370,4.5,1344470026
78,4388,5.0,1344470349
78,4446,4.5,1274046093
78,4641,5.0,1356229145
78,4643,5.0,1327288541
78,4718,4.5,1344470443
78,4744,3.5,1344530365
78,4878,4.0,1274051518
78,4896,2.5,1274051757
78,4973,5.0,1327063019
78,4974,5.0,1333307847
78,4993,4.5,1274050863
78,4995,4.5,1274051748
78,5010,4.0,1344470040
78,5219,4.5,1344470309
78,5378,5.0,1274051759
78,5418,5.0,1274051563
78,5445,4.5,1274051086
78,5463,3.5,1344530435
78,5502,4.5,1344470149
78,5669,5.0,1344469825
78,5693,4.0,1274046191
78,5784,2.5,1344530420
78,5872,5.0,1344530381
78,5952,5.0,1274050908
78,5989,4.5,1274051712
78,5992,4.0,1328636458
78,6016,5.0,1327062972
78,6058,4.5,1333307553
78,6365,5.0,1274051783
78,6377,3.0,1274051715
78,6502,5.0,1327288534
78,6537,3.5,1327288529
78,6539,3.0,1274051268
78,6552,4.0,1346672082
78,6564,4.5,1344470357
78,6793,4.0,1344518331
78,6796,4.0,1274052032
78,6874,4.0,1274051752
78,6888,5.0,1327288739
78,6934,5.0,1274051798
78,6979,5.0,1274051633
78,7153,5.0,1274050980
78,7254,4.0,1344470121
78,7323,4.0,1344470372
78,7438,4.0,1274051794
78,7458,5.0,1344470476
78,7566,5.0,1344470545
78,8361,4.5,1327288726
78,8368,3.5,1274051780
78,8464,3.5,1327288523
78,8533,5.0,1344518494
78,8622,5.0,1327289219
78,8644,5.0,1344469996
78,8665,5.0,1274051848
78,8861,5.0,1327288720
78,8874,4.0,1344469894
78,8947,3.5,1344530363
78,8972,3.5,1344530371
78,26614,5.0,1327063041
78,26712,5.0,1344518298
78,27831,4.5,1327288715
78,33166,5.0,1328651648
78,33493,5.0,1274051716
78,33794,4.0,1327063058
78,34048,2.0,1345676370
78,36529,5.0,1327288988
78,38499,5.0,1328636442
78,39183,5.0,1328636566
78,40815,3.5,1274051816
78,43679,4.5,1344470539
78,44191,3.5,1274051721
78,44555,4.5,1327063006
78,46335,4.5,1363462225
78,46723,5.0,1344470740
78,48774,4.0,1327289209
78,49272,3.5,1344469724
78,50658,5.0,1344518302
78,50740,5.0,1344518809
78,50742,5.0,1344518317
78,51662,5.0,1274051823
78,51935,5.0,1328046198
78,52767,5.0,1344518294
78,52952,5.0,1344470834
78,54001,4.0,1344470126
78,54272,4.5,1344470065
78,54286,5.0,1274051523
78,56174,4.5,1327288700
78,58559,5.0,1274051773
78,65130,5.0,1327063126
78,68358,4.0,1344469772
78,69757,4.0,1344529892
78,70678,4.5,1358634080
78,72998,5.0,1274051746
78,79132,4.5,1327062958
78,81834,4.5,1344470051
78,88125,4.5,1344469820
78,88129,4.0,1344470072
78,97673,4.5,1352920811
79,1,2.0,1182994648
79,2,2.5,1182994926
79,7,0.5,1182995062
79,150,2.5,1182994636
79,260,3.0,1182994622
79,344,2.0,1182994728
79,356,4.0,1182994610
79,367,2.5,1182994765
79,468,0.5,1182555848
79,480,3.0,1182994616
79,519,2.0,1182556000
79,587,2.5,1182994781
79,588,2.5,1182994717
79,592,2.5,1182994627
79,648,2.5,1182994732
79,736,3.0,1182994756
79,778,3.0,1182994965
79,780,2.5,1182994653
79,924,2.0,1182994899
79,1097,3.0,1182994775
79,1101,2.5,1182994952
79,1196,3.0,1182994723
79,1210,3.0,1182994711
79,1291,2.5,1182994818
79,1517,0.5,1182994912
79,1580,3.0,1182994786
79,1721,2.5,1182994791
79,1917,2.5,1182994945
79,2013,2.5,1182555959
79,2150,0.5,1182555847
79,2422,2.0,1182556054
79,2571,3.0,1182994750
79,2628,3.0,1182994807
79,2640,2.5,1182995057
79,2641,2.5,1182555876
79,2683,0.5,1182994878
79,2918,3.5,1182994972
79,3478,3.0,1182556148
79,3578,3.0,1182994834
79,3697,2.0,1182555991
79,3702,2.5,1182555869
79,3793,3.0,1182994903
79,3864,2.5,1182556240
79,4306,3.0,1182994861
79,4886,3.0,1182995029
79,4993,3.0,1182994849
79,5349,3.0,1182995072
79,5952,3.0,1182994884
79,6539,2.5,1182995104
79,7153,3.0,1182995012
79,32031,3.5,1182556308
79,39292,3.0,1182556130
79,42738,2.5,1182556378
79,45081,2.0,1182556482
79,49530,3.5,1182556320
80,2,2.0,844860022
80,6,4.0,844860041
80,7,4.0,844860107
80,10,3.0,844860003
80,16,5.0,844860062
80,20,1.0,844860151
80,21,4.0,844860003
80,25,4.0,844860041
80,32,5.0,844860003
80,45,4.0,844860062
80,46,3.0,844860173
80,50,3.0,844860003
80,73,5.0,844860517
80,89,3.0,844860250
80,93,1.0,844860173
80,95,2.0,844860022
80,100,2.0,844860266
80,105,3.0,844860062
80,112,4.0,844860085
80,141,3.0,844860022
80,156,5.0,844861440
80,191,2.0,844860215
80,608,5.0,844860062
80,610,3.0,844860085
80,616,4.0,844860085
80,661,4.0,844860198
80,671,4.0,844860496
80,745,5.0,844861413
80,762,2.0,844860250
80,778,5.0,844860215
80,780,4.0,844860041
80,783,5.0,844860173
80,800,5.0,844861413
80,802,3.0,844860198
80,805,4.0,844860266
80,1084,4.0,844861019
80,1104,4.0,844861019
81,111,4.0,1307172367
81,154,4.0,1307169402
81,190,3.0,1307179969
81,306,4.0,1307174799
81,308,3.5,1307172938
81,318,3.0,1307171149
81,495,3.5,1307173087
81,509,3.0,1307173089
81,549,4.5,1307172985
81,668,5.0,1307174641
81,750,4.0,1307171452
81,872,5.0,1307172386
81,899,3.5,1307169236
81,903,4.0,1307172383
81,904,4.0,1307172343
81,910,5.0,1307178610
81,922,5.0,1307180667
81,924,4.0,1307171594
81,1132,3.0,1307178475
81,1136,3.5,1307178724
81,1173,4.5,1307173047
81,1176,4.0,1307174899
81,1199,4.5,1307180625
81,1201,3.5,1307175182
81,1206,4.0,1307172416
81,1213,3.0,1307178374
81,1219,4.0,1307172330
81,1222,4.0,1307178462
81,1230,4.0,1307172514
81,1232,4.5,1307172080
81,1251,4.5,1307169415
81,1258,4.0,1307178606
81,1295,3.5,1307172085
81,1298,4.0,1307180587
81,1339,1.5,1307169246
81,1719,4.5,1307172493
81,1913,3.0,1307178387
81,1921,4.0,1307180647
81,2010,5.0,1307174910
81,2068,5.0,1307171800
81,2131,4.0,1307171603
81,2424,2.0,1307169218
81,2551,4.0,1307180591
81,2673,4.5,1307179973
81,2712,4.5,1307180643
81,2730,4.0,1307179936
81,2959,4.0,1307180621
81,2997,4.0,1307172282
81,3000,4.5,1307172475
81,3083,4.0,1307169335
81,3160,4.0,1307179945
81,3415,5.0,1307172071
81,3578,3.5,1307173783
81,3637,4.0,1307179942
81,3788,4.5,1307171554
81,3814,5.0,1307171816
81,3910,4.5,1307169357
81,3925,4.0,1307180690
81,3949,4.0,1307172357
81,3967,3.0,1307169275
81,3993,4.0,1307169422
81,3996,4.0,1307180985
81,4144,4.0,1307172241
81,4271,5.0,1307174778
81,4312,4.0,1307179931
81,4334,4.5,1307171682
81,4422,4.5,1307171518
81,4437,4.0,1307173092
81,4470,4.5,1307171511
81,4658,5.0,1307172034
81,4848,4.0,1307180444
81,4878,2.0,1307180653
81,4928,3.0,1307171489
81,5028,5.0,1307172908
81,5105,3.0,1307171929
81,5147,4.0,1307171418
81,5269,4.5,1307172978
81,5530,2.5,1307169545
81,5618,4.0,1307172369
81,5668,2.5,1307169589
81,5686,4.0,1307173060
81,5971,4.5,1307172197
81,6123,4.5,1307171746
81,6214,3.5,1307180611
81,6301,2.5,1307169608
81,6440,4.5,1307180639
81,6509,4.0,1307171598
81,6641,4.5,1307173663
81,6643,4.0,1307171752
81,6666,4.0,1307171631
81,6711,4.0,1307172319
81,6807,5.0,1307173007
81,6993,5.0,1307172238
81,7172,4.0,1307179979
81,7265,3.5,1307180420
81,7323,4.0,1307172433
81,7327,4.0,1307171479
81,7361,4.0,1307172154
81,7460,4.0,1307180598
81,7564,5.0,1307174689
81,7574,5.0,1307172961
81,7786,3.5,1307178465
81,7820,4.0,1307171686
81,7938,4.0,1307171420
81,7979,4.5,1307178330
81,8014,3.5,1307175022
81,8199,4.5,1307171680
81,8239,5.0,1307171842
81,8327,4.0,1307179983
81,8338,4.5,1307171907
81,8367,4.0,1307173075
81,8485,4.0,1307178208
81,8533,2.5,1307177440
81,8638,5.0,1307172225
81,8983,4.0,1307180990
81,26150,5.0,1307172805
81,26228,4.0,1307172101
81,26258,5.0,1307171878
81,26318,4.5,1307180149
81,26326,4.5,1307180746
81,26578,5.0,1307172863
81,26662,4.0,1307172450
81,31437,4.0,1307171367
81,31524,4.0,1307180847
81,31930,4.0,1307180362
81,36276,4.0,1307174858
81,37731,3.0,1307177412
81,40491,4.5,1307171356
81,43899,3.0,1307178303
81,44694,3.0,1307172173
81,45000,4.0,1307180335
81,47274,4.0,1307172325
81,47610,2.5,1307177426
81,48043,3.5,1307180145
81,48165,4.0,1307172130
81,52528,4.0,1307172373
81,52617,5.0,1307173112
81,52885,4.0,1307180141
81,53447,3.5,1307173098
81,56782,4.0,1307178621
81,58425,4.5,1307172311
81,60950,3.0,1307169533
81,61206,4.5,1307173763
81,64701,4.0,1307172454
81,65130,4.0,1307180134
81,68137,2.0,1307180237
81,68967,4.0,1307172169
81,69516,4.0,1307180694
81,69757,2.0,1307169383
81,71108,4.0,1307171589
81,71438,3.5,1307175227
81,72998,3.0,1307177375
81,73344,4.0,1307172203
81,78836,4.0,1307171458
81,79132,3.0,1307180634
81,80463,3.0,1307172215
81,81054,4.0,1307180849
81,81591,2.5,1307172182
81,81786,4.0,1307171915
81,82459,3.5,1307172379
82,10,3.0,835973445
82,21,3.0,835973471
82,34,5.0,835973471
82,39,5.0,835973488
82,47,5.0,835973458
82,50,4.0,835973488
82,110,5.0,835973458
82,150,4.0,835973379
82,153,3.0,835973398
82,160,2.0,835973504
82,165,3.0,835973398
82,208,3.0,835973445
82,231,4.0,835973419
82,253,5.0,835973445
82,266,4.0,835973504
82,288,3.0,835973458
82,292,3.0,835973431
82,296,5.0,835973380
82,300,4.0,835973458
82,316,2.0,835973419
82,318,5.0,835973419
82,329,2.0,835973418
82,339,4.0,835973431
82,344,3.0,835973398
82,356,5.0,835973504
82,364,4.0,835973488
82,367,3.0,835973504
82,380,3.0,835973380
82,410,3.0,835973458
82,420,1.0,835973488
82,434,3.0,835973431
82,435,3.0,835973504
82,454,3.0,835973488
82,457,3.0,835973445
82,588,4.0,835973398
82,590,4.0,835973379
82,592,3.0,835973379
82,593,4.0,835973430
82,595,5.0,835973419
83,6,5.0,1156206916
83,21,1.0,1156206448
83,39,4.0,1156207541
83,50,5.0,1156205258
83,69,3.5,1156207469
83,101,3.5,1156206709
83,141,4.0,1156207607
83,150,5.0,1156206932
83,151,0.5,1156205069
83,205,4.0,1156207528
83,224,4.0,1156205399
83,235,4.5,1156207393
83,266,5.0,1156205395
83,272,4.5,1156206432
83,351,3.5,1156205656
83,356,4.0,1156207431
83,370,4.0,1156205062
83,377,2.5,1156205254
83,441,4.0,1156207404
83,480,3.5,1156205241
83,514,4.0,1156205644
83,532,3.5,1156205647
83,608,4.5,1156206584
83,663,5.0,1156207579
83,750,5.0,1156205385
83,778,4.0,1156206735
83,799,3.5,1156207536
83,904,4.5,1156205103
83,908,4.5,1156205036
83,923,4.5,1156205382
83,1060,5.0,1156206581
83,1077,4.5,1156206305
83,1078,4.0,1156205621
83,1197,5.0,1156206554
83,1208,5.0,1156205372
83,1210,5.0,1156205236
83,1230,5.0,1156205012
83,1233,5.0,1156205366
83,1240,3.0,1156205231
83,1247,4.5,1156206232
83,1257,5.0,1156205603
83,1259,4.5,1156206569
83,1265,4.5,1156206193
83,1270,4.0,1156206651
83,1276,5.0,1156205360
83,1278,5.0,1156205116
83,1288,4.5,1156205079
83,1348,4.0,1156205597
83,1358,0.5,1156205108
83,1394,5.0,1156206678
83,1476,5.0,1156207561
83,1500,5.0,1156205057
83,1590,5.0,1156205586
83,1639,4.5,1156207452
83,1653,5.0,1156205019
83,1732,5.0,1156205355
83,1747,4.0,1156207505
83,1777,4.5,1156207576
83,1799,5.0,1156207007
83,1917,2.0,1156205343
83,1920,0.5,1156205568
83,1923,2.0,1156206976
83,1961,5.0,1156205341
83,2000,1.5,1156205337
83,2109,3.5,1156205560
83,2155,4.0,1156207519
83,2291,5.0,1156207407
83,2300,4.0,1156206206
83,2302,4.0,1156207465
83,2324,4.0,1156207385
83,2359,4.0,1156206335
83,2371,3.5,1156205549
83,2395,5.0,1156207378
83,2406,4.0,1156205072
83,2502,5.0,1156205066
83,2571,1.0,1156205227
83,2599,4.0,1156205050
83,2700,4.5,1156205318
83,2716,4.0,1156206687
83,2791,5.0,1156205315
83,2795,5.0,1156206643
83,2804,4.5,1156206109
83,2858,4.0,1156206557
83,2863,4.0,1156206361
83,2918,5.0,1156206548
83,2997,5.0,1156206640
83,3022,4.5,1156206330
83,3033,4.0,1156205312
83,3037,4.0,1156206276
83,3044,4.0,1156206983
83,3087,3.5,1156205522
83,3114,4.0,1156205304
83,3160,0.5,1156205302
