111,224,5.0,1098373536
111,231,0.5,1097431412
111,253,3.5,1097430507
111,260,4.0,1097429700
111,292,3.5,1097432320
111,296,4.5,1097429606
111,300,3.5,1097432375
111,318,4.0,1097429677
111,327,3.0,1097514606
111,339,4.0,1097432349
111,344,3.0,1097430518
111,345,2.0,1097429176
111,353,3.0,1097514380
111,356,3.5,1097429651
111,364,3.5,1098045314
111,367,2.0,1097432326
111,368,4.5,1097432453
111,372,3.5,1097431682
111,377,3.5,1097429767
111,380,4.5,1097429708
111,440,4.0,1097432399
111,454,2.5,1097432334
111,457,4.0,1097429686
111,480,3.5,1097429669
111,497,4.0,1097431077
111,508,3.5,1097430883
111,527,4.0,1097429740
111,539,3.0,1097432336
111,541,3.5,1097430881
111,542,3.5,1098044819
111,551,1.0,1097430889
111,552,3.5,1097429406
111,586,3.0,1097432380
111,587,1.5,1097432330
111,588,2.5,1097429297
111,589,4.5,1097429719
111,592,4.0,1097429732
111,593,4.0,1097429638
111,595,3.0,1097432294
111,597,3.0,1097430856
111,608,5.0,1097429759
111,647,2.5,1097429228
111,648,3.5,1097432291
111,708,4.0,1097429411
111,733,3.5,1097432312
111,778,4.0,1097431399
111,783,1.5,1097429183
111,800,4.0,1097514629
111,802,2.5,1097429387
111,839,4.0,1097431115
111,851,3.0,1097514893
111,852,3.5,1097429385
111,920,4.0,1097430847
111,932,5.0,1097431310
111,1013,4.5,1098044811
111,1022,4.0,1098044804
111,1036,4.0,1098374024
111,1047,3.0,1097429251
111,1073,4.5,1097432352
111,1080,3.5,1097429373
111,1088,3.5,1097431651
111,1089,4.0,1097429390
111,1101,4.0,1097429367
111,1104,3.0,1097431125
111,1127,4.0,1097429377
111,1136,4.0,1097430860
111,1183,2.5,1097432456
111,1196,4.5,1097432302
111,1197,4.5,1097432365
111,1198,4.5,1097432308
111,1210,4.0,1097429301
111,1220,4.5,1097438364
111,1231,4.0,1098373619
111,1234,3.5,1097429355
111,1240,4.5,1097432389
111,1265,3.0,1097431418
111,1270,4.5,1097430850
111,1291,5.0,1097430510
111,1297,4.0,1097431648
111,1307,3.5,1097432420
111,1333,3.0,1098044795
111,1391,3.5,1097431623
111,1393,3.5,1097431420
111,1408,4.5,1097431081
111,1460,4.0,1097431952
111,1517,4.0,1097432482
111,1527,3.0,1097432450
111,1541,3.5,1098373835
111,1544,1.5,1097431619
111,1580,4.0,1097430678
111,1584,3.5,1097429361
111,1593,3.5,1097514793
111,1608,3.0,1097431614
111,1610,4.0,1098373983
111,1617,4.0,1097430708
111,1639,4.0,1097431610
111,1648,3.5,1097514816
111,1653,3.5,1097429351
111,1658,4.0,1097514776
111,1682,3.0,1098044660
111,1688,4.0,1097514591
111,1704,4.0,1097430685
111,1721,1.5,1097429349
111,1747,1.5,1097429237
111,1760,2.5,1097431968
111,1777,4.5,1097429222
111,1784,1.0,1097430687
111,1797,4.5,1097429836
111,1799,3.5,1097431959
111,1804,3.0,1098373801
111,1863,3.0,1097432240
111,1888,3.0,1097431606
111,1912,3.5,1098374434
111,1917,2.5,1097429293
111,1921,2.5,1097431602
111,1923,3.5,1097429320
111,1943,3.5,1097430719
111,1961,3.5,1098373990
111,1967,4.0,1097514579
111,1968,4.0,1097432441
111,2014,3.5,1097514936
111,2038,4.5,1097431289
111,2046,3.5,1098374461
111,2059,3.0,1098373776
111,2081,2.5,1097429187
111,2100,4.0,1098374452
111,2106,3.5,1097514940
111,2115,3.5,1098045265
111,2125,3.5,1097431564
111,2133,4.0,1097431098
111,2134,3.5,1097431577
111,2153,2.0,1097431941
111,2174,4.0,1097431570
111,2249,4.0,1097438356
111,2252,2.5,1097514906
111,2321,1.5,1097429203
111,2324,4.0,1097429317
111,2330,5.0,1097437092
111,2380,3.0,1098373766
111,2395,3.5,1098374417
111,2396,4.0,1097432382
111,2432,3.5,1097514883
111,2447,3.0,1097431925
111,2470,3.5,1098373592
111,2478,4.0,1097431568
111,2502,4.5,1097438248
111,2541,4.0,1098044728
111,2558,2.5,1098373755
111,2563,4.5,1098373745
111,2571,5.0,1097430682
111,2572,4.5,1097430545
111,2594,1.5,1097431911
111,2598,4.0,1097431549
111,2599,4.5,1098374393
111,2605,2.5,1098044731
111,2616,3.0,1098044735
111,2628,2.5,1097432395
111,2657,4.5,1097431559
111,2671,3.5,1098374402
111,2683,1.5,1097432489
111,2692,5.0,1097431071
111,2706,3.0,1097430705
111,2712,1.0,1097429310
111,2716,4.5,1097430655
111,2723,3.5,1097431536
111,2770,1.0,1097429213
111,2791,4.0,1097514500
111,2797,4.0,1098374372
111,2846,4.5,1098735274
111,2858,4.0,1097432316
111,2877,3.5,1097514822
111,2890,3.5,1097431519
111,2916,4.0,1097430665
111,2918,4.5,1098735255
111,2953,3.0,1097431523
111,2959,5.0,1097429287
111,2997,3.0,1097432427
111,3004,3.0,1097431882
111,3006,4.5,1098374376
111,3033,5.0,1097429547
111,3060,4.0,1098044718
111,3087,4.5,1098374343
111,3098,4.0,1098374355
111,3114,3.5,1098374333
111,3160,0.5,1097429253
111,3173,3.5,1098044715
111,3210,3.0,1097429526
111,3247,3.5,1097429513
111,3252,3.0,1098373553
111,3253,4.5,1097429219
111,3254,4.0,1098373508
111,3255,4.5,1097431096
111,3257,1.0,1097429530
111,3261,3.5,1097429519
111,3270,4.0,1097432224
111,3273,2.5,1098374329
111,3298,2.5,1098374337
111,3317,3.5,1097431498
111,3360,4.0,1097438321
111,3361,4.0,1097431509
111,3418,3.5,1097429206
111,3421,4.0,1098374307
111,3448,3.5,1097429533
111,3476,4.5,1097429539
111,3481,3.5,1097431490
111,3526,3.5,1097429535
111,3534,1.0,1097429517
111,3578,3.5,1097432437
111,3608,3.5,1098374299
111,3698,3.5,1098373571
111,3712,3.5,1097514909
111,3753,2.0,1098374296
111,3783,4.5,1097514745
111,3791,4.0,1097514650
111,3825,3.5,1097431843
111,3835,2.5,1098045068
111,3852,3.5,1097514767
111,3882,4.5,1097431838
111,3893,3.0,1097431503
111,3897,3.5,1097431493
111,3911,3.5,1098374191
111,3915,4.5,1099603600
111,3948,4.0,1098044690
111,3967,3.5,1098374196
111,3968,2.5,1097514553
111,3994,0.5,1097431467
111,4011,4.5,1098374209
111,4014,4.5,1098374184
111,4017,3.5,1097514787
111,4027,5.0,1097430515
111,4034,4.0,1097429322
111,4052,2.5,1097514663
111,4121,3.5,1098044698
111,4130,3.0,1097432186
111,4132,2.5,1097514666
111,4161,4.0,1098374183
111,4219,4.0,1097431364
111,4221,4.0,1097438330
111,4226,4.5,1097429324
111,4228,3.5,1097431823
111,4231,4.0,1098373713
111,4246,4.5,1097429490
111,4299,3.5,1098044693
111,4304,3.5,1097436698
111,4308,4.0,1098374167
111,4310,2.5,1098374158
111,4321,3.5,1097431477
111,4322,4.5,1097431827
111,4344,2.5,1097514531
111,4351,3.5,1097431817
111,4357,5.0,1097430670
111,4367,2.5,1098374154
111,4447,5.0,1097429482
111,4545,3.5,1097431810
111,4600,4.0,1097432158
111,4623,4.0,1097432234
111,4677,4.5,1097514916
111,4700,3.0,1097514898
111,4734,2.5,1097431464
111,4757,3.5,1097514657
111,4776,2.0,1098374142
111,4816,4.0,1097514550
111,4823,3.0,1097431797
111,4844,3.0,1097514862
111,4901,5.0,1098374109
111,4954,2.5,1098045051
111,4963,4.5,1097429464
111,4973,5.0,1098374097
111,4975,1.5,1097431446
111,4979,4.0,1097429466
111,4980,1.5,1097430574
111,4992,3.0,1097514874
111,4993,4.0,1098374083
111,5013,4.0,1098374091
111,5055,4.0,1097430563
111,5255,3.0,1097432135
111,5283,3.5,1098045039
111,5308,3.5,1097514754
111,5349,4.0,1097430966
111,5377,4.0,1097430970
111,5418,3.5,1098045419
111,5438,3.5,1097432127
111,5481,3.0,1097432492
111,5505,4.0,1097514913
111,5524,4.0,1097432212
111,5528,4.0,1097437328
111,5620,4.0,1097514837
111,5673,4.0,1098044666
111,5816,3.0,1098373561
111,5829,3.0,1097514681
111,5902,1.5,1097429446
111,5952,4.5,1098374060
111,5957,3.0,1098045033
111,5961,3.0,1097436615
111,5991,3.5,1097429453
111,6183,4.0,1097432112
111,6299,4.0,1097436714
111,6375,4.5,1097436630
111,6377,3.5,1098374066
111,6378,4.0,1098044670
111,6480,4.5,1097438343
111,6502,4.0,1097431764
111,6537,2.0,1098044676
111,6638,3.5,1097432077
111,6744,3.0,1097432100
111,6811,4.0,1097432268
111,6850,3.0,1097432064
111,6942,4.0,1097431710
111,6974,4.0,1097432048
111,7101,3.5,1097432030
111,7153,4.5,1098374038
111,7255,3.0,1097437389
111,7256,4.5,1097436667
111,7451,4.5,1099937091
111,8366,4.5,1099603580
111,8493,4.0,1097432008
111,8622,4.0,1099937080
111,8709,3.0,1097432018
112,1,5.0,852720865
112,3,5.0,852720897
112,6,3.0,852720897
112,18,3.0,852720984
112,32,3.0,852720865
112,41,5.0,852720950
112,85,5.0,852721004
112,95,3.0,852720866
112,141,4.0,852720866
112,296,5.0,852721145
112,376,5.0,852720897
112,648,2.0,852720866
112,708,5.0,852720915
112,733,4.0,852720897
112,736,1.0,852720866
112,780,4.0,852720865
112,802,4.0,852720950
112,805,5.0,852720950
112,1073,5.0,852720915
112,1183,4.0,852721058
112,1356,5.0,852720950
113,2,5.0,844884330
113,4,3.0,844884590
113,5,5.0,844884467
113,6,4.0,844884390
113,8,5.0,844885084
113,9,4.0,844884734
113,10,3.0,844884266
113,16,5.0,844884467
113,20,5.0,844884632
113,21,5.0,844884266
113,24,5.0,844884632
113,25,4.0,844884390
113,36,4.0,844884390
113,65,4.0,844884932
113,74,5.0,844885045
113,79,5.0,844884793
113,89,4.0,844884932
113,104,5.0,844884632
113,105,5.0,844884467
113,135,5.0,844884853
113,140,5.0,844884853
113,494,5.0,844884528
113,616,5.0,844884528
113,637,5.0,844884932
113,647,5.0,844885044
113,711,5.0,844885206
113,762,5.0,844884932
114,10,4.0,838365857
114,34,5.0,838365827
114,153,3.0,838365897
114,158,4.0,838365765
114,165,3.0,838365897
114,185,4.0,838365857
114,208,4.0,838365857
114,253,3.0,838365857
114,267,1.0,838365737
114,288,3.0,838365840
114,292,4.0,838365867
114,333,5.0,838365737
114,339,4.0,838365857
114,349,5.0,838365897
114,356,5.0,838365840
114,364,5.0,838365827
114,380,5.0,838365907
114,434,5.0,838365867
114,457,5.0,838365867
114,586,5.0,838365827
114,588,5.0,838365897
114,590,4.0,838365907
114,592,3.0,838365907
114,593,3.0,838365867
114,595,5.0,838365878
115,2,5.0,1107034391
115,3,5.0,1107034474
115,19,4.0,1107034440
115,45,3.5,1107034126
115,160,2.0,1107034459
115,231,4.5,1107034320
115,318,5.0,1107034264
115,342,3.0,1107034092
115,466,3.0,1107034046
115,480,5.0,1107034257
115,520,4.0,1107034112
115,543,3.5,1107034097
115,608,5.0,1107034287
115,784,2.5,1107034038
115,1073,5.0,1107034335
115,1089,3.5,1107034454
115,1148,4.5,1107034130
115,1197,4.5,1107034342
115,1259,4.0,1107034443
115,1265,5.0,1107034360
115,1270,5.0,1107034308
115,1278,4.0,1107034056
115,1288,4.0,1107034052
115,1500,3.0,1107034043
115,1639,3.5,1107034088
115,1704,4.0,1107034404
115,1732,5.0,1107034158
115,1923,3.5,1107034448
115,2001,3.5,1107034119
115,2502,5.0,1107034121
115,2683,4.5,1107034409
115,2706,4.0,1107034471
115,2762,4.0,1107034350
115,2959,4.0,1107034465
115,2997,4.5,1107034393
115,3176,4.5,1107034109
115,3578,4.5,1107034401
115,3751,3.0,1107034074
115,3897,3.5,1107034071
115,4027,5.0,1107034105
115,7361,5.0,1107034201
116,47,5.0,1163454737
116,153,1.5,1163454706
116,231,5.0,1163454716
116,260,5.0,1163454699
116,296,5.0,1163454673
116,316,4.0,1163454741
116,318,4.5,1163454676
116,356,4.5,1163454645
116,367,2.5,1163454728
116,434,2.5,1163454712
116,480,2.0,1163454650
116,593,3.0,1163454691
116,733,4.0,1163454734
116,1573,5.0,1163454719
116,2571,4.0,1163454662
116,2762,5.0,1163454695
116,2858,3.0,1163454632
116,2890,1.0,1163454748
116,2959,2.0,1163454640
116,4306,5.0,1163454681
116,4993,5.0,1163454653
116,5952,5.0,1163454658
116,6539,4.0,1163454669
116,7153,5.0,1163454656
116,40414,5.0,1163454931
117,215,3.5,1320638323
117,281,4.0,1320640472
117,318,5.0,1320636964
117,524,4.0,1320634639
117,527,3.5,1320638237
117,539,5.0,1320636576
117,1124,4.5,1320639869
117,1185,3.0,1320634780
117,1188,2.5,1320634699
117,1235,2.5,1320634623
117,1271,4.5,1320637156
117,1307,4.5,1320639878
117,1347,0.5,1320634657
117,1674,5.0,1320637063
117,1704,4.5,1320639090
117,1831,0.5,1320634669
117,1835,4.0,1320634819
117,1957,3.0,1320634724
117,1958,4.0,1320634810
117,1961,3.0,1320638154
117,2236,4.0,1320638938
117,2324,4.0,1320638280
117,2686,3.0,1320640136
117,2719,0.5,1320634828
117,2739,5.0,1320636860
117,2840,0.5,1320634835
117,3107,2.0,1320634634
117,3147,5.0,1320636937
117,3363,3.5,1320634680
117,3504,3.0,1320634856
117,3512,5.0,1320636888
117,3565,4.0,1320638959
117,3969,4.5,1320638669
117,4361,4.0,1320634616
117,4564,4.5,1320637425
117,8638,4.0,1320638358
117,8949,4.0,1320637606
117,30707,5.0,1320636770
117,43396,3.5,1320637335
117,47099,4.5,1320637244
117,47148,4.5,1320636826
117,50685,4.0,1320640798
117,53123,5.0,1320636446
117,56587,5.0,1320636687
117,59018,5.0,1320636732
117,64614,3.5,1320639535
117,64716,3.5,1320637031
117,66371,4.5,1320636632
117,72011,4.5,1320637937
117,73023,4.0,1320640384
117,81845,4.0,1320638004
117,82527,4.5,1320637762
117,85881,4.0,1320637732
117,88810,4.5,1320637502
117,89804,5.0,1320637871
118,16,4.0,951009481
118,32,4.0,951008797
118,36,4.0,950154206
118,47,4.0,951009525
118,50,5.0,951009296
118,111,4.0,951009296
118,247,2.0,951009429
118,260,5.0,951008797
118,296,5.0,950154177
118,329,4.0,951009067
118,377,4.0,951009525
118,457,5.0,951009370
118,474,4.0,951009429
118,480,4.0,951008941
118,527,5.0,950154206
118,541,4.0,951008797
118,589,5.0,951008828
118,593,5.0,951009296
118,597,3.0,951009851
118,608,5.0,950154138
118,674,2.0,951009005
118,750,5.0,951008797
118,780,4.0,951009097
118,832,4.0,951009585
118,866,5.0,951009481
118,903,4.0,951009322
118,904,5.0,951009296
118,905,5.0,951009676
118,908,5.0,951009296
118,913,4.0,958531282
118,922,5.0,950153928
118,924,5.0,951008798
118,930,4.0,951009322
118,954,4.0,958531282
118,965,3.0,951009349
118,1019,4.0,951008941
118,1036,4.0,951009397
118,1086,3.0,951009429
118,1089,4.0,951009349
118,1127,4.0,951009005
118,1129,3.0,951009005
118,1196,5.0,951008828
118,1199,4.0,951008798
118,1200,5.0,951008883
118,1206,4.0,951008828
118,1210,3.0,950153947
118,1212,4.0,951009322
118,1213,5.0,950154138
118,1214,5.0,951008798
118,1219,5.0,951009349
118,1221,5.0,950153998
118,1227,4.0,951009429
118,1233,5.0,950154138
118,1238,5.0,951009750
118,1240,5.0,951008828
118,1249,4.0,951009397
118,1252,5.0,951009296
118,1260,4.0,951009322
118,1264,4.0,951009397
118,1267,4.0,951009296
118,1269,3.0,951009429
118,1270,5.0,951008828
118,1276,5.0,951009653
118,1304,5.0,958531282
118,1356,4.0,951009037
118,1358,5.0,951009370
118,1371,3.0,951009005
118,1374,4.0,951008855
118,1375,4.0,951008911
118,1376,3.0,951008883
118,1396,4.0,951009005
118,1407,3.0,951009585
118,1527,2.0,951008911
118,1573,4.0,951008855
118,1580,4.0,951008970
118,1584,4.0,951008883
118,1610,4.0,951009481
118,1617,5.0,950153998
118,1625,4.0,951009552
118,1653,3.0,951008828
118,1674,5.0,951009370
118,1683,1.0,951009552
118,1690,3.0,951009097
118,1747,4.0,950153998
118,1748,3.0,951009481
118,1834,5.0,951009429
118,1845,4.0,951009397
118,1909,4.0,951009037
118,1917,4.0,951009209
118,1953,4.0,951009349
118,1965,4.0,951008883
118,1994,4.0,951009610
118,2009,4.0,951009168
118,2011,5.0,951009005
118,2012,3.0,951009067
118,2021,1.0,951009097
118,2028,5.0,950154206
118,2034,3.0,951009097
118,2054,4.0,951009148
118,2064,5.0,951009676
118,2094,4.0,951009148
118,2110,4.0,951009611
118,2117,3.0,951009067
118,2118,3.0,951009481
118,2139,3.0,950153928
118,2160,3.0,951009397
118,2176,4.0,951009585
118,2178,4.0,951009585
118,2186,5.0,951009370
118,2203,4.0,951009296
118,2243,5.0,950153998
118,2278,4.0,951009585
118,2288,4.0,951008911
118,2311,4.0,951009037
118,2324,5.0,951009653
118,2344,5.0,951009552
118,2346,3.0,951008941
118,2349,4.0,951009429
118,2353,4.0,951009525
118,2391,5.0,951009451
118,2393,3.0,951009067
118,2407,4.0,951008911
118,2435,3.0,951009826
118,2450,1.0,951009209
118,2455,4.0,951008970
118,2528,3.0,951009005
118,2529,5.0,951008941
118,2533,3.0,951009097
118,2571,3.0,951008855
118,2613,3.0,951009148
118,2628,3.0,951009037
118,2640,4.0,951008970
118,2641,3.0,951009005
118,2668,3.0,951009230
118,2692,5.0,950154314
118,2722,3.0,951009168
118,2762,5.0,958531282
118,2804,5.0,951009676
118,2819,4.0,951009349
118,2871,5.0,951009322
118,2916,4.0,951009552
118,2917,5.0,951009429
118,2968,4.0,951008855
118,2985,4.0,951008941
118,3006,5.0,958531282
118,3033,2.0,951009097
118,3101,4.0,951009451
118,3147,4.0,951008705
118,3148,5.0,964408725
118,3152,5.0,950154314
118,3173,4.0,951008705
118,3176,4.0,951008668
118,3178,4.0,951008726
118,3196,4.0,950154314
118,3198,5.0,950154314
118,3200,5.0,950154314
118,3203,4.0,951009504
118,3204,4.0,951009481
118,3252,4.0,950154104
118,3256,4.0,951009504
118,3350,5.0,958531355
118,3371,4.0,958531252
118,3543,4.0,958531252
118,3578,5.0,964408657
118,3615,4.0,964408657
118,3717,3.0,964408657
118,3724,4.0,964408813
118,3725,3.0,964408796
118,3727,4.0,964408961
118,3730,5.0,964408874
118,3732,3.0,964408894
118,3734,3.0,964408994
118,3735,5.0,964408994
118,3738,3.0,964409017
118,3740,2.0,964408796
118,3742,5.0,964408796
118,3755,5.0,964408657
118,3760,3.0,964408911
118,3763,4.0,964408874
118,3769,4.0,964409017
118,3789,4.0,964408994
118,3801,4.0,964408796
118,3806,3.0,964408938
118,3810,3.0,964409039
118,3811,5.0,964408813
118,3812,4.0,964408874
118,3814,3.0,964408938
118,3816,4.0,964408961
118,6184,3.0,964408938
119,1,2.0,913048158
119,2,3.0,913051445
119,6,5.0,913057893
119,16,3.0,913048006
119,21,4.0,913049013
119,24,3.0,913050793
119,26,5.0,913117867
119,29,3.0,915411448
119,32,4.0,913047936
119,36,3.0,945993306
119,41,4.0,913048297
119,47,5.0,913233441
119,50,4.0,913047839
119,60,2.0,913048438
119,62,4.0,913049366
119,70,4.0,959734582
119,78,3.0,945993516
119,95,2.0,913232674
119,101,2.0,952582537
119,110,5.0,913047936
119,111,5.0,913047839
119,112,3.0,913128316
119,141,4.0,913049888
119,145,4.0,913050230
119,151,3.0,913048077
119,153,1.0,913232864
119,160,2.0,913051632
119,161,4.0,913117754
119,163,4.0,960751875
119,168,2.0,913232864
119,173,1.0,913051632
119,180,2.0,960751812
119,196,2.0,913051475
119,203,3.0,913050333
119,208,2.0,913232894
119,223,4.0,945994116
119,227,2.0,913232929
119,235,4.0,952584312
119,253,2.0,913050480
119,260,5.0,913052591
119,265,4.0,913048077
119,266,4.0,913048721
119,272,5.0,913049150
119,288,4.0,913233068
119,292,3.0,913050293
119,296,5.0,913047597
119,316,3.0,913051506
119,318,4.0,913047258
119,329,3.0,913048548
119,345,5.0,913049331
119,353,3.0,913049150
119,356,3.0,952583089
119,364,3.0,913049072
119,368,3.0,913048916
119,370,2.0,913050396
119,373,4.0,913232013
119,377,2.0,913049964
119,383,4.0,915412154
119,428,4.0,952583024
119,435,2.0,913051632
119,443,2.0,952583169
119,454,3.0,952583509
119,457,3.0,913048158
119,480,4.0,913048721
119,481,4.0,972099168
119,482,3.0,972097228
119,492,4.0,913052193
119,527,5.0,927055846
119,531,3.0,952582353
119,532,4.0,960938884
119,535,4.0,952581900
119,541,4.0,952580959
119,551,5.0,913048721
119,553,3.0,913047597
119,585,3.0,952582708
119,587,4.0,913050857
119,588,4.0,913048006
119,589,4.0,913048983
119,590,5.0,913047973
119,592,4.0,913232794
119,593,4.0,913048297
119,595,4.0,913049486
119,596,4.0,945993306
119,597,4.0,913048605
119,599,4.0,915412223
119,608,5.0,913207624
119,611,1.0,913232929
119,648,3.0,913048883
119,653,3.0,913052090
119,661,3.0,913049964
119,678,4.0,952581199
119,688,2.0,913232864
119,707,3.0,915411867
119,728,5.0,918856559
119,733,4.0,913057993
119,735,4.0,952583624
119,736,2.0,913232716
119,745,5.0,945993227
119,750,5.0,915411448
119,778,4.0,913047687
119,780,3.0,913050553
119,785,4.0,913050711
119,788,4.0,913052089
119,800,4.0,952584582
119,832,4.0,913048799
119,849,1.0,913051506
119,858,5.0,913052626
119,870,3.0,913211320
119,880,3.0,913051666
119,881,2.0,952583400
119,903,5.0,989623265
119,904,5.0,913052756
119,908,5.0,913052591
119,910,5.0,952581061
119,912,5.0,913052699
119,913,5.0,952581106
119,919,5.0,945993179
119,920,5.0,927055517
119,922,4.0,913052591
119,923,5.0,913052756
119,924,4.0,913058394
119,926,5.0,945993179
119,943,4.0,952582729
119,953,4.0,952582145
119,954,4.0,952581796
119,968,3.0,915411502
119,969,5.0,913232642
119,971,4.0,952581408
119,996,3.0,913232992
119,1009,3.0,960671689
119,1027,2.0,913050827
119,1028,3.0,913681100
119,1034,3.0,952584169
119,1035,5.0,952582174
119,1036,4.0,913232601
119,1037,3.0,913051666
119,1042,3.0,913050942
119,1049,3.0,913048764
119,1059,2.0,913049782
119,1061,4.0,952583272
119,1063,4.0,945995420
119,1073,3.0,960671633
119,1077,5.0,913681190
119,1079,4.0,952581978
119,1080,4.0,913681190
119,1081,4.0,952583089
119,1084,4.0,952581304
119,1085,5.0,989623184
119,1089,4.0,952581199
119,1097,4.0,915411448
119,1101,4.0,913232754
119,1103,5.0,945993269
119,1112,2.0,913050942
119,1127,2.0,913232754
119,1129,4.0,913232754
119,1136,5.0,913681021
119,1148,5.0,945993227
119,1172,4.0,913051262
119,1179,3.0,913680627
119,1183,2.0,952583063
119,1192,2.0,913118043
119,1193,5.0,927055342
119,1196,4.0,913232524
119,1197,4.0,913681326
119,1198,4.0,913052591
119,1199,5.0,915411448
119,1200,4.0,913058394
119,1201,4.0,913232601
119,1203,5.0,989622199
119,1204,5.0,913052699
119,1206,5.0,915411480
119,1207,4.0,913211024
119,1208,5.0,952581061
119,1210,4.0,913048438
119,1213,4.0,913128255
119,1214,3.0,913058346
119,1215,4.0,913211024
119,1220,4.0,913232567
119,1221,4.0,913232567
119,1223,5.0,960751702
119,1224,5.0,913052862
119,1225,5.0,952580936
119,1233,5.0,913048035
119,1234,4.0,913052591
119,1235,5.0,913207776
119,1237,3.0,952581003
119,1240,4.0,913058278
119,1243,5.0,913048764
119,1246,4.0,952582145
119,1247,4.0,945993227
119,1249,4.0,952581335
119,1252,4.0,913058346
119,1254,4.0,952581106
119,1256,4.0,913681100
119,1258,4.0,952581686
119,1259,5.0,927055517
119,1262,4.0,913052662
119,1265,2.0,913049179
119,1266,5.0,913047687
119,1267,4.0,913058314
119,1269,4.0,913058314
119,1270,4.0,913681222
119,1271,4.0,913048639
119,1272,5.0,945993306
119,1275,4.0,913232716
119,1276,4.0,913681100
119,1277,4.0,913048548
119,1278,4.0,913058153
119,1282,4.0,952581686
119,1283,4.0,915412223
119,1287,5.0,913232524
119,1291,3.0,913232524
119,1292,5.0,913207845
119,1293,4.0,913052528
119,1296,4.0,952581470
119,1299,4.0,952581856
119,1303,4.0,952581003
119,1304,4.0,913232524
119,1317,4.0,913050333
119,1320,2.0,913051590
119,1332,4.0,913232065
119,1333,4.0,952582034
119,1339,5.0,913049366
119,1340,4.0,945993269
119,1342,2.0,952584516
119,1345,4.0,952581718
119,1347,2.0,952582585
119,1350,3.0,952582509
119,1356,3.0,913049427
119,1358,5.0,915411308
119,1370,4.0,913049888
119,1372,2.0,952583400
119,1374,3.0,913232642
119,1375,2.0,913232965
119,1376,3.0,952582034
119,1377,1.0,913232965
119,1378,3.0,913232794
119,1379,4.0,915412154
119,1387,4.0,913232567
119,1388,2.0,913233215
119,1390,4.0,913050186
119,1391,3.0,913051590
119,1394,5.0,945995160
119,1411,5.0,913049270
119,1416,4.0,913050480
119,1429,4.0,913057939
119,1485,2.0,913050666
119,1499,2.0,913232929
119,1503,4.0,952581933
119,1508,4.0,960673585
119,1517,2.0,913050368
119,1518,3.0,913232754
119,1527,4.0,913049116
119,1544,2.0,913051590
119,1552,3.0,913048764
119,1554,2.0,952581174
119,1556,1.0,913233239
119,1562,1.0,913233239
119,1564,5.0,972096905
119,1569,2.0,952583721
119,1573,2.0,913048476
119,1580,4.0,913049303
119,1584,3.0,913051475
119,1586,2.0,913050942
119,1587,3.0,913232754
119,1588,2.0,913050793
119,1589,3.0,913050230
119,1591,2.0,913233183
119,1597,4.0,913048476
119,1603,2.0,913051632
119,1606,2.0,913233268
119,1608,3.0,915579236
119,1610,4.0,913047737
119,1611,5.0,913048605
119,1613,3.0,952582839
119,1617,4.0,913047737
119,1619,1.0,913049303
119,1625,4.0,913048232
119,1627,4.0,913208236
119,1639,4.0,945994088
119,1641,3.0,913048232
119,1646,2.0,913048077
119,1653,4.0,913048338
119,1663,3.0,952583024
119,1670,3.0,913211248
119,1674,4.0,913058314
119,1676,2.0,913050553
119,1678,3.0,913117813
119,1682,3.0,927055670
119,1687,3.0,913232894
119,1689,3.0,952583747
119,1690,1.0,913051506
119,1694,2.0,913050075
119,1702,3.0,913052089
119,1704,5.0,913047643
119,1711,4.0,913049542
119,1713,3.0,913057714
119,1721,3.0,913047343
119,1727,2.0,913049844
