152,2683,2.0,1335948728
152,2706,3.5,1335948421
152,2762,2.5,1335948068
152,2858,4.5,1335948022
152,2944,3.0,1335899937
152,2959,4.5,1335948082
152,2997,4.5,1335948262
152,3148,2.5,1335899940
152,3257,3.0,1335900020
152,3354,4.0,1335899980
152,3481,2.5,1335949482
152,3578,4.0,1335900859
152,3826,2.0,1335899953
152,3897,3.0,1335900864
152,3910,4.5,1335901493
152,3967,3.0,1335901749
152,3996,4.0,1335948374
152,4002,1.0,1335899914
152,4011,3.0,1335901184
152,4027,5.0,1335949459
152,4223,3.5,1335902247
152,4226,4.0,1335901129
152,4239,2.0,1335902212
152,4306,3.0,1335900931
152,4720,3.5,1335902192
152,4848,3.5,1335947708
152,4878,4.5,1335902334
152,4886,3.5,1335901317
152,4896,4.0,1335947815
152,4963,3.0,1335901901
152,4973,4.5,1335901843
152,4993,4.0,1335901299
152,4995,3.0,1335900924
152,5010,3.5,1335947578
152,5013,2.5,1335900026
152,5060,1.5,1335900702
152,5349,2.0,1335948558
152,5418,4.0,1335900758
152,5445,4.0,1335902338
152,5816,4.0,1335947718
152,5903,4.0,1335901882
152,5952,4.0,1335901226
152,5989,3.0,1335900942
152,6300,2.0,1335901802
152,6333,4.0,1335948546
152,6365,4.5,1335948525
152,6539,3.0,1335901347
152,6711,4.0,1335947808
152,6934,4.5,1335949597
152,6942,3.5,1335901818
152,6953,3.5,1335902114
152,7022,2.0,1335901696
152,7147,4.0,1335901712
152,7153,4.0,1335900949
152,7254,3.5,1335902217
152,7323,4.0,1335949090
152,7361,4.0,1335901633
152,7502,5.0,1335900352
152,8117,1.5,1335902266
152,8368,4.0,1335902075
152,8533,2.5,1335901682
152,8636,3.5,1335948549
152,8665,4.0,1335900762
152,8798,4.0,1335902244
152,8961,3.5,1335901169
152,26614,3.5,1335947549
152,27611,4.0,1335900965
152,30707,2.5,1335900800
152,30749,3.5,1335900784
152,31410,5.0,1335900450
152,32587,4.0,1335900991
152,33166,3.0,1335901270
152,33493,4.0,1335948529
152,33794,4.0,1335900790
152,34405,4.0,1335901026
152,34542,3.0,1335901666
152,36517,3.5,1335901976
152,36529,3.5,1335901772
152,38061,2.5,1335901278
152,40815,4.0,1335902257
152,40819,3.0,1335901584
152,41566,3.5,1335947593
152,41997,3.5,1335902045
152,44191,2.0,1335900892
152,44195,3.0,1335900898
152,44555,4.5,1335900817
152,45950,4.0,1335902087
152,46578,4.0,1335901057
152,46723,3.0,1335902209
152,47491,2.0,1335901071
152,48774,3.0,1335948539
152,49272,4.0,1335901478
152,49530,4.5,1335900652
152,50068,4.0,1335901513
152,50872,3.5,1335901202
152,54001,4.0,1335902260
152,54286,4.0,1335900754
152,54997,4.0,1335901908
152,55820,4.0,1335900919
152,56174,4.0,1335948691
152,56367,4.0,1335901293
152,56782,3.5,1335901035
152,57669,3.0,1335901274
152,58559,4.5,1335900808
152,59315,4.0,1335900880
152,59369,3.0,1335901427
152,59784,3.5,1335902094
152,60069,4.0,1335900839
152,63082,4.0,1335900886
152,67255,3.5,1335947842
152,68157,3.0,1335900445
152,68237,4.0,1335900774
152,68954,4.5,1335900872
152,69481,4.0,1335900821
152,69844,4.0,1335902035
152,70286,3.5,1335901210
152,72998,4.5,1335901466
152,73321,4.0,1335948695
152,74458,3.5,1335947751
152,76093,3.5,1335947573
152,78499,3.5,1335947706
152,79132,4.5,1335947742
152,80463,3.5,1335947732
152,81834,4.0,1335947613
152,81845,2.5,1335947556
152,85414,4.5,1335947588
152,85736,4.0,1335901372
152,88125,4.0,1335947546
153,1,5.0,1046739645
153,32,5.0,1046740237
153,34,4.0,1046739068
153,110,3.0,1046738981
153,147,4.0,1046739545
153,170,5.0,1046739505
153,224,3.0,1046739844
153,296,5.0,1046740124
153,306,5.0,1046740081
153,307,5.0,1046740081
153,489,3.0,1046739156
153,546,1.0,1046739765
153,760,5.0,1046739825
153,912,5.0,1046740112
153,920,5.0,1046739691
153,932,5.0,1046739002
153,1097,5.0,1046739044
153,1136,5.0,1046740112
153,1206,5.0,1046740286
153,1210,4.0,1046739068
153,1255,5.0,1046739622
153,1259,5.0,1046740337
153,1277,4.0,1046739622
153,1498,5.0,1046739486
153,1617,3.0,1046739028
153,1682,4.0,1046739044
153,1777,5.0,1046739964
153,2116,5.0,1046739545
153,2336,5.0,1046740238
153,2396,4.0,1046740305
153,2562,5.0,1046739545
153,2571,4.0,1046740276
153,2692,5.0,1046740162
153,2762,5.0,1046740098
153,2858,5.0,1046740238
153,2959,4.0,1046740372
153,2995,2.0,1046739622
153,2997,5.0,1046740315
153,3269,3.0,1046739925
153,3799,1.0,1046739925
153,3825,3.0,1046739825
153,3897,5.0,1046740060
153,4270,2.0,1046739622
153,4367,4.0,1046739002
153,4886,5.0,1046739947
153,4973,5.0,1046740081
153,5099,5.0,1046739645
153,5605,4.0,1046738981
153,5841,2.0,1046739947
153,5952,5.0,1046740481
153,6093,5.0,1046740361
154,1,4.0,850917310
154,3,4.0,850917346
154,5,3.0,850917346
154,7,3.0,850917346
154,18,5.0,850917480
154,52,5.0,850917383
154,62,3.0,850917310
154,85,4.0,850917507
154,92,3.0,850917507
154,107,4.0,850917436
154,608,5.0,850917346
154,637,3.0,850917416
154,648,5.0,853249060
154,661,5.0,850917416
154,671,4.0,853249033
154,673,4.0,850917554
154,708,3.0,850917383
154,711,3.0,850917460
154,762,4.0,850917416
154,780,5.0,853249233
154,783,3.0,850917383
154,806,4.0,850917687
154,1060,5.0,853249301
154,1391,4.0,850917706
154,1393,4.0,853249189
154,1405,4.0,850917917
155,32,3.0,943350048
155,110,4.0,943350687
155,198,4.0,943350250
155,260,5.0,943350048
155,480,2.0,943350184
155,527,5.0,943351044
155,541,5.0,943350184
155,589,4.0,943350184
155,593,5.0,943350686
155,750,3.0,943350048
155,780,2.0,943350327
155,908,4.0,943350749
155,912,4.0,943350905
155,924,4.0,943350292
155,965,4.0,943350953
155,1097,4.0,943350184
155,1127,3.0,943350327
155,1129,4.0,943350400
155,1148,5.0,943350687
155,1175,3.0,943350140
155,1193,5.0,943351044
155,1196,5.0,943350101
155,1197,4.0,943350749
155,1198,4.0,943350868
155,1199,3.0,943350140
155,1200,5.0,943350140
155,1206,4.0,943350327
155,1210,5.0,943350140
155,1214,4.0,943350048
155,1240,3.0,943350572
155,1396,3.0,943350366
155,1527,3.0,943350292
155,1573,2.0,943350366
155,1580,5.0,943350292
155,1704,3.0,943350687
155,1957,3.0,943350789
155,1965,1.0,943350292
155,2011,2.0,943350250
155,2012,2.0,943350184
155,2028,5.0,943350749
155,2288,4.0,943350292
155,2401,3.0,943350687
155,2455,4.0,943350366
155,2528,3.0,943350101
155,2529,3.0,943350101
155,2571,5.0,943350048
155,2628,4.0,943350101
155,2699,3.0,943350250
155,2739,3.0,943350749
155,2791,5.0,943350804
155,2916,3.0,943350250
156,36,5.0,1277430241
156,372,4.0,1277429637
156,485,3.5,1277429506
156,508,5.0,1277430118
156,585,0.5,1277429585
156,785,4.5,1277429569
156,802,4.5,1277429489
156,1042,4.5,1277429611
156,1271,4.5,1277429617
156,1285,4.5,1277429566
156,1572,4.5,1277429999
156,1673,5.0,1277429498
156,1722,0.5,1277429539
156,1747,4.5,1277429559
156,1884,5.0,1277429786
156,2395,4.0,1277429514
156,2770,1.5,1277429575
156,2797,5.0,1277430139
156,2858,5.0,1277430057
156,3101,4.5,1277429528
156,3255,5.0,1277429591
156,3556,4.5,1277430041
156,3717,0.5,1277429624
156,3948,5.0,1277429905
156,4239,4.5,1277429941
156,4262,4.5,1277430276
156,4776,5.0,1277429930
156,4816,4.5,1277429977
156,4975,5.0,1277430183
156,5103,4.5,1277430169
156,5577,5.0,1277429860
156,8533,5.0,1277429834
156,8910,5.0,1277430028
156,48516,5.0,1277429950
156,55280,5.0,1277429804
156,55765,5.0,1277430198
156,56367,4.0,1277430018
156,60756,5.0,1277430103
156,66665,4.0,1277429774
156,69122,4.5,1277429880
156,69481,4.5,1277429888
156,70286,4.0,1277429869
156,72226,5.0,1277430304
156,74458,4.5,1277429818
156,77561,0.5,1277430461
157,1,3.5,1291598726
157,2,2.5,1291654669
157,10,3.5,1291598989
157,12,2.0,1291598164
157,32,4.0,1308343617
157,34,1.0,1323623560
157,47,3.5,1292893066
157,50,4.0,1323549288
157,160,3.0,1293113893
157,165,3.0,1291598753
157,208,2.0,1365940346
157,235,4.5,1291599967
157,260,3.5,1291598691
157,267,2.5,1291598182
157,293,4.5,1291599434
157,296,4.0,1293212841
157,316,3.0,1365939855
157,344,1.0,1365940218
157,367,1.0,1365940267
157,370,2.5,1292452031
157,377,3.0,1292893321
157,466,2.5,1292452011
157,480,3.0,1365940159
157,485,2.5,1293113928
157,527,3.0,1291599281
157,541,3.5,1362937775
157,551,4.0,1293016220
157,586,3.0,1292893387
157,589,4.0,1291598937
157,648,3.5,1291598930
157,733,3.0,1291598910
157,736,2.5,1291598746
157,741,4.0,1291599847
157,778,4.0,1291599703
157,780,3.0,1291598762
157,924,3.5,1291654589
157,1036,3.0,1292893393
157,1097,3.0,1291598808
157,1127,3.5,1293016236
157,1196,3.5,1291598784
157,1198,3.5,1291598908
157,1200,4.0,1291599001
157,1206,4.0,1291599826
157,1208,4.0,1291599797
157,1210,3.5,1291598625
157,1214,4.0,1291654582
157,1222,4.0,1291599448
157,1240,4.0,1291598885
157,1258,4.0,1291599736
157,1261,3.5,1365893094
157,1265,3.0,1292893377
157,1270,4.0,1291598828
157,1274,4.0,1291599916
157,1291,3.5,1320685313
157,1320,3.5,1293113883
157,1387,3.0,1291654595
157,1391,2.5,1291665492
157,1517,3.5,1291599035
157,1527,3.5,1292893137
157,1544,3.0,1293109610
157,1573,2.5,1291654674
157,1580,3.0,1291598819
157,1590,3.5,1323617866
157,1653,4.0,1291599973
157,1676,2.5,1292893513
157,1682,4.0,1365891786
157,1690,3.0,1292451944
157,1721,3.0,1291599080
157,1732,4.0,1344511098
157,1923,2.0,1294526056
157,1961,3.5,1292893076
157,1991,3.0,1291598335
157,2003,3.0,1292521972
157,2012,3.5,1291654575
157,2025,3.0,1365939990
157,2028,3.0,1295793889
157,2054,3.0,1344510238
157,2115,3.5,1292893361
157,2162,2.5,1291598407
157,2167,2.5,1365941887
157,2288,4.5,1355865691
157,2291,4.0,1291599122
157,2355,3.0,1291599023
157,2363,3.0,1291598299
157,2382,2.0,1365941508
157,2383,2.0,1365941511
157,2421,2.5,1291598091
157,2455,4.5,1344510553
157,2470,2.5,1292451929
157,2502,3.0,1365939927
157,2571,4.5,1295749331
157,2628,2.5,1323618008
157,2683,3.0,1365940395
157,2692,4.0,1291599810
157,2706,3.0,1291598945
157,2710,3.5,1344510213
157,2716,3.5,1291598880
157,2762,4.0,1291598742
157,2810,4.0,1344510970
157,2858,4.0,1292540589
157,2890,3.5,1293109639
157,2959,4.5,1295749344
157,2985,3.0,1292451917
157,3000,4.5,1291599722
157,3020,3.5,1323649448
157,3113,1.0,1365941844
157,3271,3.5,1292893831
157,3441,3.0,1291598272
157,3527,3.5,1291654702
157,3535,4.0,1295663802
157,3623,1.5,1291599091
157,3793,3.5,1291598864
157,3917,3.5,1291598320
157,3977,1.0,1344510369
157,4011,4.0,1320684776
157,4022,3.5,1294526030
157,4036,3.0,1291598302
157,4084,3.0,1291598172
157,4226,4.5,1295749327
157,4306,3.0,1291598859
157,4310,2.5,1292451959
157,4367,2.0,1344510529
157,4370,3.5,1291665526
157,4454,4.5,1291666053
157,4545,3.0,1291598243
157,4718,2.5,1292451971
157,4878,4.5,1295749346
157,4886,3.5,1291598976
157,4902,3.5,1295749296
157,4963,4.0,1291598901
157,4973,4.0,1291598941
157,4993,3.5,1292893258
157,5010,3.5,1293016263
157,5146,4.0,1365939667
157,5254,2.5,1365941890
157,5349,3.0,1365939875
157,5378,2.5,1323618006
157,5418,3.5,1362938388
157,5445,3.5,1293016283
157,5618,4.5,1308343658
157,5679,2.5,1344510472
157,5690,3.5,1291600250
157,5903,3.5,1292893873
157,5952,3.5,1291598877
157,6016,4.0,1312671459
157,6218,1.5,1344510189
157,6283,4.0,1291599840
157,6333,3.0,1323623646
157,6365,3.0,1365939971
157,6373,2.5,1291665485
157,6377,3.5,1291598862
157,6378,4.0,1291665463
157,6502,4.5,1291599986
157,6537,3.0,1293016287
157,6539,3.0,1365939907
157,6863,3.5,1291665403
157,6874,3.5,1323617840
157,6934,2.5,1365939958
157,7022,4.0,1344510959
157,7090,4.0,1291599851
157,7153,3.5,1291598673
157,7254,4.0,1291665568
157,7360,4.0,1330113012
157,7361,4.0,1295583661
157,7438,2.5,1291598696
157,7454,1.5,1365941863
157,7981,3.5,1292499258
157,8012,4.0,1291600170
157,8117,4.0,1291599997
157,8157,4.0,1362938231
157,8360,3.0,1291599019
157,8361,2.0,1365941322
157,8370,4.0,1344509737
157,8636,3.0,1291598711
157,8644,2.5,1365940004
157,8665,3.5,1362938408
157,8861,2.0,1291598416
157,8874,3.5,1365939715
157,8914,4.0,1291599978
157,8950,4.5,1291599751
157,8961,3.0,1291598639
157,8984,2.0,1365941516
157,8985,1.0,1365941909
157,26547,3.5,1291644796
157,27317,4.0,1355865366
157,27773,4.5,1291599694
157,27801,4.0,1323549425
157,27831,3.5,1292893101
157,30745,3.5,1291644922
157,30793,3.0,1291654728
157,31364,4.0,1291644715
157,31658,4.0,1291644679
157,31878,3.5,1344509648
157,32078,3.0,1344510654
157,32587,4.0,1291598768
157,32840,4.0,1323540498
157,33004,3.0,1292452004
157,33493,2.5,1323618003
157,33794,4.0,1362938402
157,34048,2.0,1291665551
157,34150,2.0,1365941993
157,34405,3.5,1293109672
157,35836,3.0,1293016154
157,36529,4.0,1291599930
157,37731,4.5,1292893813
157,42632,4.0,1325041713
157,44665,4.5,1295749334
157,45499,3.0,1293016163
157,45722,3.0,1365939913
157,46723,4.5,1344509323
157,47491,4.5,1295749355
157,47937,3.0,1291599363
157,48082,3.5,1295576379
157,48385,3.5,1293016134
157,48394,4.0,1291599055
157,48516,4.0,1344510341
157,48780,4.5,1295749321
157,49272,3.5,1292893280
157,51255,3.0,1295662855
157,51662,3.5,1292893170
157,52328,3.0,1297193695
157,52885,4.5,1295749323
157,52952,4.0,1325028444
157,53318,4.0,1295663448
157,53464,2.0,1365942000
157,53468,3.0,1292893998
157,53519,3.5,1362938651
157,53996,2.5,1365941359
157,54286,3.5,1362938391
157,54503,3.5,1308343647
157,55684,3.0,1362938622
157,55721,3.5,1362938345
157,55765,3.5,1362937651
157,55820,4.0,1291599005
157,56174,2.5,1365940028
157,56367,4.0,1291599050
157,57274,4.0,1291599897
157,57504,3.0,1355865379
157,57669,4.5,1344510907
157,58295,3.5,1365891207
157,58376,3.5,1292893005
157,58559,4.5,1295749357
157,59315,3.0,1291598709
157,59369,4.0,1344509870
157,59814,4.5,1320685381
157,60069,3.5,1323617792
157,60074,2.0,1291598421
157,60684,4.5,1295749312
157,61160,2.5,1323617992
157,61240,4.5,1295749337
157,62394,0.5,1365941829
157,64614,4.5,1295749342
157,65514,4.5,1291644683
157,65642,4.5,1295749315
157,66097,3.5,1344509879
157,66130,3.5,1323965285
157,67255,4.0,1365940059
157,68157,4.0,1291598986
157,68237,4.5,1295749325
157,68358,4.0,1291599112
157,68954,4.0,1291599027
157,69122,4.0,1291599135
157,69481,3.5,1330113001
157,70286,4.5,1295749347
157,71106,3.5,1355865641
157,71135,4.0,1293109715
157,71304,2.5,1293212820
157,71535,3.5,1291665385
157,72171,4.0,1362938608
157,72378,3.0,1292521924
157,72998,3.5,1291598631
157,73808,4.5,1292890961
157,74458,3.5,1365939711
157,74789,3.0,1293016250
157,76091,4.0,1323622639
157,76251,4.0,1291654648
157,77561,2.5,1291654739
157,79132,4.5,1295749340
157,79553,4.0,1369334534
157,79702,4.5,1295749318
157,80350,0.5,1291599117
157,80463,4.5,1323549222
157,80489,4.0,1330113072
157,81417,3.5,1292893081
157,81834,3.5,1369334448
157,82242,4.0,1295146250
157,82667,4.0,1323623436
157,83349,1.5,1365942027
157,84952,4.5,1309103313
157,85179,4.5,1323559112
157,85342,4.0,1365893313
157,85414,3.5,1320684703
157,85510,0.5,1344510080
157,86190,3.0,1365940034
157,86320,3.5,1323620427
157,86345,4.0,1365939981
157,86377,4.0,1365892488
157,86892,3.0,1323622974
157,87232,4.5,1323623618
157,88125,3.5,1369334443
157,88129,4.0,1325812510
157,88140,2.0,1344510027
157,88163,4.0,1344509722
157,88744,3.5,1344509886
157,89745,3.0,1355865600
157,89774,4.0,1344511155
157,89864,4.0,1323993937
157,89904,4.0,1365892345
157,90469,1.5,1365941495
157,91529,4.0,1344509506
157,92259,4.0,1365939614
157,92535,4.0,1365939979
157,93838,4.0,1356654885
157,93840,4.0,1355865512
157,93855,4.0,1365892088
157,94780,1.5,1344510618
157,94864,3.5,1355865522
157,95510,2.5,1365941277
157,96079,4.0,1365892481
157,96610,4.5,1355865507
157,97306,4.0,1367356289
157,97752,4.0,1362937379
157,97921,4.0,1365887059
157,98607,4.0,1366064367
157,102125,3.5,1369334582
157,102445,4.0,1371067235
158,319,4.0,1231502686
158,327,2.0,1231502691
158,481,3.5,1231502746
158,1388,2.5,1231502784
158,1957,4.0,1231502707
158,1967,4.0,1231502676
158,2004,3.5,1231502801
158,2376,2.5,1231502861
158,2412,4.0,1231502856
158,2533,3.0,1231502866
158,2643,2.0,1231502844
158,3264,1.5,1231502789
158,3386,3.5,1231502682
158,3984,4.0,1231502808
158,30810,4.5,1231502827
158,54286,3.5,1231502773
158,58559,4.0,1231503014
158,60069,1.5,1231502994
158,60293,1.5,1231503042
158,61323,3.5,1231503157
158,62956,4.0,1231503023
159,10,2.5,1183519921
159,25,4.5,1183519288
159,34,2.0,1183519883
159,47,3.5,1183519855
159,50,4.5,1183519004
159,62,3.5,1183519692
159,72,0.5,1183519180
159,76,3.0,1183518573
159,110,4.0,1183519810
159,111,4.0,1183518995
159,150,3.5,1183519814
159,165,3.5,1183519849
159,180,3.0,1183519514
159,231,1.5,1183519900
159,253,1.5,1183519943
159,260,5.0,1183518958
159,265,4.0,1183519388
159,296,4.5,1183518896
159,318,5.0,1183518940
159,329,2.5,1183519918
159,344,2.0,1183519845
159,349,2.0,1183519867
159,356,4.0,1183519794
159,364,3.5,1183519399
159,367,1.5,1183519905
159,377,3.0,1183519839
159,380,3.0,1183519821
159,434,0.5,1183519940
159,457,3.0,1183519802
159,480,4.0,1183519798
159,491,1.5,1183518385
159,497,3.5,1183519707
159,500,2.0,1183519898
159,527,4.5,1183518932
159,539,2.0,1183519929
159,541,5.0,1183518700
159,587,2.5,1183519923
159,589,3.5,1183519818
159,592,3.0,1183519807
159,593,5.0,1183518946
159,597,3.0,1183519890
159,608,4.0,1183518764
159,733,2.5,1183519887
159,745,3.5,1183519013
159,780,3.5,1183519823
159,799,3.0,1183518371
159,800,4.5,1183519437
159,858,4.0,1183518780
159,903,4.0,1183519007
159,904,5.0,1183518916
159,908,4.0,1183518868
159,912,5.0,1183518707
159,913,4.0,1183518836
159,923,5.0,1183518729
159,933,4.5,1183518534
159,1080,3.5,1183519667
159,1097,3.0,1183519916
159,1136,4.5,1183518852
159,1148,4.0,1183519019
159,1196,4.0,1183518962
159,1197,4.5,1183518890
159,1198,5.0,1183518903
159,1204,5.0,1183518813
159,1207,4.0,1183518995
159,1208,4.5,1183518676
159,1210,4.0,1183519833
159,1213,4.0,1183518786
159,1217,4.0,1183518912
159,1221,4.5,1183518783
159,1228,4.0,1183518901
159,1233,4.0,1183518704
159,1240,4.0,1183519937
159,1252,5.0,1183518725
159,1254,4.0,1183518995
159,1262,4.5,1183518791
159,1267,4.0,1183518842
159,1270,4.0,1183519863
159,1580,3.5,1183519595
159,1586,3.0,1183518377
159,1721,4.0,1183519927
159,1907,3.5,1183519710
159,1911,1.0,1183518395
159,1952,3.5,1183519612
159,1955,3.5,1183519234
159,1965,4.0,1183518389
159,1974,3.5,1183518591
159,2000,4.0,1183519353
159,2019,4.5,1183518936
159,2028,4.5,1183519880
159,2302,3.5,1183519734
159,2329,4.5,1183518667
159,2527,4.0,1183518536
159,2571,4.0,1183518845
159,2688,3.5,1183518403
159,2762,3.0,1183519914
159,2858,4.5,1183518664
159,2959,3.5,1183518768
159,3000,3.5,1183518894
159,3019,4.0,1183518568
159,3022,3.5,1183518778
159,3037,4.0,1183519404
159,3070,3.5,1183518550
159,3089,3.5,1183518696
159,3098,4.0,1183518519
159,3104,2.5,1183519617
159,3498,3.5,1183519611
159,3551,4.0,1183519553
159,3698,3.0,1183518491
159,3703,4.5,1183519500
159,3763,3.0,1183518579
159,3836,4.0,1183519171
159,4226,3.5,1183518849
159,4235,3.5,1183518670
159,4308,2.0,1183519684
159,4327,4.5,1183519506
159,4848,3.0,1183519713
159,4878,4.0,1183518745
159,4973,4.5,1183518660
159,4993,4.5,1183518820
159,5015,3.0,1183519658
159,5060,4.0,1183519490
159,5299,4.0,1183519731
159,5952,4.5,1183518833
159,5971,3.5,1183518857
159,6016,3.5,1183518733
159,6350,4.0,1183518710
159,6711,2.5,1183519466
159,6786,2.5,1183519224
159,6807,3.5,1183519665
159,6874,4.0,1183519198
159,6942,4.0,1183519470
159,7143,3.0,1183519269
159,7153,4.5,1183518832
159,7445,4.5,1183519537
159,8645,4.0,1183519558
159,8873,3.5,1183519681
159,8966,1.5,1183519215
159,26294,3.5,1183519761
159,26662,4.0,1183519187
159,27831,2.5,1183519282
159,27838,4.5,1183519581
159,30810,1.0,1183519374
159,31878,1.5,1183519243
159,36529,3.0,1183519455
159,46578,4.0,1183519416
159,48394,3.5,1183518878
159,48516,3.5,1183518740
159,51255,3.5,1183518799
160,34,2.0,974256306
160,36,4.0,974256106
160,111,4.0,974255599
160,280,5.0,974258204
160,318,5.0,974256031
160,339,4.0,974256766
160,350,4.0,974258113
160,356,5.0,974256558
160,454,4.0,974258259
160,457,5.0,974258079
160,490,4.0,974258351
160,527,3.0,974255503
160,539,5.0,974256628
160,586,3.0,974257089
160,587,5.0,974256809
160,593,3.0,974256051
160,597,5.0,974256628
160,832,5.0,974258127
160,858,3.0,974258948
160,1079,3.0,974257297
160,1088,4.0,974258881
160,1092,4.0,974258307
160,1124,5.0,974259358
160,1135,4.0,974257516
160,1193,5.0,974255556
160,1213,3.0,974256205
160,1230,5.0,974258923
160,1244,4.0,974258923
160,1265,4.0,974258618
160,1270,3.0,974257259
160,1302,4.0,974257680
160,1307,5.0,974257378
160,1358,5.0,974258079
160,1380,4.0,974258923
160,1393,5.0,974258587
160,1395,3.0,974257516
160,1409,3.0,974256830
160,1485,3.0,974256784
160,1500,4.0,974256766
160,1569,3.0,974256864
160,1617,3.0,974258079
160,1674,5.0,974257782
160,1678,4.0,974256180
160,1704,5.0,974256122
160,1721,4.0,974258635
160,1727,3.0,974256416
160,1784,4.0,974256588
160,1923,4.0,974257038
160,1955,5.0,974258996
160,1956,4.0,974257697
160,1958,5.0,974257391
160,1961,5.0,974257680
160,1962,4.0,974257730
160,1968,4.0,974257362
160,2002,4.0,974256809
160,2245,4.0,974257871
160,2247,3.0,974257475
160,2313,4.0,974257808
160,2352,4.0,974257712
160,2369,4.0,974257516
160,2375,3.0,974257547
160,2424,4.0,974257038
160,2431,4.0,974256864
160,2469,2.0,974258881
160,2520,4.0,974259049
160,2639,4.0,974258004
160,2716,2.0,974257362
160,2736,4.0,974257437
160,2739,5.0,974257730
160,2762,5.0,974258079
160,2791,3.0,974255599
160,2858,3.0,974255556
160,2875,3.0,974258728
160,2881,5.0,974258307
160,2918,4.0,974257297
160,2942,4.0,974258004
160,2987,2.0,974255556
160,3068,5.0,974257855
160,3100,4.0,974256221
160,3111,5.0,974257888
160,3157,2.0,974257056
160,3178,4.0,974256628
160,3194,4.0,974259013
160,3244,4.0,974258923
160,3249,5.0,974258142
160,3252,5.0,974256394
160,3362,5.0,974258996
160,3363,4.0,974258974
160,3421,3.0,974259106
160,3430,4.0,974259049
160,3448,3.0,974257297
160,3450,3.0,974256661
160,3524,3.0,974257516
160,3584,4.0,974255599
160,3591,4.0,974257475
160,3688,3.0,974257600
160,3690,2.0,974257630
160,3791,4.0,974258004
160,3809,5.0,974256977
160,3844,5.0,974257950
161,2,4.0,837629692
161,10,4.0,837629446
161,11,4.0,837629659
161,17,5.0,837629711
161,21,3.0,837629516
161,25,3.0,837629819
161,31,3.0,837629820
161,32,3.0,837629562
161,36,4.0,837629925
161,39,3.0,837629544
161,44,3.0,837629757
161,47,4.0,837629464
161,48,3.0,837629866
161,62,4.0,837629820
161,95,4.0,837629733
161,141,5.0,837629733
161,145,3.0,837630800
161,150,4.0,837629353
161,153,3.0,837629381
161,158,4.0,837629757
161,160,3.0,837629544
161,161,5.0,837629427
161,163,4.0,837630040
161,165,3.0,837629381
161,172,4.0,837629757
161,173,3.0,837629586
161,181,3.0,837630800
161,185,4.0,837629446
161,204,3.0,837629733
161,224,3.0,837629820
161,225,4.0,837629488
161,227,3.0,837629973
161,231,3.0,837629407
161,236,3.0,837629615
161,237,3.0,837629940
161,252,4.0,837629692
161,256,3.0,837629757
161,261,3.0,837629733
161,266,4.0,837629562
161,277,3.0,837629896
161,292,4.0,837629427
161,293,3.0,837629711
161,296,3.0,837629353
161,300,4.0,837629464
161,315,3.0,837629586
161,316,3.0,837629406
161,317,3.0,837629516
161,318,5.0,837629406
161,329,3.0,837629406
161,337,3.0,837629692
161,339,3.0,837629446
161,344,4.0,837629381
161,349,3.0,837629381
161,350,5.0,837629659
161,356,4.0,837629488
161,357,5.0,837629692
161,364,3.0,837629516
161,367,3.0,837629516
161,368,5.0,837630040
161,370,3.0,837630800
161,377,5.0,837629562
161,380,4.0,837629354
161,410,5.0,837629464
161,420,3.0,837629544
161,434,3.0,837629427
161,440,4.0,837629586
161,442,3.0,837629711
161,454,4.0,837629488
161,457,5.0,837629427
161,474,4.0,837629866
161,480,4.0,837629488
161,485,3.0,837630094
161,500,4.0,837629586
161,508,4.0,837629925
161,509,4.0,837629733
161,515,3.0,837629973
161,539,3.0,837629615
161,553,4.0,837629615
161,585,3.0,837629925
161,586,3.0,837629659
161,587,4.0,837629615
161,588,3.0,837629381
161,589,5.0,837629544
161,590,3.0,837629353
161,592,3.0,837629353
161,593,5.0,837629427
161,595,3.0,837629407
161,597,3.0,837629659
161,608,3.0,837630040
161,648,3.0,837630094
162,3,2.0,852791965
162,5,4.0,852791965
162,6,3.0,852791965
162,7,3.0,852791965
162,17,4.0,852792058
162,36,3.0,852791965
162,52,5.0,852791994
162,62,5.0,852792058
162,64,3.0,852792308
162,100,3.0,852792221
162,118,3.0,852792392
162,140,4.0,852792019
162,141,5.0,852792058
162,376,4.0,852791965
