162,494,3.0,852792107
162,605,3.0,852792452
162,608,5.0,852791965
162,637,3.0,852792019
162,648,3.0,852792058
162,650,3.0,852792354
162,707,3.0,852792246
162,708,3.0,852791994
162,719,3.0,852792246
162,736,2.0,852792058
162,780,3.0,852792058
162,788,3.0,852791994
162,805,3.0,852792221
162,852,3.0,852792272
162,1353,3.0,852792392
162,1393,5.0,852792372
163,1,3.0,1390767736
163,19,0.5,1390776289
163,110,4.0,1390766930
163,150,4.5,1390766905
163,153,0.5,1390767109
163,260,4.0,1390766833
163,296,3.0,1390766954
163,318,5.0,1294084408
163,344,1.5,1390767810
163,356,5.0,1294158771
163,367,2.0,1390767129
163,457,4.0,1390766921
163,480,3.5,1390766825
163,527,5.0,1294084403
163,586,3.5,1390776274
163,588,2.5,1390767042
163,589,2.0,1390766869
163,592,2.5,1390766860
163,593,4.5,1390766814
163,648,3.0,1390776270
163,743,0.5,1294063848
163,780,3.0,1390766855
163,858,5.0,1294084360
163,1092,3.5,1294063744
163,1196,4.0,1390767035
163,1210,4.0,1390766848
163,1221,5.0,1294084374
163,1370,1.5,1390776630
163,1704,4.5,1294158881
163,1721,3.5,1390767124
163,1735,4.5,1294064044
163,1835,3.5,1294063913
163,1882,1.5,1294063829
163,1994,3.5,1390767684
163,2028,4.0,1390767157
163,2278,4.0,1294063761
163,2324,3.0,1294158283
163,2404,0.5,1294159272
163,2412,0.5,1294063996
163,2541,4.0,1294063793
163,2571,2.0,1390766977
163,2858,4.5,1294158301
163,2997,4.5,1390767211
163,3438,2.0,1294063921
163,3578,3.5,1390767582
163,3615,2.0,1294064126
163,3717,3.5,1390776583
163,3793,3.5,1390776260
163,4718,2.5,1390776566
163,4963,4.0,1390767742
163,4993,3.5,1390767117
163,5349,2.5,1390776249
163,6059,0.5,1294064112
163,6565,4.5,1294159057
163,7153,3.0,1294158525
163,8636,2.5,1390776545
163,33493,3.5,1390776540
163,55247,3.5,1390767791
163,56174,1.5,1294158761
163,60069,4.0,1294158603
163,64034,4.5,1390768421
163,66544,3.0,1294158232
163,72378,0.5,1390767164
163,73290,4.5,1320604494
163,74688,2.5,1320602141
163,78499,2.5,1294158583
163,79132,2.5,1294064035
163,82202,2.5,1294064607
163,87485,1.5,1320618115
163,88744,4.5,1321732673
163,91077,3.5,1390776168
163,92751,4.0,1390766615
163,93422,4.0,1390767537
163,97938,4.0,1390775823
163,98809,3.5,1390767498
163,103249,3.0,1390775312
163,104337,4.0,1390775779
163,104925,3.5,1390775955
163,105844,4.0,1390766794
163,106489,4.0,1390767502
163,106782,4.5,1390767414
164,1,3.5,1179531301
164,10,4.0,1182287578
164,104,4.0,1180653733
164,110,3.0,1182619735
164,111,4.5,1182619786
164,223,4.5,1182287392
164,231,2.0,1179531233
164,260,3.0,1179531305
164,293,4.0,1178928230
164,296,4.5,1182619724
164,317,1.0,1178927026
164,318,4.5,1182619722
164,364,4.0,1179530417
164,441,4.0,1182287459
164,480,3.0,1182620144
164,608,4.5,1182619843
164,609,2.0,1178926978
164,788,2.5,1178926928
164,904,3.5,1179031670
164,908,4.5,1178927749
164,913,4.0,1179891195
164,922,4.0,1179030022
164,954,5.0,1182619887
164,1073,4.0,1182387701
164,1089,5.0,1178927475
164,1136,3.5,1179533887
164,1203,5.0,1178927651
164,1206,5.0,1178926943
164,1207,4.0,1179031702
164,1208,4.0,1182287518
164,1210,2.5,1182619757
164,1240,2.5,1182620184
164,1265,4.0,1179531237
164,1285,4.0,1178927539
164,1517,4.0,1179531366
164,1580,3.5,1179530356
164,1688,3.0,1178926883
164,1704,4.0,1182287580
164,1722,3.5,1178926971
164,1732,3.5,1182619909
164,1907,3.0,1178926953
164,1923,3.5,1179530384
164,1968,4.0,1179031968
164,2109,4.0,1178927123
164,2321,4.0,1178927517
164,2683,4.0,1179531258
164,2791,4.0,1179890279
164,2858,4.0,1180653109
164,2947,4.0,1178927090
164,3114,3.5,1178926925
164,3253,3.5,1179890296
164,3751,3.5,1179890318
164,4022,4.0,1179530376
164,4027,4.0,1179031032
164,4306,4.0,1178928048
164,4447,3.0,1178926889
164,4641,4.5,1178927454
164,4878,5.0,1179890521
164,4973,4.0,1182619921
164,4993,3.0,1179531357
164,5349,3.5,1182619938
164,5418,4.0,1178927008
164,5810,3.5,1178926870
164,5952,2.5,1179531309
164,6218,4.0,1179031139
164,6331,4.5,1182619942
164,6373,3.5,1179891094
164,6377,3.5,1179530369
164,6502,3.5,1182619905
164,7153,3.0,1178927037
164,8360,2.5,1182620196
164,8464,4.0,1182287570
164,8600,4.0,1182287586
164,8636,3.0,1182619936
164,8665,3.5,1179531245
164,8784,5.0,1178927228
164,8961,3.5,1178927070
164,26974,4.0,1182619873
164,33166,4.0,1182387710
164,34048,3.5,1182287590
164,43396,3.0,1182619927
164,45728,4.0,1182287395
165,1,2.5,1111482682
165,2,3.0,1111981462
165,3,2.5,1111981538
165,10,2.5,1111482847
165,19,1.0,1111482570
165,21,2.5,1111479425
165,22,3.5,1111479044
165,31,3.5,1111981801
165,44,4.0,1111482102
165,47,3.5,1111479971
165,50,2.0,1111482816
165,62,3.5,1111981437
165,70,5.0,1111480089
165,81,3.0,1111482441
165,104,4.0,1111482096
165,110,4.5,1111912930
165,111,4.0,1111981448
165,112,2.0,1111981621
165,145,3.5,1111981751
165,158,2.0,1111479041
165,163,4.0,1111981715
165,165,5.0,1111612298
165,173,1.5,1111981610
165,181,1.0,1111482443
165,185,2.5,1111482873
165,196,2.0,1111981642
165,198,3.0,1111479127
165,216,3.5,1111981940
165,225,2.0,1111981559
165,231,4.0,1111482094
165,246,3.0,1111980924
165,276,2.0,1111982099
165,280,3.5,1111982190
165,292,3.0,1111482854
165,293,5.0,1111479305
165,296,3.5,1111480525
165,317,2.5,1111981484
165,318,4.0,1111479639
165,322,4.5,1111609877
165,338,2.0,1111982333
165,339,2.5,1111482645
165,344,4.0,1111482800
165,350,3.0,1111482557
165,356,3.5,1111480611
165,364,3.5,1111482824
165,367,3.5,1111482856
165,370,3.0,1111981697
165,377,3.0,1111480633
165,380,4.0,1111480618
165,393,1.0,1111611009
165,413,3.0,1111982342
165,424,3.5,1111610567
165,428,3.0,1111480423
165,432,2.0,1111981613
165,434,2.0,1111482554
165,442,2.5,1111981478
165,457,3.0,1111479900
165,466,4.0,1111482079
165,470,3.0,1111612047
165,480,3.0,1111480613
165,485,3.5,1111482300
165,500,3.0,1111482850
165,502,1.5,1111479498
165,508,4.5,1111479855
165,514,3.0,1111479736
165,520,5.0,1111479064
165,524,3.0,1111982109
165,527,4.0,1120068294
165,529,3.5,1111482724
165,538,3.5,1111982281
165,539,2.0,1111981315
165,543,4.5,1111612357
165,546,1.0,1111611453
165,586,4.5,1111482718
165,587,3.0,1111482864
165,588,4.0,1111480626
165,589,4.5,1113267986
165,592,4.0,1111480537
165,593,3.0,1111480609
165,595,3.0,1111482813
165,596,3.0,1111612353
165,608,3.0,1111480631
165,648,3.5,1111482809
165,653,1.0,1111482551
165,671,3.5,1111482370
165,673,1.5,1111981824
165,733,3.0,1111482833
165,736,2.5,1111482822
165,741,1.0,1112679125
165,780,4.0,1111480621
165,784,2.0,1111981662
165,802,2.5,1111482731
165,805,4.5,1111981721
165,810,2.5,1111483539
165,832,2.5,1111981626
165,834,3.0,1111544586
165,866,3.0,1111982104
165,919,3.5,1111482179
165,968,5.0,1111480014
165,1022,3.0,1111981968
165,1027,3.0,1111482392
165,1032,3.0,1111982266
165,1036,2.5,1111479916
165,1047,3.0,1111981835
165,1059,4.0,1111612225
165,1061,2.5,1111610189
165,1073,5.0,1111482359
165,1092,2.5,1111981773
165,1097,4.0,1111482860
165,1198,4.0,1111482627
165,1200,3.5,1111981454
165,1208,3.0,1111981544
165,1215,3.5,1111482290
165,1222,2.0,1111981603
165,1240,3.0,1111609894
165,1257,1.5,1111479962
165,1258,1.0,1111981565
165,1259,3.5,1111479987
165,1265,4.0,1111482033
165,1270,3.5,1111481917
165,1291,3.0,1111480417
165,1307,2.5,1111482635
165,1320,3.5,1111479101
165,1333,2.5,1111981816
165,1347,4.5,1111982292
165,1370,2.5,1111480080
165,1377,4.0,1111482012
165,1380,2.0,1111479020
165,1391,3.0,1111481945
165,1393,5.0,1111612302
165,1405,4.0,1111981890
165,1430,2.5,1111544609
165,1447,3.5,1111544605
165,1485,4.0,1111981711
165,1490,0.5,1111611335
165,1500,4.0,1111482493
165,1517,2.5,1111481904
165,1527,4.0,1112176015
165,1532,2.5,1111544615
165,1544,3.0,1111482601
165,1552,2.5,1111482228
165,1562,0.5,1111982007
165,1573,3.5,1111482648
165,1580,2.5,1111609797
165,1597,2.5,1111482168
165,1599,3.0,1111481213
165,1625,3.0,1111479081
165,1632,2.5,1111544629
165,1639,4.0,1111482544
165,1645,2.5,1111482162
165,1661,1.5,1111544643
165,1681,0.5,1111611428
165,1682,3.0,1111482297
165,1704,4.0,1111479936
165,1721,3.0,1111482007
165,1729,2.0,1111981828
165,1739,0.5,1111481183
165,1747,1.0,1111482560
165,1753,4.0,1111479403
165,1777,3.5,1111482502
165,1784,3.0,1111481912
165,1805,2.0,1111982193
165,1840,3.0,1111479764
165,1863,3.5,1111610272
165,1876,3.0,1111482039
165,1882,1.0,1111982294
165,1886,1.5,1111611940
165,1917,5.0,1111481969
165,1921,3.5,1111982185
165,1923,3.5,1111482007
165,1970,3.0,1112679242
165,1972,3.5,1111482343
165,1997,2.5,1111481937
165,2003,3.5,1111981798
165,2005,3.5,1111479677
165,2012,2.5,1111481863
165,2018,3.0,1111982351
165,2025,2.5,1111612199
165,2028,4.0,1111481983
165,2054,3.0,1111479052
165,2078,3.0,1111982010
165,2081,2.0,1111479088
165,2087,3.0,1111982307
165,2115,3.0,1111482251
165,2134,3.0,1111612190
165,2174,3.5,1111479770
165,2231,3.0,1111610238
165,2232,5.0,1111609799
165,2248,2.0,1111980163
165,2253,3.5,1111480641
165,2278,1.0,1111981918
165,2302,3.0,1111481853
165,2321,3.0,1111481929
165,2329,4.5,1111480370
165,2338,2.0,1111482351
165,2353,4.0,1111479079
165,2395,3.5,1111482199
165,2420,4.5,1111479346
165,2421,4.0,1111479353
165,2422,3.0,1111479385
165,2424,3.0,1111981819
165,2449,3.0,1111610900
165,2455,3.0,1111981837
165,2462,3.0,1111481241
165,2490,0.5,1111981929
165,2502,3.0,1111479056
165,2541,5.0,1111982121
165,2571,5.0,1111480428
165,2580,4.0,1111479966
165,2617,3.5,1111481985
165,2628,2.5,1111482668
165,2662,2.0,1111482591
165,2683,2.5,1111482027
165,2686,4.5,1111482431
165,2692,3.5,1111481961
165,2699,3.0,1111479011
165,2700,4.5,1111481861
165,2706,3.5,1111481975
165,2710,0.5,1111482114
165,2716,3.5,1111981451
165,2746,3.0,1111482574
165,2762,5.0,1111480419
165,2791,3.0,1111981616
165,2797,4.0,1111482437
165,2799,2.5,1111481181
165,2804,2.5,1111482692
165,2841,3.0,1111610514
165,2845,0.5,1111544698
165,2858,3.5,1111481873
165,2881,1.0,1111982102
165,2890,2.5,1111482060
165,2916,3.0,1111481989
165,2918,5.0,1111479924
165,2953,3.5,1111482608
165,2959,5.0,1111480653
165,2979,2.0,1111544701
165,2987,4.0,1111479767
165,2997,3.0,1111482042
165,3000,3.5,1111609915
165,3020,4.5,1111479759
165,3033,4.0,1111479682
165,3046,2.0,1111544716
165,3052,2.0,1111481749
165,3081,2.0,1111482099
165,3101,2.5,1111479106
165,3147,4.0,1111479859
165,3148,3.5,1111482598
165,3160,3.5,1111981804
165,3253,3.5,1111479715
165,3255,3.0,1111482585
165,3257,2.0,1111479356
165,3271,3.0,1111479931
165,3300,1.5,1111612105
165,3328,3.5,1111482407
165,3350,3.0,1120068354
165,3354,0.5,1111982354
165,3437,5.0,1111611824
165,3438,3.0,1111611097
165,3439,4.0,1111611099
165,3440,2.5,1111611103
165,3471,2.5,1111482158
165,3481,3.0,1111481949
165,3510,3.0,1111480425
165,3535,2.0,1111982349
165,3554,4.0,1112679158
165,3555,3.0,1111982299
165,3578,3.5,1111479902
165,3593,0.5,1111610943
165,3617,2.5,1111982357
165,3623,0.5,1111479113
165,3696,5.0,1111544780
165,3751,2.0,1111482054
165,3752,2.0,1111982324
165,3761,2.5,1111976030
165,3773,3.0,1111612043
165,3774,3.5,1111612045
165,3785,3.5,1111982301
165,3793,4.0,1111481856
165,3823,1.5,1111544774
165,3863,2.5,1111982128
165,3869,3.5,1111482367
165,3897,3.5,1111479994
165,3914,1.0,1111544796
165,3916,3.0,1111610539
165,3943,4.0,1111544813
165,3948,2.0,1111482140
165,3949,2.5,1111980153
165,3973,0.5,1111611914
165,3977,1.0,1111482127
165,3996,5.0,1111481866
165,4011,1.0,1111609765
165,4019,3.5,1111609772
165,4022,2.5,1111482063
165,4025,1.5,1111479360
165,4034,3.5,1111479094
165,4054,3.5,1111974579
165,4066,3.5,1111612079
165,4105,3.0,1111609926
165,4128,4.0,1111610175
165,4217,2.5,1120068379
165,4226,3.5,1111479248
165,4235,4.0,1111980518
165,4255,3.0,1111611899
165,4262,2.0,1111609900
165,4306,4.0,1111479940
165,4369,2.0,1111482425
165,4370,1.0,1111982123
165,4446,3.5,1111482418
165,4532,2.5,1120068461
165,4533,4.5,1120068453
165,4571,4.0,1111479751
165,4616,3.0,1111610138
165,4623,2.5,1111610270
165,4630,5.0,1111611982
165,4649,2.5,1111544905
165,4720,3.5,1111610250
165,4732,2.5,1111544926
165,4734,2.5,1111482568
165,4749,2.0,1111481171
165,4750,1.5,1111481174
165,4765,3.0,1111544922
165,4775,2.0,1111481159
165,4875,1.0,1111610955
165,4878,3.5,1111479322
165,4886,3.0,1111480753
165,4963,3.0,1112862161
165,4968,1.5,1111544939
165,4995,3.5,1111610361
165,5053,3.0,1111611965
165,5080,2.5,1111609693
165,5094,1.0,1111611733
165,5095,3.0,1111612120
165,5103,3.5,1111479713
165,5106,1.5,1111611419
165,5152,1.0,1111610214
165,5165,3.5,1111480053
165,5170,2.5,1111544956
165,5294,1.5,1111610103
165,5323,3.5,1111611803
165,5329,2.0,1111545166
165,5349,4.0,1111481920
165,5378,0.5,1111981923
165,5387,1.0,1111544973
165,5418,2.0,1111479893
165,5443,2.0,1111610890
165,5445,3.5,1111479887
165,5448,2.5,1111611144
165,5464,1.0,1111483124
165,5501,3.0,1111545003
165,5502,4.5,1111982312
165,5507,1.0,1111482454
165,5531,2.5,1111544994
165,5556,1.0,1111611741
165,5562,2.0,1111544998
165,5569,2.0,1111545007
165,5577,3.0,1111612163
165,5597,4.0,1111610879
165,5609,0.5,1111611730
165,5615,1.5,1111545018
165,5625,1.0,1111479721
165,5628,2.0,1111545012
165,5630,3.0,1111480432
165,5669,4.5,1111980113
165,5679,3.5,1111609738
165,5765,5.0,1111479691
165,5880,0.5,1111611312
165,5883,2.0,1111611979
165,5901,2.5,1111545046
165,5902,0.5,1111980416
165,5903,3.5,1111480402
165,5945,2.5,1111482091
165,5955,5.0,1111479949
165,5959,4.0,1111610222
165,5962,0.5,1111611889
165,5989,3.5,1111480414
165,6016,3.0,1111479653
165,6057,2.5,1111545061
165,6063,4.5,1111479742
165,6157,3.0,1112679205
165,6188,4.0,1111610235
165,6204,2.5,1111611955
165,6218,2.5,1111609912
165,6242,2.0,1111979893
165,6284,0.5,1111479753
165,6323,4.0,1111610524
165,6333,3.5,1111479877
165,6365,2.0,1111982019
165,6378,1.5,1111610528
165,6464,2.0,1111483520
165,6482,0.5,1111611916
165,6502,3.5,1111482107
165,6587,0.5,1111481156
165,6620,1.5,1111980536
165,6731,4.0,1111480034
165,6796,4.5,1111610549
165,6827,2.0,1111481221
165,6867,1.0,1111980432
165,6870,3.0,1111980126
165,6872,0.5,1111610819
165,6874,5.0,1111480750
165,6909,3.0,1111912447
165,6936,2.5,1111482460
165,6942,4.0,1111609760
165,6947,1.0,1111482458
165,6953,1.0,1111610395
165,7022,3.5,1111609775
165,7090,3.5,1111610377
165,7117,3.0,1111611208
165,7137,2.5,1111610228
165,7139,3.0,1111980236
165,7143,5.0,1111479870
165,7160,1.5,1111479295
165,7189,1.5,1111483453
165,7254,3.5,1111479987
165,7263,2.5,1111480374
165,7315,2.0,1111611968
165,7343,1.5,1112176029
165,7360,4.0,1111480043
165,7361,4.0,1111479326
165,7387,1.5,1111480042
165,7438,4.0,1111480654
165,7445,4.0,1111480366
165,7458,2.5,1111479400
165,7802,4.0,1112679238
165,7899,3.0,1111610107
165,8130,3.0,1111544466
165,8225,2.5,1111480022
165,8360,4.0,1111480666
165,8363,1.0,1111611403
165,8366,2.0,1111979070
165,8367,2.0,1112095574
165,8372,1.0,1111611905
165,8528,2.0,1111479699
165,8529,3.5,1112078947
165,8533,2.0,1111912388
165,8534,2.5,1113813088
165,8636,4.0,1111480382
165,8641,2.5,1111479407
165,8645,5.0,1111980134
165,8665,3.5,1111479979
165,8667,2.0,1111610219
165,8720,2.5,1111611992
165,8781,3.0,1111479704
165,8783,1.5,1111479377
165,8784,4.0,1111479298
165,8798,4.0,1111610172
165,8807,3.5,1111479419
165,8810,1.0,1111479349
165,8832,1.5,1111610198
165,8835,1.5,1111479362
165,8836,0.5,1111479487
165,8839,2.5,1111481229
165,8860,1.0,1111479436
165,8861,0.5,1111479388
165,8864,3.5,1111479342
165,8865,1.5,1111479431
165,8870,4.0,1111479473
165,8874,4.0,1111480068
165,8907,2.0,1111912408
165,8908,1.0,1111479466
165,8910,1.5,1111479442
165,8911,2.5,1113813097
165,8918,2.5,1111479446
165,8937,4.5,1111479434
165,8947,1.0,1111912422
165,8957,4.5,1112176043
165,8958,3.5,1120068362
165,8961,3.0,1111479242
165,8974,2.5,1112679141
165,8984,1.0,1112862150
165,9010,5.0,1111480338
165,9018,2.5,1112078957
165,27317,3.0,1111610390
165,27604,2.0,1113411108
165,27773,4.0,1111479561
165,27808,3.0,1112679214
165,27822,0.5,1111479464
165,27838,3.0,1112679117
165,27869,3.0,1113167865
165,30749,1.0,1120068332
165,30820,2.5,1112982315
165,31221,3.5,1112679197
165,31445,2.0,1111479484
165,31696,2.5,1111479578
165,31724,1.0,1111479503
165,32587,4.0,1112840368
165,33794,3.5,1120068275
166,34,4.0,1064888506
166,147,4.5,1064888637
166,163,3.5,1064888606
166,293,4.5,1064888812
166,342,4.0,1064887336
166,356,4.0,1064889082
166,376,4.0,1064887032
166,435,0.5,1064886959
166,480,3.5,1064889111
166,524,4.0,1064888483
166,590,5.0,1064889120
166,608,3.0,1064888510
166,653,3.0,1064887021
166,785,2.0,1064887460
166,912,2.0,1064888582
166,1242,5.0,1064887402
166,1246,4.5,1064889089
166,1393,4.0,1064889126
166,1584,4.0,1064889136
166,1676,3.0,1064889007
166,1682,4.0,1064887297
166,1732,1.0,1064887367
166,1917,3.0,1064887265
166,1968,4.0,1064889114
166,2096,4.0,1064888456
166,2302,4.0,1064887417
166,2355,4.0,1064886953
166,2797,4.5,1064887245
166,3114,4.0,1064887231
166,3404,3.0,1064888661
166,3489,4.0,1064888994
166,3578,5.0,1064887026
166,3624,4.0,1064887949
166,3751,3.0,1064887383
166,3897,4.5,1064887435
166,4223,4.0,1064889094
166,4262,4.0,1064888885
166,4367,2.5,1064888102
166,4886,4.5,1064889159
166,4963,3.5,1064887933
166,5349,4.0,1064887939
166,5445,4.5,1064887945
166,5669,5.0,1064888495
166,5952,4.5,1064888405
166,5989,4.5,1064887927
166,6156,4.0,1064888066
166,6157,2.5,1064889000
166,6287,3.0,1064888682
166,6333,4.0,1064887923
166,6383,2.0,1064888685
166,6535,4.0,1064888374
166,6539,4.5,1064887792
166,6564,2.5,1064887823
166,6595,4.0,1064887801
166,6596,2.5,1064887827
166,6686,2.0,1064888366
167,480,5.0,954114978
167,575,5.0,954115144
167,1097,5.0,954114904
167,1199,4.0,954115020
167,1210,3.0,954114958
167,1214,4.0,954114958
167,1240,4.0,954114958
167,1270,5.0,954114930
167,2002,4.0,954053457
167,2053,4.0,954053457
167,2078,5.0,954053212
167,2081,4.0,954115144
167,2174,2.0,954053165
167,2355,4.0,954115544
167,2365,2.0,954115062
167,2407,4.0,954114998
167,2454,5.0,954115020
167,2455,5.0,954115040
167,2571,2.0,954114904
167,2640,3.0,954114998
167,2699,3.0,954115524
167,2985,3.0,954114978
167,3101,5.0,954051710
167,3157,4.0,954115163
168,1,5.0,848866772
168,4,3.0,848879299
168,20,2.0,848879311
168,21,4.0,848879039
168,32,3.0,848866720
168,39,4.0,848866720
168,50,4.0,848866691
168,93,2.0,848879389
168,110,3.0,848866642
168,111,5.0,848866943
168,122,3.0,848879277
168,145,3.0,848879177
168,150,4.0,848866570
168,151,3.0,848879076
168,153,3.0,848866602
168,163,3.0,848879158
168,164,3.0,848879389
168,165,3.0,848866602
168,173,1.0,848866744
168,175,3.0,848879449
168,196,2.0,848879076
168,198,2.0,848879256
168,204,3.0,848879090
168,217,3.0,848879608
168,225,3.0,848866720
168,227,2.0,848879167
168,234,2.0,848879242
168,235,4.0,848866964
168,237,3.0,848879151
168,252,3.0,848879090
168,255,1.0,848879412
168,259,3.0,848879449
168,260,5.0,848879311
168,269,4.0,848879781
168,287,3.0,848879874
168,288,3.0,848866666
168,292,3.0,848866631
168,296,4.0,848866570
168,300,4.0,848866683
168,318,5.0,848866631
168,322,4.0,848879585
168,329,3.0,848866631
168,333,2.0,848879115
168,356,4.0,848866615
168,357,3.0,848866720
168,358,2.0,848879527
168,364,4.0,848866666
168,371,3.0,848879231
168,377,4.0,848866653
168,378,3.0,848879424
168,380,3.0,848866570
168,384,3.0,848879761
168,391,3.0,848879900
168,410,3.0,848866683
168,417,4.0,848879377
168,419,1.0,848879222
168,420,1.0,848866720
168,426,3.0,848879364
168,427,3.0,848879256
168,428,3.0,848879489
168,432,3.0,848866744
168,434,3.0,848866631
168,440,4.0,848866730
168,442,3.0,848866757
168,445,3.0,848879489
168,450,2.0,848879449
168,454,3.0,848866653
168,457,4.0,848866602
168,474,4.0,848866744
168,485,2.0,848879115
168,489,2.0,848879333
168,493,4.0,848879513
168,500,3.0,848879030
168,505,2.0,848879570
168,508,3.0,848866772
168,509,3.0,848866757
168,510,2.0,848879661
168,514,3.0,848879318
168,515,4.0,848866861
168,516,3.0,848879396
168,519,1.0,848879299
168,524,3.0,848879333
168,535,3.0,848879349
168,538,3.0,848879389
168,540,2.0,848879201
168,541,4.0,848879462
168,553,3.0,848866772
168,555,4.0,848879127
168,569,3.0,848879585
168,587,3.0,848866683
168,589,4.0,848866653
168,590,4.0,848866570
168,592,3.0,848866570
168,593,5.0,848866954
168,597,3.0,848866683
168,608,5.0,848866823
168,639,3.0,848879799
168,648,3.0,848866900
168,750,5.0,848879829
168,780,4.0,848866900
168,912,5.0,848879874
168,924,5.0,848879838
168,1021,3.0,848879822
168,1028,5.0,848879600
168,1035,3.0,848879553
168,1036,5.0,848866980
168,1073,5.0,848879424
168,1079,4.0,848879585
168,1089,4.0,848879874
168,1092,3.0,848879886
168,1097,4.0,848879667
168,1101,2.0,848879730
168,1136,4.0,848879812
168,1196,4.0,848879846
168,1198,5.0,848879900
168,1210,4.0,848879900
169,1,4.0,1234228717
169,60,1.5,1234227391
169,262,3.5,1234228429
169,274,2.0,1234227686
169,502,3.5,1234227478
169,527,5.0,1234228124
169,780,5.0,1234228422
169,838,3.5,1234228513
169,914,3.5,1234228764
169,1021,3.0,1234227487
169,1197,4.0,1234228105
169,1270,3.5,1234228754
169,2059,4.0,1234227516
169,2346,1.0,1234227572
169,2422,3.5,1234227474
169,2424,4.0,1234228215
169,2571,5.0,1234228070
169,2572,4.0,1234227791
169,2762,4.5,1234228613
169,2962,3.0,1234228370
169,3114,3.5,1234228773
169,3594,3.5,1234227692
169,3791,2.5,1234227497
169,3793,5.0,1234228796
169,4016,4.0,1234228306
169,4069,2.0,1234227463
169,4306,5.0,1234228634
169,4886,5.0,1234228604
169,4896,3.5,1234228309
169,4963,5.0,1234228703
169,4993,5.0,1234228062
169,4995,3.5,1234228640
169,5103,4.5,1234228737
169,5418,5.0,1234228624
169,5816,3.5,1234228295
169,5903,4.0,1234228827
169,5952,5.0,1234228530
169,5989,4.5,1234228679
169,6333,5.0,1234228677
169,6377,4.5,1234228584
169,6378,5.0,1234228759
169,6539,5.0,1234228608
169,6593,4.5,1234228236
169,6881,1.0,1234227698
169,7139,3.5,1234227565
169,7143,4.5,1234228728
169,7153,5.0,1234228064
169,7163,5.0,1234228200
169,7444,3.5,1234227812
169,8131,5.0,1234228470
169,8360,5.0,1234228302
169,8368,3.0,1234228925
169,8373,2.5,1234227650
169,8636,4.0,1234228789
169,8643,3.0,1234228162
169,8644,4.5,1234228488
169,8665,5.0,1234228667
169,8808,3.0,1234228178
169,8961,4.5,1234228586
169,8970,5.0,1234228592
169,8982,3.5,1234228391
169,26198,3.5,1234228341
169,27808,3.0,1234227608
169,31225,5.0,1234228749
169,32587,4.0,1234228835
169,33166,5.0,1234228978
169,33794,5.0,1234228540
169,34332,4.0,1234228501
169,34405,5.0,1234228611
169,36525,3.0,1234228242
169,37475,4.5,1234228411
169,40815,3.0,1234228944
169,40819,5.0,1234228974
169,42732,2.0,1234228185
169,43936,4.0,1234227822
169,44191,5.0,1234228823
169,44665,4.5,1234228629
169,45499,5.0,1234228476
169,46578,2.5,1234229002
169,47099,5.0,1234228254
169,47610,5.0,1234228652
169,48516,4.5,1234228857
169,48774,5.0,1234228994
169,48780,5.0,1234228867
169,48982,4.5,1234228692
169,49278,3.5,1234228981
169,49530,5.0,1234228905
169,50872,5.0,1234228589
169,51935,5.0,1234228300
169,52458,3.5,1234228417
169,52722,4.5,1234228224
169,53121,5.0,1234228245
169,53123,3.0,1234228913
169,53972,5.0,1234228427
169,54001,3.5,1234228263
169,54259,5.0,1234228383
169,54286,4.0,1234228570
169,54736,5.0,1234228757
169,55290,4.5,1234227677
169,56152,5.0,1234228437
169,56174,4.5,1234227525
169,56949,4.0,1234228168
169,58299,5.0,1234228443
169,58559,5.0,1234227999
169,58803,5.0,1234227839
169,59784,5.0,1234228650
169,60069,3.5,1234228849
169,60126,4.0,1234228440
169,61729,4.0,1234228373
169,63515,4.5,1234228843
169,63859,5.0,1234227768
169,64249,3.5,1234228257
169,64957,3.5,1234228939
170,29,2.5,1220532219
170,524,2.5,1220532237
170,616,2.0,1220532233
170,849,1.0,1220532210
170,1093,2.0,1220532230
170,1240,3.0,1263219169
170,1270,1.0,1263219174
170,1272,3.0,1220532208
170,1299,3.5,1220532234
170,1373,4.0,1220532238
170,1527,2.0,1263219159
170,1682,3.0,1263219164
170,1805,4.5,1220532240
170,1962,1.5,1220532200
170,2020,3.0,1220532223
170,2078,2.0,1220532202
170,2144,3.0,1220532233
170,2355,2.5,1263219154
170,2723,2.5,1220532222
170,2881,2.5,1220532231
170,3107,1.5,1220532229
170,3174,3.0,1220532245
170,3510,2.0,1220532233
170,3702,3.0,1220532228
170,3703,3.0,1220532205
