170,5952,3.0,1263219135
171,16,5.0,950556329
171,47,4.0,950996333
171,110,5.0,950556269
171,111,5.0,950556231
171,223,5.0,950556680
171,296,5.0,950996299
171,555,5.0,950996381
171,608,5.0,950996299
171,785,5.0,950556788
171,1034,5.0,950996358
171,1089,5.0,950996299
171,1093,3.0,950556231
171,1179,3.0,950996333
171,1198,5.0,950556329
171,1213,5.0,950996299
171,1466,4.0,950996299
171,1500,4.0,950996381
171,1513,4.0,950556889
171,1729,5.0,950996333
171,1732,4.0,950996358
171,1747,3.0,950556329
171,1805,3.0,950996381
171,2231,4.0,950996408
171,2268,4.0,950996408
171,2301,4.0,950556329
171,2336,5.0,950556723
171,2355,4.0,950556652
171,2395,5.0,950556889
171,2396,5.0,950556911
171,2541,4.0,950556680
171,2598,3.0,950556889
171,2599,5.0,950556705
171,2683,3.0,950556611
171,2686,4.0,951774844
171,2688,2.0,951139528
171,2694,4.0,950556652
171,2699,4.0,950556611
171,2702,4.0,950556911
171,2707,4.0,950556611
171,2710,2.0,950556652
171,2716,3.0,950556751
171,2724,4.0,950556889
171,2734,4.0,950556821
171,2770,4.0,950556652
171,2858,5.0,950556611
171,2881,3.0,950556705
171,2987,3.0,950556960
171,3039,3.0,950556231
172,17,4.0,843290928
172,32,3.0,843290818
172,34,3.0,843290717
172,50,5.0,843290785
172,107,5.0,843291455
172,141,3.0,843291407
172,150,4.0,843290451
172,296,5.0,843290451
172,300,4.0,843290752
172,318,4.0,843290567
172,356,3.0,843290566
172,364,3.0,843290717
172,377,3.0,843290752
172,457,4.0,843290534
172,480,3.0,843290645
172,509,4.0,843290928
172,527,4.0,843290844
172,539,3.0,843290844
172,586,4.0,843290786
172,588,3.0,843290496
172,590,3.0,843290451
172,592,3.0,843290451
172,663,5.0,843291455
172,806,5.0,843291455
173,1,4.0,875357598
173,6,5.0,875357288
173,32,4.0,875356677
173,40,4.0,875356897
173,62,4.0,875460345
173,100,4.0,876821498
173,107,3.0,875357448
173,112,4.0,875460476
173,260,5.0,875356589
173,494,4.0,876821269
173,605,5.0,876821382
173,647,4.0,875357143
173,653,3.0,876821405
173,673,4.0,876821773
173,708,3.0,876821338
173,733,5.0,875356897
173,736,4.0,876821462
173,745,5.0,875356590
173,762,3.0,876823420
173,778,5.0,875356505
173,780,4.0,876821249
173,799,4.0,875356898
173,804,4.0,876821747
173,805,4.0,876821177
173,832,4.0,875357143
173,852,5.0,875357504
173,999,3.0,876821773
173,1003,3.0,876821498
173,1047,4.0,875357598
173,1073,4.0,876822636
173,1210,4.0,875356506
173,1367,4.0,875357504
173,1485,3.0,875356096
173,1517,4.0,876821366
173,1542,5.0,876821338
173,1552,4.0,876821250
173,1562,3.0,876822114
173,1569,5.0,875356677
173,1580,4.0,875357289
173,1591,3.0,876821028
174,48,4.5,1109621256
174,163,1.5,1109621187
174,168,4.0,1109621240
174,172,2.0,1109621197
174,186,3.5,1109621215
174,246,1.0,1109621190
174,342,2.5,1109621247
174,370,3.5,1109621206
174,543,3.0,1109621260
174,552,4.0,1109621268
174,1094,2.0,1109621184
174,1252,0.5,1109621175
174,1376,4.5,1109621264
174,1380,4.5,1109621244
174,1639,4.0,1109621237
174,2302,2.5,1109621251
174,2699,3.5,1109621233
174,3751,3.0,1109621170
174,3897,4.0,1109621166
174,5060,3.5,1109621201
174,6534,3.0,1109623540
175,1,4.0,1052837092
175,47,4.0,1052884279
175,48,3.0,1052884607
175,73,4.0,1052884561
175,95,4.0,1052836094
175,107,4.0,1052884580
175,199,4.0,1052883340
175,260,5.0,1052836298
175,261,4.0,1052836837
175,262,5.0,1052836450
175,276,2.0,1052836139
175,296,5.0,1052836094
175,308,3.0,1052884351
175,364,4.0,1052884561
175,480,4.0,1052884652
175,588,3.0,1052884328
175,595,4.0,1052884561
175,647,3.0,1052835782
175,783,3.0,1052884580
175,919,4.0,1052837107
175,1022,4.0,1052884387
175,1029,4.0,1052835824
175,1097,4.0,1052884090
175,1196,5.0,1052836299
175,1197,4.0,1052884057
175,1198,4.0,1052836981
175,1207,4.0,1052883110
175,1210,5.0,1052836299
175,1211,5.0,1052883365
175,1242,4.0,1052837129
175,1260,4.0,1052883957
175,1265,3.0,1052884237
175,1270,3.0,1052835731
175,1291,4.0,1052884115
175,1348,3.0,1052883909
175,1416,4.0,1052884607
175,1479,3.0,1052835996
175,1487,3.0,1052884607
175,1527,4.0,1052884668
175,1537,4.0,1052837118
175,1562,2.0,1052836139
175,1580,4.0,1052884652
175,1584,4.0,1052884668
175,1653,4.0,1052835698
175,1688,4.0,1052884561
175,1704,5.0,1052884216
175,1721,3.0,1052883663
175,1784,4.0,1052884252
175,1961,4.0,1052884134
175,1968,4.0,1052884134
175,2010,4.0,1052883909
175,2028,1.0,1052835797
175,2059,4.0,1052836094
175,2077,4.0,1052884101
175,2083,4.0,1052884561
175,2084,4.0,1052884580
175,2089,4.0,1052836112
175,2092,2.0,1052884607
175,2115,4.0,1052884171
175,2125,4.0,1052884387
175,2248,4.0,1052884134
175,2291,3.0,1052835757
175,2324,4.0,1052837138
175,2394,4.0,1052884580
175,2424,2.0,1052835824
175,2542,4.0,1052884306
175,2571,5.0,1052837064
175,2628,3.0,1052836299
175,2791,4.0,1052884134
175,2858,4.0,1052837064
175,2907,3.0,1052835680
175,2918,4.0,1052884090
175,2953,2.0,1052836058
175,2959,5.0,1052836746
175,3114,4.0,1052884243
175,3159,4.0,1052884370
175,3160,4.0,1052883399
175,3350,4.0,1052836024
175,3565,3.0,1052883579
175,3668,2.0,1052835996
175,3844,4.0,1052883399
175,3910,5.0,1052835893
175,3948,2.0,1052883487
175,3977,2.0,1052883562
175,3996,3.0,1052836544
175,4016,5.0,1052836491
175,4018,3.0,1052836125
175,4025,3.0,1052883600
175,4054,4.0,1052836665
175,4161,4.0,1052883579
175,4226,4.0,1052836233
175,4246,2.0,1052836656
175,4306,4.0,1052836491
175,4308,5.0,1052836601
175,4447,4.0,1052883522
175,4459,5.0,1052883264
175,4519,4.0,1052835712
175,4700,4.0,1052883635
175,4823,4.0,1052883635
175,4896,4.0,1052836491
175,4963,4.0,1052836734
175,4993,5.0,1052836265
175,5103,4.0,1052836151
175,5299,4.0,1052836656
175,5349,4.0,1052836544
175,5378,2.0,1052836299
175,5444,5.0,1052836491
175,5460,4.0,1052883600
175,5524,4.0,1052836558
175,5577,4.0,1052883446
175,5679,2.0,1052884713
175,5810,4.0,1052884516
175,5812,5.0,1052836346
175,5816,4.0,1052836491
175,5839,4.0,1052884893
175,5840,4.0,1052884865
175,5882,4.0,1052836544
175,5943,4.0,1052883648
175,5952,5.0,1052836265
175,5957,3.0,1052883635
175,5989,4.0,1052883861
175,5991,3.0,1052836408
175,6006,1.0,1052883562
175,6157,3.0,1052836572
175,6323,4.0,1052884734
176,1,2.0,1340720798
176,2,3.0,1341047637
176,19,2.0,1340915742
176,34,2.0,1341001737
176,39,1.0,1341002026
176,48,3.0,1341050021
176,253,2.0,1340720267
176,260,4.0,1340714702
176,296,4.0,1368312442
176,337,2.5,1341051741
176,344,2.0,1340915739
176,364,3.0,1341048908
176,480,2.5,1340915680
176,541,3.0,1364721985
176,551,2.5,1340717480
176,588,3.5,1341001015
176,593,4.0,1340714712
176,595,4.0,1341001312
176,596,0.5,1341001883
176,648,2.5,1340916038
176,709,2.5,1340713490
176,783,3.5,1341049379
176,1022,2.0,1341048898
176,1028,4.0,1340913845
176,1035,3.0,1340913798
176,1196,4.5,1340714717
176,1198,3.0,1340720756
176,1210,5.0,1340715454
176,1232,0.5,1340715213
176,1246,3.5,1340715420
176,1259,2.0,1340715553
176,1291,3.0,1340720595
176,1380,3.0,1341050757
176,1381,1.5,1340721359
176,1391,2.0,1341047743
176,1485,3.0,1341047497
176,1517,1.5,1341001785
176,1527,4.0,1340715371
176,1566,3.5,1340713303
176,1580,2.5,1340720372
176,1682,3.0,1340715465
176,1721,2.0,1341000961
176,1760,0.5,1340721274
176,1907,3.5,1341048915
176,1921,3.0,1364722231
176,1923,1.0,1341002141
176,1947,2.5,1341056101
176,2018,2.0,1341050051
176,2054,1.5,1341047061
176,2078,2.0,1341050029
176,2080,3.0,1341049365
176,2081,2.0,1341048783
176,2087,2.0,1341050036
176,2096,2.0,1341048925
176,2115,3.0,1340720823
176,2571,4.5,1340714691
176,2617,1.5,1341002882
176,2628,4.0,1340914514
176,2671,2.5,1342857564
176,2683,1.0,1341001087
176,2700,1.0,1341002755
176,2701,1.5,1340713142
176,2706,1.5,1341001492
176,2716,2.5,1340720739
176,2987,3.5,1340912716
176,2997,2.0,1340902346
176,3000,4.5,1340715628
176,3034,2.0,1340713347
176,3054,1.0,1340721399
176,3355,4.0,1340713421
176,3408,3.5,1341002809
176,3752,0.5,1340713193
176,3785,0.5,1340721192
176,3825,2.5,1340747831
176,3948,0.5,1341002119
176,3988,2.0,1343335492
176,3996,4.0,1340715471
176,3997,1.0,1340713554
176,4246,3.5,1340914843
176,4306,3.5,1340916569
176,4308,4.0,1341050244
176,4310,3.0,1340913211
176,4367,2.0,1340721222
176,4383,2.0,1364722317
176,4446,1.0,1340713233
176,4447,3.5,1340914405
176,4700,1.0,1340914730
176,4720,3.5,1340715834
176,4816,0.5,1341002155
176,4896,3.0,1340715346
176,4963,4.0,1340715408
176,4973,3.5,1340714662
176,4993,4.5,1340714789
176,5064,2.5,1340716670
176,5072,0.5,1340713734
176,5128,2.0,1343335570
176,5218,3.0,1340918054
176,5349,3.0,1340715341
176,5378,4.0,1341001419
176,5445,3.5,1378384744
176,5502,3.0,1341047860
176,5618,4.0,1340716921
176,5690,3.0,1340713498
176,5816,3.0,1341002040
176,5903,3.5,1340917181
176,5952,5.0,1340714904
176,5971,4.0,1340717474
176,5989,3.0,1340715530
176,6016,4.0,1377799393
176,6283,3.0,1340720444
176,6287,1.5,1341003081
176,6350,4.0,1340719768
176,6365,3.5,1340917301
176,6378,3.5,1340716737
176,6539,4.0,1340715375
176,6541,2.0,1340721386
176,6754,2.5,1340720299
176,6794,0.5,1340747921
176,6874,3.5,1340715623
176,6934,2.5,1340917347
176,7022,1.5,1340916972
176,7090,4.5,1340715365
176,7099,4.0,1340719701
176,7143,4.5,1340715325
176,7147,4.0,1340715415
176,7153,5.0,1340714791
176,7438,3.5,1340715612
176,7458,2.5,1341055462
176,7649,3.5,1340713901
176,8360,3.5,1341056045
176,8368,3.5,1340715337
176,8622,3.5,1341001212
176,8957,0.5,1340721882
176,8969,3.5,1340914846
176,8970,3.5,1345915332
176,8972,3.0,1341055400
176,8981,1.5,1340746374
176,8983,4.0,1340716647
176,26662,3.5,1340715128
176,26776,4.0,1340713725
176,27660,3.5,1340720451
176,27689,1.0,1364722311
176,27815,4.0,1341055663
176,27850,3.0,1340748665
176,30793,2.5,1340717676
176,30816,3.5,1340914509
176,31410,4.0,1340911312
176,31658,5.0,1340716841
176,33004,3.5,1343335486
176,33493,3.5,1340916558
176,33794,2.5,1340720656
176,36401,2.0,1343335392
176,36529,3.5,1340913567
176,37830,4.0,1341002201
176,38061,2.5,1340811802
176,40597,2.0,1341047338
176,40815,3.0,1340715333
176,41566,2.5,1340748142
176,41571,3.0,1340720952
176,43419,2.0,1342949753
176,44191,3.5,1340715546
176,44195,4.0,1340748200
176,44665,4.0,1340716274
176,44849,3.5,1340917675
176,45447,3.0,1343335399
176,45720,2.0,1340914687
176,45722,3.0,1340916181
176,45880,2.0,1344347678
176,45950,3.5,1340748640
176,46976,4.0,1340748088
176,47610,4.0,1345577132
176,47999,4.0,1340748485
176,48043,4.5,1340716497
176,48738,4.0,1364721926
176,48997,3.5,1340913756
176,49649,2.0,1343335247
176,50068,5.0,1340715275
176,51662,3.0,1340747499
176,52579,3.5,1340714267
176,53125,3.5,1340916173
176,53894,2.5,1340748506
176,54259,3.0,1340716832
176,54999,3.5,1340747539
176,55167,3.5,1341002428
176,55721,2.5,1341056232
176,55820,3.0,1340913712
176,56152,3.0,1340915519
176,56171,3.0,1343335280
176,56367,3.5,1345237994
176,56757,4.0,1340717629
176,56949,2.5,1340912864
176,58559,3.0,1340714650
176,59333,2.0,1340912969
176,59615,3.0,1341056136
176,60069,4.5,1340715076
176,60397,3.5,1340914801
176,62849,3.5,1368312386
176,63082,4.0,1345667861
176,63276,3.5,1340916711
176,63853,3.0,1343333689
176,63992,1.0,1340720312
176,66198,2.5,1340747587
176,66203,2.5,1347306212
176,66317,3.0,1340720957
176,66808,1.0,1368307751
176,68073,3.0,1340918200
176,68157,4.0,1340715172
176,69275,1.5,1344167211
176,69640,3.5,1340916241
176,69757,3.0,1340914244
176,70183,4.0,1340914570
176,71282,4.0,1340748467
176,72737,3.5,1343333718
176,73017,2.5,1341047285
176,73319,3.0,1340915442
176,74458,4.0,1340913552
176,77201,2.0,1366545291
176,79132,4.0,1340714683
176,79293,2.5,1364722469
176,79702,4.0,1341001585
176,80463,2.5,1340715537
176,80864,3.0,1341001174
176,81591,4.0,1340715600
176,81845,5.0,1340714943
176,81847,3.0,1366545246
176,82167,2.5,1340914719
176,82202,2.5,1378384504
176,82463,3.0,1343334260
176,86142,3.0,1340916679
176,86190,2.5,1340911697
176,86835,2.0,1368307787
176,86882,5.0,1340715390
176,88129,4.0,1340715435
176,89102,2.0,1340916326
176,89745,3.0,1340714765
176,89761,3.5,1340911985
176,89804,3.5,1345237982
176,90405,2.5,1340714469
176,90866,4.0,1340714108
176,91500,2.0,1340917043
176,91529,3.5,1343334119
176,92259,5.0,1340714592
176,93805,3.5,1340912551
176,94478,2.5,1340717602
176,94480,1.0,1340915855
176,94864,3.0,1340720332
176,95875,3.5,1366545262
176,96079,3.0,1378384538
176,96737,3.0,1368307805
176,97304,3.5,1378384885
176,99114,4.0,1364721906
176,99320,2.0,1368307727
176,100556,3.5,1384107215
176,101864,3.5,1377799692
176,103253,3.0,1377799432
176,104841,3.0,1384107175
177,1,5.0,907515679
177,2,5.0,907380055
177,6,5.0,907380682
177,10,4.0,907380744
177,18,4.0,907380994
177,22,4.0,907380781
177,23,3.0,907380781
177,32,4.0,907380000
177,47,5.0,907380653
177,50,5.0,907380653
177,66,1.0,907380378
177,70,4.0,907380745
177,76,2.0,907380055
177,89,4.0,907380994
177,95,4.0,907380781
177,107,3.0,907380964
177,111,4.0,907380710
177,150,5.0,907380653
177,160,2.0,907380369
177,161,4.0,907380781
177,163,4.0,907380964
177,164,4.0,907380964
177,165,5.0,907380918
177,170,4.0,907381025
177,172,4.0,907380321
177,173,3.0,907380056
177,185,4.0,907380138
177,196,3.0,907380056
177,198,5.0,907380055
177,200,4.0,907381306
177,223,5.0,907516215
177,225,3.0,907381025
177,230,4.0,907380884
177,240,3.0,907381064
177,256,3.0,907380138
177,258,2.0,907380138
177,288,3.0,907381132
177,292,4.0,907380820
177,293,5.0,907380710
177,316,4.0,907380138
177,319,4.0,907380682
177,327,3.0,907380138
177,329,4.0,907380055
177,332,4.0,907381178
177,338,4.0,907380203
177,349,4.0,907380710
177,350,4.0,907380820
177,353,4.0,907380745
177,356,5.0,907515749
177,376,4.0,907381132
177,377,4.0,907380964
177,379,3.0,907380203
177,405,2.0,907380203
177,407,2.0,907381096
177,422,5.0,907381097
177,423,5.0,907381178
177,426,3.0,907380203
177,435,4.0,907380203
177,442,3.0,907380203
177,454,4.0,907380884
177,457,5.0,907380710
177,474,5.0,907380781
177,480,5.0,907379910
177,481,4.0,907380884
177,482,4.0,907380884
177,494,3.0,907381132
177,497,5.0,907515749
177,504,3.0,907380321
177,512,4.0,907380246
177,519,2.0,907380369
177,540,3.0,907381218
177,541,5.0,907380504
177,546,3.0,907380138
177,547,1.0,907381218
177,587,4.0,907380820
177,588,4.0,907516093
177,589,4.0,907379910
177,593,5.0,907380682
177,600,4.0,907381025
177,608,5.0,907380653
177,610,5.0,907380567
177,611,3.0,907380369
177,628,5.0,907380849
177,662,5.0,907380994
177,691,4.0,907515750
177,733,4.0,907380745
177,736,4.0,907381097
177,741,4.0,907380000
177,748,3.0,907380246
177,780,5.0,907380000
177,786,4.0,907380849
177,788,4.0,907380246
177,798,4.0,907381064
177,832,4.0,907380820
177,839,3.0,907381218
177,849,3.0,907380138
177,861,4.0,907380745
177,880,2.0,907380369
177,882,3.0,907380964
177,891,3.0,907381264
177,1003,3.0,907380964
177,1028,4.0,907515785
177,1037,3.0,907380203
177,1047,4.0,907380918
177,1055,3.0,907381243
177,1080,5.0,907516215
177,1089,5.0,907380653
177,1092,5.0,907380918
177,1097,5.0,907380544
177,1127,5.0,907380544
177,1129,3.0,907380544
177,1136,5.0,907515447
177,1148,5.0,907515679
177,1196,5.0,907380504
177,1197,5.0,907515749
177,1199,5.0,907380504
177,1200,5.0,907380504
177,1210,5.0,907379910
177,1215,5.0,907380000
177,1235,5.0,907515785
177,1240,5.0,907380504
177,1259,5.0,907516215
177,1270,5.0,907380504
177,1274,5.0,907380544
177,1276,5.0,907516215
177,1304,5.0,907516215
177,1306,3.0,907380253
177,1320,3.0,907380321
177,1343,3.0,907380964
177,1356,4.0,907380055
177,1370,5.0,907380918
177,1372,5.0,907380055
177,1373,3.0,907380567
177,1374,5.0,907380504
177,1375,4.0,907380544
177,1376,5.0,907380544
177,1391,4.0,907380321
177,1396,4.0,907379910
177,1407,5.0,907380820
177,1422,3.0,907381025
177,1427,3.0,907381243
177,1438,4.0,907381132
177,1459,1.0,907380918
177,1479,5.0,907380849
177,1488,2.0,907381064
177,1499,1.0,907381218
177,1515,4.0,907381025
177,1518,3.0,907380918
177,1527,5.0,907380001
177,1544,4.0,907380321
177,1552,5.0,907380820
177,1573,4.0,907379910
177,1580,4.0,907379910
177,1584,5.0,907379910
177,1590,1.0,907380246
177,1591,3.0,907380138
177,1597,4.0,907380884
177,1598,5.0,907381132
177,1603,2.0,907380246
177,1608,4.0,907380884
177,1610,5.0,907380653
177,1615,4.0,907380884
177,1616,4.0,907380849
177,1617,5.0,907380682
177,1620,4.0,907380849
177,1625,5.0,907380745
177,1644,5.0,907381064
177,1645,5.0,907380745
177,1647,3.0,907381064
177,1653,5.0,907379910
177,1658,5.0,907380781
177,1661,5.0,907381096
177,1676,5.0,907380138
177,1686,3.0,907380884
177,1687,2.0,907381064
177,1690,3.0,907380203
177,1717,5.0,907380849
177,1722,5.0,907380820
177,1732,4.0,907380820
177,1748,3.0,907380000
177,1750,2.0,907380203
177,1752,4.0,907380994
177,1754,4.0,907380781
177,1769,4.0,907380781
177,1779,2.0,907380246
177,1784,4.0,907515785
177,1792,5.0,907380994
177,1805,4.0,907380781
177,1831,5.0,907380246
177,1862,4.0,907380321
177,1876,5.0,907380055
177,1882,3.0,907380321
177,1909,5.0,907380000
177,1917,3.0,907379242
177,1920,4.0,907379459
177,1923,4.0,907379242
177,1968,5.0,907516093
177,2000,5.0,907515679
177,2006,4.0,907379242
177,2011,4.0,907380544
177,2012,4.0,907380000
177,2015,3.0,907516093
177,2021,5.0,907380567
177,2026,5.0,907379474
177,2028,4.0,907379242
177,2046,4.0,907380000
177,2053,3.0,907380435
177,2054,3.0,907380567
177,2093,3.0,907380544
177,2094,4.0,907380321
177,2107,3.0,907379359
177,2109,5.0,907516735
177,2113,3.0,907381312
177,2125,4.0,907379359
177,2133,5.0,907516215
177,2141,4.0,907516735
177,2144,5.0,907516215
177,2148,5.0,907516735
177,2150,4.0,907515679
177,2167,5.0,907379306
177,2273,5.0,907379242
177,2288,4.0,907380504
177,2311,3.0,907380544
177,4006,4.0,907380567
178,1,4.0,1437425800
178,110,3.5,1437422963
178,111,4.5,1437424662
178,260,5.0,1437422811
178,293,3.5,1437422890
178,296,5.0,1437422805
178,318,5.0,1437422760
178,356,3.0,1437422880
178,364,4.0,1437428147
178,551,3.5,1437428256
178,555,3.0,1437428180
178,593,4.0,1437422779
178,595,3.5,1437428338
178,608,4.0,1437422835
178,750,3.0,1437422818
178,778,4.5,1437424747
178,858,4.0,1437422766
178,899,3.0,1437424656
178,919,3.0,1437424660
178,920,4.5,1437428160
178,951,2.5,1437422833
178,1028,3.0,1437428244
178,1036,3.0,1437424756
178,1073,4.0,1437428247
178,1080,4.0,1437424665
178,1097,2.5,1437428108
178,1120,4.0,1437428349
178,1193,3.0,1437422776
178,1196,5.0,1437422810
178,1197,3.5,1437422824
178,1198,5.0,1437422795
178,1208,4.0,1437424637
178,1210,5.0,1437424676
178,1213,3.0,1437422775
178,1220,5.0,1437425933
178,1221,4.5,1437422769
178,1228,5.0,1437425892
178,1246,3.5,1437424537
178,1247,3.5,1437424542
178,1258,3.0,1437424658
178,1259,5.0,1437422879
178,1262,5.0,1437422856
178,1265,4.0,1437425799
178,1266,3.5,1437424710
178,1269,2.0,1437424514
178,1278,4.0,1437424720
178,1282,4.0,1437428214
178,1288,4.5,1437425824
178,1302,2.5,1437428325
178,1348,3.5,1437428224
178,1387,3.5,1437428238
178,1580,4.0,1437428274
178,1682,4.0,1437425818
178,1704,3.5,1437422848
178,1873,2.5,1437428133
178,1954,4.0,1437428303
178,1968,5.0,1437425895
178,2000,3.5,1437428222
178,2028,4.0,1437422865
178,2078,4.0,1437428249
178,2096,3.5,1437428391
178,2268,3.0,1437425881
178,2329,4.0,1437422821
178,2571,3.0,1437422802
178,2716,3.0,1437428178
178,2804,1.5,1437424699
178,2858,4.0,1437422814
178,2959,4.5,1437422799
178,2997,5.0,1437425827
178,3034,4.0,1437428211
178,3052,4.0,1437428241
178,3061,3.5,1437425865
178,3089,2.5,1437424594
178,3168,3.5,1437428230
178,3210,3.0,1437428385
178,3275,3.0,1437424701
178,3408,1.5,1437428200
178,3471,3.0,1437428141
178,3552,2.5,1437428389
178,3578,3.0,1437424533
178,3629,3.5,1437424506
178,3671,4.0,1437427720
178,3949,3.5,1437424649
178,4034,2.5,1437425897
178,4262,2.5,1437425829
178,4878,2.5,1437424604
178,4979,5.0,1437428297
178,5577,2.5,1437428346
178,5669,2.0,1437425794
178,6979,3.5,1437428144
178,7022,2.5,1437425868
178,7158,4.0,1437428088
178,7386,3.0,1437428365
178,7451,3.0,1437428328
178,8874,3.0,1437425811
178,8966,3.5,1437428168
178,27773,2.5,1437422884
178,30707,3.0,1437424588
178,30812,4.0,1437428226
178,34405,3.5,1437422956
178,44195,4.0,1437424646
178,45728,3.0,1437428336
178,46578,3.0,1437424520
178,47999,4.0,1437425934
178,48394,5.0,1437422842
178,51662,3.0,1437428208
178,52435,3.0,1437427724
178,54503,4.5,1437428171
178,55442,3.0,1437422958
178,56367,3.0,1437424530
178,60684,3.5,1437428189
178,61024,3.5,1437428372
178,61323,4.0,1437428340
178,63131,2.5,1437428278
178,67267,3.5,1437428153
178,69481,5.0,1437424744
178,74458,2.5,1437424590
178,74948,4.0,1437428126
178,77455,2.0,1437424624
178,77800,2.0,1437425808
178,78574,3.0,1437424758
178,81591,1.5,1437424684
178,91658,3.0,1437424582
178,93840,4.0,1437428254
178,97921,2.0,1437424600
178,99114,3.5,1437422854
178,106487,2.5,1437425871
178,106782,3.5,1437425856
178,112552,4.5,1437422861
178,112623,3.5,1437428138
179,1,5.0,1436669947
179,1197,5.0,1436670015
179,1270,3.0,1436669953
179,1682,3.0,1436670038
179,3882,3.0,1436670351
179,4226,4.0,1436670107
179,4246,3.0,1436670156
179,4306,2.5,1436670105
179,4447,3.5,1436670189
179,4896,5.0,1436670127
179,5816,5.0,1436670137
179,6377,4.0,1436670112
179,6539,5.0,1436670114
179,7361,3.5,1436670118
179,7451,4.5,1436670359
179,8368,5.0,1436670143
179,8641,3.5,1436670323
179,8644,0.5,1436670174
179,8665,2.5,1436670145
179,8972,4.0,1436670344
179,34162,4.0,1436670214
179,45722,5.0,1436670180
179,46578,4.5,1436670048
179,46976,3.5,1436670234
179,49272,2.0,1436670152
179,53125,5.0,1436670469
179,55280,5.0,1436670452
179,56367,3.5,1436670163
179,64957,5.0,1436670353
179,67734,3.5,1436670449
179,69757,4.0,1436670228
179,78499,5.0,1436670034
179,80463,4.0,1436670311
179,80693,4.0,1436670477
179,81591,5.0,1436670309
179,86377,4.0,1436670050
179,86882,5.0,1436670432
179,91529,2.0,1436670023
180,24,4.0,945446829
180,223,3.0,945446726
180,527,4.0,945446508
180,589,4.0,945446677
180,700,3.0,945446980
180,1073,5.0,945446652
180,1127,4.0,945446618
180,1193,4.0,945446483
180,1197,4.0,945446462
180,1225,4.0,945446901
180,1240,4.0,945446677
180,1265,5.0,945446581
180,2013,3.0,945446829
180,2145,3.0,945446462
180,2474,3.0,945446462
180,2490,4.0,945446804
180,2502,2.0,945446804
180,2541,3.0,945446740
180,2581,4.0,945446804
180,2699,2.0,945446708
180,2700,2.0,945446845
180,2710,1.0,945446726
180,2716,4.0,945446754
180,2987,4.0,945446861
181,296,5.0,1154542932
181,380,5.0,1154543016
181,435,3.5,1154542675
181,555,5.0,1154543020
181,733,4.0,1154542861
181,1089,5.0,1154542951
181,1213,5.0,1154543059
181,1396,4.5,1154542739
181,1552,3.0,1154542755
181,1597,4.0,1154542821
181,1625,3.5,1154542746
181,1729,4.0,1154542953
181,2003,3.5,1154542815
181,2302,5.0,1154542725
181,2329,5.0,1154542765
181,2353,4.0,1154542729
181,2640,4.0,1154542691
181,2700,4.0,1154542686
181,3052,4.0,1154542736
181,3753,4.0,1154542777
181,4011,5.0,1154542915
181,5418,4.5,1154542805
181,5445,4.0,1154542682
181,6874,5.0,1154542945
181,7153,5.0,1154542709
181,7438,5.0,1154542948
181,8528,4.0,1154543028
182,2,5.0,845744191
182,3,4.0,845745032
182,4,3.0,845745077
182,5,4.0,845744805
182,7,5.0,845745009
182,8,5.0,845745710
182,9,3.0,845746347
182,11,5.0,845744166
182,13,3.0,845745917
182,17,3.0,845744218
182,21,3.0,845744047
182,25,1.0,845744316
182,34,5.0,845743924
182,36,3.0,845744347
182,48,3.0,845744430
182,60,4.0,845745009
182,61,3.0,845746546
182,62,5.0,845744284
182,79,3.0,845745516
182,95,3.0,845744218
182,105,4.0,845744430
182,110,5.0,845743855
182,126,3.0,845745742
182,141,4.0,845744250
182,144,3.0,845745457
182,146,5.0,845745929
182,150,5.0,845743682
182,165,3.0,845743728
182,168,5.0,845744316
182,169,3.0,845744976
182,174,3.0,845745373
182,185,4.0,845743855
182,186,3.0,845746300
182,195,4.0,845745289
182,201,4.0,845746347
182,207,5.0,845744884
182,208,4.0,845743824
182,224,3.0,845744545
182,225,4.0,845744047
182,231,1.0,845743763
182,236,3.0,845744218
182,237,3.0,845744603
