232,1965,5.0,955090612
232,1967,5.0,955088397
232,1968,5.0,955090155
232,2000,4.0,955086853
232,2001,4.0,955089551
232,2002,4.0,955087343
232,2006,4.0,955087283
232,2012,3.0,955086621
232,2013,3.0,955087224
232,2019,5.0,955086697
232,2020,5.0,955092599
232,2022,3.0,955093380
232,2023,4.0,955087162
232,2025,4.0,955093330
232,2028,4.0,955086726
232,2046,5.0,955088342
232,2054,4.0,955088397
232,2059,4.0,955089096
232,2064,5.0,955089998
232,2065,1.0,955093160
232,2067,1.0,955085867
232,2070,5.0,955093476
232,2076,4.0,955086203
232,2087,4.0,955088673
232,2088,4.0,955088456
232,2094,4.0,955087383
232,2096,5.0,955088735
232,2099,5.0,955088291
232,2100,4.0,955090383
232,2102,5.0,955088700
232,2105,5.0,955088291
232,2106,5.0,955086033
232,2108,4.0,955090489
232,2109,5.0,955090803
232,2110,5.0,955089551
232,2111,5.0,955091068
232,2112,5.0,955089466
232,2115,4.0,955087091
232,2116,4.0,955088124
232,2117,4.0,955094079
232,2130,4.0,955089413
232,2133,4.0,955085053
232,2138,4.0,955088673
232,2139,3.0,955088735
232,2140,5.0,955089075
232,2143,5.0,955088397
232,2144,5.0,955090333
232,2145,4.0,955090637
232,2150,5.0,955090383
232,2161,4.0,955088368
232,2162,3.0,955088507
232,2173,5.0,955088342
232,2174,5.0,955090155
232,2193,5.0,955087284
232,2194,5.0,955086826
232,2202,4.0,955085936
232,2238,5.0,955089938
232,2241,4.0,955091826
232,2243,3.0,955090383
232,2245,4.0,955090950
232,2247,4.0,955090783
232,2248,4.0,955089975
232,2252,5.0,955094055
232,2253,3.0,955087749
232,2259,4.0,955091870
232,2262,3.0,955093859
232,2285,1.0,955093785
232,2287,3.0,955085902
232,2288,5.0,955087039
232,2289,5.0,955089827
232,2291,4.0,955093061
232,2300,4.0,955089827
232,2303,2.0,955092479
232,2312,4.0,955093785
232,2313,5.0,955093183
232,2321,5.0,955090405
232,2324,5.0,955089757
232,2335,1.0,955091621
232,2336,5.0,955092697
232,2345,4.0,955093476
232,2348,2.0,955092541
232,2352,5.0,955093207
232,2353,4.0,955086889
232,2362,1.0,955085171
232,2363,4.0,955087016
232,2365,1.0,955087383
232,2366,5.0,955086757
232,2367,4.0,955087284
232,2369,4.0,955091503
232,2370,4.0,955087496
232,2371,2.0,955090489
232,2374,3.0,955091578
232,2375,2.0,955091411
232,2379,3.0,955091978
232,2389,4.0,955089613
232,2393,4.0,955087343
232,2395,4.0,955084924
232,2398,4.0,955093017
232,2399,1.0,955088252
232,2405,4.0,955087496
232,2406,5.0,955086995
232,2407,3.0,955090531
232,2414,4.0,955086394
232,2416,4.0,955084955
232,2420,1.0,955093736
232,2421,1.0,955087688
232,2422,1.0,955087830
232,2424,4.0,955090783
232,2427,5.0,955085902
232,2430,3.0,955088228
232,2450,1.0,955088535
232,2453,5.0,955094036
232,2463,3.0,955090155
232,2467,5.0,955086227
232,2468,4.0,955087749
232,2469,5.0,955091105
232,2470,5.0,955090826
232,2471,3.0,955088485
232,2474,5.0,955085082
232,2476,3.0,955085994
232,2478,4.0,955086643
232,2490,5.0,955086853
232,2524,3.0,955087343
232,2527,4.0,955086595
232,2528,4.0,955087200
232,2531,2.0,955087665
232,2532,4.0,955087130
232,2533,2.0,955087130
232,2539,3.0,955091364
232,2551,5.0,955093965
232,2598,4.0,955091142
232,2605,4.0,955085082
232,2615,3.0,955088342
232,2616,3.0,955087284
232,2617,4.0,955087778
232,2622,5.0,955091192
232,2628,4.0,955087162
232,2629,4.0,955091783
232,2640,5.0,955086927
232,2641,5.0,955088342
232,2642,3.0,955087778
232,2643,3.0,955087888
232,2657,1.0,955091015
232,2659,5.0,955090489
232,2662,4.0,955085902
232,2669,4.0,955086033
232,2671,4.0,955090850
232,2688,4.0,955093825
232,2716,5.0,955089975
232,2717,3.0,955091710
232,2724,3.0,955085127
232,2728,5.0,955092512
232,2729,4.0,955093134
232,2730,1.0,955093034
232,2731,2.0,955092512
232,2732,2.0,955092635
232,2734,4.0,955094187
232,2735,1.0,955087638
232,2736,4.0,955091041
232,2739,4.0,955093476
232,2741,1.0,955087429
232,2745,5.0,955092956
232,2746,4.0,955090868
232,2747,4.0,955091282
232,2748,3.0,955087861
232,2750,5.0,955090552
232,2762,3.0,955084776
232,2779,4.0,955091105
232,2791,5.0,955089938
232,2792,4.0,955091578
232,2797,4.0,955089893
232,2802,4.0,955087224
232,2815,4.0,955087810
232,2816,2.0,955086078
232,2822,4.0,955088437
232,2851,3.0,955088535
232,2857,5.0,955088785
232,2858,5.0,955089757
232,2859,5.0,955092165
232,2860,3.0,955091041
232,2863,5.0,955090127
232,2871,4.0,955088124
232,2872,5.0,955086786
232,2899,4.0,955088124
232,2904,3.0,955093380
232,2915,4.0,955090297
232,2916,4.0,955088124
232,2917,5.0,955089443
232,2918,2.0,955089827
232,2919,5.0,955092599
232,2926,4.0,955090919
232,2929,3.0,955093859
232,2932,4.0,955092663
232,2938,5.0,955092931
232,2941,3.0,955086033
232,2944,4.0,955085839
232,2946,2.0,955090035
232,2947,4.0,955086757
232,2948,4.0,955086786
232,2949,4.0,955086826
232,2950,3.0,955088485
232,2951,4.0,955086564
232,2968,5.0,955088162
232,2970,4.0,955088071
232,2973,4.0,955089757
232,2985,5.0,955087069
232,2986,3.0,955087810
232,2987,5.0,955088162
232,2988,4.0,955093304
232,3005,4.0,955085204
232,3011,3.0,955093231
232,3019,4.0,955089390
232,3020,5.0,955094339
232,3028,1.0,955090442
232,3035,4.0,955085839
232,3037,5.0,955086564
232,3038,5.0,955092600
232,3039,4.0,955090106
232,3040,3.0,955090383
232,3044,5.0,955086305
232,3062,4.0,955085867
232,3066,5.0,955085965
232,3068,4.0,955092410
232,3069,4.0,955093644
232,3070,5.0,955088124
232,3072,3.0,955090035
232,3074,4.0,955086527
232,3086,5.0,955091105
232,3087,4.0,955090687
232,3088,5.0,955090253
232,3090,5.0,955092479
232,3091,5.0,955085390
232,3093,4.0,955086564
232,3095,4.0,955092565
232,3098,4.0,955092720
232,3100,4.0,955093421
232,3108,4.0,955093506
232,3111,4.0,955092784
232,3130,1.0,955091578
232,3134,5.0,955085390
232,3135,3.0,955093330
232,3142,2.0,955092253
232,3143,4.0,955085936
232,3145,4.0,955084581
232,3152,3.0,955093017
232,3153,5.0,955086853
232,3165,5.0,955087638
232,3168,4.0,955088124
232,3169,3.0,955093560
232,3196,4.0,955085390
232,3200,5.0,955090580
232,3201,3.0,955092784
232,3210,4.0,955090253
232,3235,4.0,955085053
232,3244,4.0,955085053
232,3246,5.0,955084924
232,3247,1.0,955089638
232,3248,1.0,955085230
232,3252,4.0,955093585
232,3253,4.0,955090383
232,3254,4.0,955091436
232,3256,4.0,955086995
232,3260,5.0,955093607
232,3265,5.0,955086697
232,3268,1.0,955087888
232,3271,5.0,955093183
232,3284,4.0,955084955
232,3296,4.0,955085053
232,3313,3.0,955091760
232,3334,4.0,955084805
232,3341,5.0,955090035
232,3347,5.0,955084721
232,3350,3.0,955093330
232,3358,3.0,955090505
232,3360,3.0,955084721
232,3361,5.0,955089893
232,3362,5.0,955089337
232,3363,5.0,955090442
232,3368,4.0,955086595
232,3386,5.0,955086330
232,3392,3.0,955091737
232,3395,3.0,955091326
232,3396,4.0,955088871
232,3401,3.0,955088552
232,3404,4.0,955087284
232,3405,5.0,955092565
232,3406,5.0,955085839
232,3417,5.0,955088041
232,3418,2.0,955086726
232,3420,5.0,955093506
232,3421,4.0,955089975
232,3422,3.0,955090612
232,3425,3.0,955094314
232,3447,5.0,955093684
232,3448,5.0,955090383
232,3451,1.0,955090720
232,3452,4.0,955087383
232,3461,2.0,955084721
232,3467,3.0,955086527
232,3468,5.0,955092512
232,3469,5.0,955092436
232,3470,5.0,955088041
232,3471,4.0,955092512
232,3478,4.0,955093940
232,3479,5.0,955088228
232,3480,4.0,955093282
232,3489,4.0,955085053
232,3492,4.0,955084776
232,3494,3.0,955084721
232,3501,4.0,955090383
232,3504,3.0,955089893
232,3508,4.0,955086527
232,3520,1.0,955091807
232,3524,5.0,955090720
232,3527,5.0,955086889
232,3543,4.0,955084721
232,3545,4.0,955085465
232,3546,2.0,955093859
232,3548,4.0,955090987
232,3552,3.0,955084833
232,5060,3.0,955085423
232,6460,4.0,955092359
233,3,3.0,854481667
233,7,3.0,854481668
233,14,3.0,854481720
233,17,5.0,854481605
233,58,3.0,854481720
233,79,3.0,854481818
233,86,3.0,854481964
233,95,3.0,854481605
233,100,3.0,854481871
233,140,3.0,854481818
233,141,4.0,854481605
233,376,3.0,854481720
233,494,3.0,854481668
233,608,5.0,854481667
233,612,3.0,854482094
233,648,3.0,854481605
233,707,3.0,854481904
233,733,3.0,854481667
233,736,3.0,854481605
233,762,3.0,854481818
233,780,4.0,854481605
233,798,3.0,854482215
233,802,3.0,854481871
233,805,3.0,854481818
233,832,3.0,854481871
233,836,3.0,854482094
233,839,3.0,854481931
233,991,3.0,854482185
233,1006,3.0,854482155
233,1049,3.0,854482128
233,1061,3.0,854482028
233,1073,3.0,854481668
233,1183,4.0,854482094
233,1356,3.0,854481818
233,1427,3.0,854482386
233,1432,3.0,854483044
234,260,4.5,1213808478
234,344,2.5,1213808811
234,356,4.0,1213808418
234,367,2.5,1213812189
234,480,3.5,1213808468
234,500,4.0,1213808838
234,541,4.0,1213850399
234,595,3.5,1213808800
234,661,3.5,1213807874
234,720,3.5,1213807932
234,745,4.0,1213850214
234,953,4.0,1213850929
234,1009,2.5,1213808119
234,1073,4.5,1213808850
234,1080,4.5,1213850599
234,1097,4.0,1213808791
234,1136,4.0,1213808935
234,1148,4.0,1213850220
234,1196,4.0,1213850207
234,1197,4.0,1213808825
234,1207,4.0,1213850391
234,1210,4.5,1213808471
234,1223,4.0,1213850249
234,1235,5.0,1213851075
234,1247,5.0,1213850812
234,1253,5.0,1213807978
234,1256,5.0,1213850734
234,1258,4.5,1213849887
234,1265,2.5,1213808817
234,1278,4.0,1213850783
234,1288,2.5,1213850711
234,1517,4.0,1213809124
234,1527,4.5,1213809053
234,1580,4.0,1213808563
234,1653,4.0,1213850048
234,1704,5.0,1213808776
234,1747,4.5,1213807884
234,1961,5.0,1213808787
234,1994,3.5,1213807909
234,2009,3.5,1213808056
234,2116,2.5,1213808014
234,2135,2.5,1213808185
234,2174,4.5,1213809131
234,2355,3.5,1213809094
234,2501,4.0,1213849910
234,2571,5.0,1213808677
234,2616,4.5,1213807987
234,2628,5.0,1213809315
234,2683,4.0,1213808734
234,2706,3.0,1213808885
234,2788,4.0,1213850255
234,2857,4.5,1213808043
234,2959,5.0,1213850281
234,2987,3.5,1213809012
234,2997,4.0,1213808624
234,3088,4.5,1213850419
234,3156,4.5,1213811295
234,3451,3.0,1213808139
234,3751,3.0,1213809032
234,4015,0.5,1213812537
234,4027,4.0,1213808757
234,4247,2.0,1213812184
234,4306,3.5,1213809332
234,4878,5.0,1213850493
234,4886,3.5,1213808943
234,4963,4.0,1213808594
234,4993,4.5,1213808402
234,4995,5.0,1213808856
234,5349,3.0,1213808437
234,5378,4.5,1213808684
234,5445,4.5,1213808409
234,5446,4.5,1213850960
234,5952,4.0,1213808556
234,5989,5.0,1213808744
234,6365,2.5,1213812196
234,6377,3.0,1213808395
234,6539,2.5,1213808525
234,6773,3.0,1213851131
234,6780,4.5,1213850480
234,6807,4.0,1213850840
234,6934,3.5,1213809047
234,7075,5.0,1213850410
234,7147,4.5,1213808994
234,7153,4.0,1213808492
234,7826,5.0,1213850449
234,8360,2.5,1213808633
234,8464,3.5,1213849993
234,8961,3.0,1213850352
234,33493,3.5,1213808659
234,33794,4.0,1213808610
234,37729,3.5,1213808156
234,38038,2.0,1213850633
234,44195,3.5,1213850557
234,44788,4.0,1213850871
234,45722,3.0,1213808730
234,45928,4.0,1213850718
234,45950,4.0,1213849987
234,46578,4.0,1213808724
234,46976,3.0,1213850458
234,48385,3.5,1213808872
234,48394,5.0,1213808784
234,48516,4.5,1214019119
234,48774,3.5,1213808901
234,53894,3.5,1213851113
234,54272,3.0,1213808921
234,54503,3.0,1213808212
234,54997,4.5,1213849828
234,55820,5.0,1213808755
234,56174,3.5,1213809072
234,56367,4.0,1213808642
234,56782,4.5,1213850703
234,56885,3.0,1213849982
234,59315,3.5,1213850200
234,59900,1.5,1213808569
234,60040,1.5,1213850463
235,5,4.5,1113184535
235,6,4.0,1111625738
235,11,3.5,1111558168
235,47,3.0,1111625682
235,48,3.0,1111557883
235,50,5.0,1111624791
235,62,4.5,1112684858
235,110,2.5,1111625366
235,141,3.5,1112684837
235,161,4.5,1111558307
235,222,4.5,1113185196
235,225,4.5,1113184522
235,236,4.0,1113184650
235,237,5.0,1112683901
235,261,3.0,1113184861
235,292,5.0,1112684815
235,296,4.5,1112684715
235,318,5.0,1111625666
235,339,3.0,1111558147
235,342,3.0,1111557878
235,345,3.5,1113184836
235,356,5.0,1111558324
235,357,4.5,1112684826
235,376,3.5,1113184553
235,377,4.5,1112684769
235,380,4.0,1112684736
235,457,5.0,1111625394
235,500,4.5,1112684805
235,527,2.5,1112684757
235,539,3.5,1112684824
235,552,3.5,1111557887
235,587,4.5,1112684820
235,588,4.5,1112684754
235,590,4.5,1112684729
235,592,4.5,1112684726
235,593,3.5,1112684720
235,597,3.5,1112684800
235,608,4.0,1112684762
235,628,5.0,1111624825
235,648,5.0,1112684775
235,708,4.0,1113184332
235,733,4.5,1111624806
235,780,1.5,1112684742
235,802,4.5,1113184569
235,805,4.0,1111557865
235,832,4.5,1111557824
235,919,5.0,1113184252
235,920,5.0,1113184517
235,1028,5.0,1113184765
235,1030,4.0,1112683857
235,1035,5.0,1113184771
235,1059,3.5,1111558201
235,1073,4.5,1112684831
235,1079,5.0,1113184284
235,1183,2.5,1113184347
235,1207,4.5,1113184787
235,1246,4.5,1111625308
235,1270,4.5,1111625478
235,1271,5.0,1111625338
235,1307,4.0,1111558142
235,1380,4.0,1111557859
235,1479,4.0,1113185192
235,1513,3.5,1111558190
235,1569,4.0,1113184939
235,1610,4.5,1111625466
235,1617,5.0,1112684850
235,1625,5.0,1111557910
235,1682,5.0,1111625561
235,1721,5.0,1112684853
235,1777,4.0,1111558040
235,1923,5.0,1111625545
235,1968,4.0,1111625400
235,2001,3.5,1111557895
235,2011,4.5,1113184557
235,2012,4.0,1111557797
235,2028,1.0,1111625611
235,2058,4.5,1111624838
235,2093,4.0,1112683986
235,2137,5.0,1111625606
235,2268,5.0,1111624821
235,2398,4.5,1111625522
235,2424,4.5,1113184953
235,2470,4.0,1113184902
235,2580,5.0,1111625707
235,2605,3.5,1113185426
235,2640,3.0,1111557849
235,2671,4.5,1113184878
235,2688,4.0,1111558171
235,2706,5.0,1113184474
235,2707,5.0,1111624909
235,2762,5.0,1111625493
235,2770,4.0,1111557951
235,2858,5.0,1112684796
235,2987,4.5,1113184343
235,3105,4.5,1111558346
235,3147,5.0,1111558315
235,3176,4.5,1113184806
235,3186,4.5,1111625256
235,3248,4.0,1111558251
235,3249,4.5,1111558180
235,3271,4.5,1111625571
235,3408,4.0,1113184664
235,3418,4.0,1113184855
235,3502,4.5,1111625539
235,3510,5.0,1111624842
235,3594,3.5,1112683878
235,3623,3.5,1111557915
235,3717,4.0,1113185462
235,3897,4.0,1111557838
235,3911,5.0,1113185127
235,3916,4.5,1111624808
235,3948,4.0,1113184895
235,3977,3.5,1111557925
235,4014,4.0,1111625270
235,4034,4.0,1113184803
235,4040,3.0,1112684562
235,4225,4.5,1111625773
235,4226,4.5,1113184683
235,4239,4.0,1111625407
235,4246,5.0,1113185136
235,4306,4.5,1113184481
235,4308,4.5,1113185418
235,4326,3.5,1111625663
235,4448,5.0,1111625302
235,4464,4.0,1111558237
235,4563,3.5,1112684567
235,4867,4.0,1112683808
235,4880,4.5,1111558319
235,4963,4.5,1111558338
235,4973,4.5,1113184957
235,4975,3.5,1111625566
235,4979,4.0,1113185409
235,4995,5.0,1111625398
235,5296,4.0,1112684000
235,5349,4.5,1111625384
235,5377,5.0,1111625591
235,5418,4.5,1111625388
235,5419,4.0,1112684539
235,5445,5.0,1111557956
235,5679,4.5,1111625786
235,5989,4.0,1111625410
235,6187,5.0,1111558545
235,6503,3.0,1111558210
235,6596,4.0,1112684315
235,6708,5.0,1111625585
235,6879,3.5,1111558305
235,6942,4.5,1111558343
235,8360,4.5,1111625506
235,8368,4.5,1111625480
235,8529,4.0,1111624869
235,8636,4.5,1111625558
235,8784,5.0,1111625700
235,8970,4.5,1111625624
235,8981,4.5,1111625696
235,30825,4.0,1111625295
236,6,3.0,1109968623
236,7,3.5,1109968699
236,10,3.0,1109969756
236,30,4.5,1109969948
236,32,4.0,1109968555
236,47,2.5,1109968576
236,111,4.5,1109968034
236,260,3.0,1109968540
236,273,2.0,1109968457
236,296,3.0,1109968527
236,364,3.0,1109968579
236,431,4.0,1109966648
236,480,3.0,1109968531
236,500,2.5,1109968588
236,527,3.5,1109968548
236,541,4.5,1109968643
236,588,3.5,1109969735
236,590,3.0,1109968536
236,593,4.0,1109968524
236,599,4.5,1109968086
236,750,5.0,1109971087
236,780,2.0,1109969720
236,841,4.0,1109967830
236,898,3.0,1109968421
236,899,4.5,1109966580
236,903,5.0,1109966545
236,904,5.0,1109966481
236,908,4.5,1109967977
236,909,4.5,1109969375
236,910,5.0,1109968082
236,912,4.0,1109968050
236,913,4.0,1109967997
236,915,3.5,1109970877
236,922,4.5,1109968315
236,923,4.5,1109967953
236,924,5.0,1109970618
236,926,4.5,1109968066
236,928,4.0,1109967251
236,930,5.0,1109967261
236,931,3.5,1109970400
236,933,4.0,1109970393
236,936,5.0,1109969439
236,942,4.5,1109970960
236,943,4.5,1109970939
236,945,4.0,1109970866
236,946,5.0,1109969559
236,951,4.5,1109967224
236,954,4.0,1109969418
236,955,5.0,1109967198
236,969,4.0,1109970857
236,1036,3.5,1109968647
236,1086,3.5,1109969503
236,1097,3.5,1109970487
236,1136,4.0,1109968653
236,1178,5.0,1109967629
236,1196,3.5,1109968568
236,1198,4.0,1109970484
236,1199,5.0,1109969478
236,1206,4.5,1109968692
236,1208,5.0,1109968111
236,1209,4.5,1109970597
236,1210,3.0,1109968570
236,1212,4.0,1109967947
236,1214,4.0,1109968641
236,1217,5.0,1109971090
236,1219,4.5,1109968032
236,1222,3.5,1109968727
236,1230,5.0,1109970725
236,1237,5.0,1109967103
236,1244,5.0,1109966673
236,1248,4.5,1109967666
236,1250,3.5,1109966538
236,1251,5.0,1109967728
236,1252,4.5,1109966498
236,1260,5.0,1109967631
236,1281,5.0,1109967179
236,1291,4.0,1109970489
236,1293,3.0,1109968414
236,1305,4.5,1109967832
236,1333,4.5,1109970388
236,1344,4.0,1109969595
236,1345,4.0,1109967845
236,1348,4.0,1109967681
236,1354,2.5,1109968435
236,1387,4.5,1109970492
236,1617,2.5,1109968618
236,1676,4.5,1109968758
236,1693,3.0,1109970511
236,1721,2.5,1109968614
236,1809,4.5,1109969436
236,1945,4.5,1109969660
236,2000,0.5,1109968738
236,2010,4.5,1109967675
236,2019,5.0,1109966767
236,2021,2.0,1109966683
236,2028,3.0,1109968596
236,2066,4.5,1109968058
236,2115,3.5,1109970495
236,2131,4.0,1109969831
236,2176,3.5,1109970402
236,2177,3.5,1109970434
236,2178,3.5,1109970415
236,2183,4.0,1109970408
236,2186,4.0,1109967985
236,2194,2.5,1109968451
236,2200,4.0,1109970440
236,2201,4.0,1109970426
236,2294,3.5,1109966621
236,2396,3.0,1109968637
236,2539,2.0,1109968453
236,2571,2.5,1109967118
236,2575,2.5,1109968438
236,2628,2.0,1109968633
236,2712,4.5,1109968751
236,2726,4.0,1109967658
236,2729,4.0,1109969519
236,2731,4.0,1109968380
236,2732,4.0,1109969555
236,2858,3.0,1109968584
236,2940,4.0,1109967761
236,3022,5.0,1109967974
236,3089,4.0,1109968045
236,3091,5.0,1109967456
236,3095,5.0,1109969421
236,3097,4.5,1109969445
236,3134,5.0,1109967646
236,3306,4.5,1109970368
236,3307,5.0,1109967626
236,3310,5.0,1109968106
236,3334,3.5,1109969372
236,3365,5.0,1109968980
236,3435,4.0,1109967968
236,3462,5.0,1109967189
236,3470,5.0,1109967460
236,3489,3.5,1109970507
236,3559,4.5,1109969969
236,3578,2.5,1109968673
236,3632,5.0,1109970365
236,3657,4.0,1109970036
236,3730,4.5,1109967989
236,3739,5.0,1109968072
236,3741,5.0,1109969669
236,3742,4.0,1109968381
236,3872,4.0,1109970924
236,3996,3.5,1109968127
236,4034,3.0,1109969498
236,4144,4.0,1109967746
236,4190,4.0,1109969539
236,4273,4.0,1109967813
236,4308,2.5,1109968443
236,4334,4.5,1109968118
236,4406,4.5,1109969664
236,4420,4.0,1109970928
236,4422,4.5,1109967548
236,4768,4.5,1109968355
236,4848,4.5,1109967788
236,4914,3.5,1109967701
236,4993,2.5,1109967157
236,5009,3.5,1109966931
236,5017,4.0,1109968023
236,5060,4.0,1109966503
236,5114,5.0,1109969567
236,5147,4.5,1109967637
236,5177,4.0,1109967689
236,5291,4.5,1109967445
236,5333,4.0,1109969403
236,5378,2.5,1109966680
236,5440,4.5,1109968993
236,5498,4.5,1109967921
236,5613,3.0,1109968430
236,5690,4.0,1109969080
236,5878,3.5,1109967694
236,5952,3.0,1109966553
236,5989,4.5,1109970504
236,5995,4.5,1109968307
236,6001,4.5,1109969468
236,6126,4.0,1109967739
236,6273,5.0,1109968131
236,6286,4.0,1109969551
236,6331,3.5,1109969381
236,6609,4.0,1109968495
236,6643,5.0,1109968006
236,6669,5.0,1109966788
236,6711,4.5,1109967724
236,6721,4.0,1109969602
236,6783,4.5,1109967651
236,6920,4.5,1109969547
236,6993,4.5,1109969390
236,7013,5.0,1109967936
236,7064,3.0,1109968433
236,7089,4.0,1109968140
236,7090,3.5,1109968100
236,7116,5.0,1109967943
236,7135,4.0,1109967643
236,7136,4.0,1109967715
236,7153,2.5,1109968441
236,7209,4.0,1109967756
236,7210,4.0,1109968371
236,7211,4.5,1109970922
236,7215,4.0,1109969093
236,7234,4.0,1109968003
236,7327,4.5,1109968361
236,7396,4.0,1109967575
236,7577,4.0,1109967580
236,7713,4.5,1109967836
236,7766,4.5,1109967451
236,7926,4.5,1109967475
236,7943,4.5,1109969060
236,8012,4.5,1109969578
236,8125,5.0,1109967980
236,8154,5.0,1109967678
236,8157,4.0,1109970223
236,8188,5.0,1109966867
236,8199,5.0,1109966882
236,8228,4.0,1109967850
236,8370,4.5,1109970205
236,8507,4.0,1109967707
236,8584,4.5,1109970963
236,8670,4.5,1109970303
236,25952,4.5,1109970931
236,27721,3.5,1109969335
236,27801,0.5,1109966730
236,30812,3.5,1109967877
236,31437,4.0,1109970251
237,1,3.0,1102009632
237,32,2.0,1102009650
237,110,1.5,1102009612
237,153,2.5,1102009658
237,198,4.0,1102009385
237,260,4.0,1102009618
237,272,4.5,1102009412
237,292,3.5,1102009703
237,296,4.5,1102009524
237,316,2.0,1102009670
237,318,4.5,1102009616
237,329,2.5,1102009690
237,344,2.5,1102009661
237,345,4.0,1102009339
237,364,3.5,1102009685
237,380,2.5,1102009621
237,588,3.5,1102009646
237,589,2.5,1102009625
237,590,1.0,1102009608
237,592,3.0,1102009606
237,593,4.0,1102009537
237,595,3.5,1102009669
237,608,5.0,1102009653
237,780,2.0,1102009630
237,1084,4.0,1102009369
237,1196,4.5,1102009679
237,1198,3.5,1102009688
237,1210,3.5,1102009641
237,1270,4.0,1102009692
237,1285,4.0,1102009408
237,1320,2.0,1102009364
237,1372,3.5,1102009356
237,1408,1.0,1102009348
237,1673,4.0,1102009372
237,1674,3.0,1102009392
237,1777,3.0,1102009415
237,2001,3.0,1102009379
237,2353,2.5,1102009346
237,2502,4.5,1102009382
237,2657,3.0,1102009353
237,2858,4.5,1102009697
237,3052,3.5,1102009404
237,4034,2.5,1102009388
237,5952,5.0,1102009410
238,231,3.0,1459368758
238,318,3.5,1459365344
238,356,4.5,1459365351
238,480,3.5,1459368104
238,527,3.0,1459365348
238,593,3.5,1459365430
238,1203,3.0,1459365520
238,1246,4.0,1459365432
238,1265,3.5,1459365485
238,1307,4.5,1459365437
238,1682,5.0,1459365433
238,1721,4.5,1459365489
238,2028,4.0,1459365358
238,2424,3.0,1459365613
238,2572,4.0,1459368780
238,2706,3.0,1459368656
238,3147,3.5,1459365410
238,3949,1.5,1459365474
238,4025,4.0,1459365549
238,4246,2.0,1459365555
238,4447,2.5,1459365553
238,4700,4.0,1459365696
238,4973,4.0,1459365441
238,5445,5.0,1459368216
238,5995,3.0,1459365450
238,6155,2.5,1459365608
238,6218,4.0,1459365619
238,6942,2.5,1459365532
238,7254,4.0,1459365492
238,8464,2.0,1459368738
238,8529,3.5,1459368499
238,8533,5.0,1459365539
238,27815,3.0,1459365779
238,31685,4.5,1459365536
238,33145,3.0,1459366339
238,33679,3.5,1459368339
238,34162,4.0,1459368514
238,40629,4.0,1459365565
238,43744,4.0,1459366702
238,44191,3.5,1459368123
238,45720,3.5,1459368498
238,46578,3.5,1459365479
238,47610,4.5,1459368367
238,49286,2.5,1459365691
238,50872,4.0,1459368144
238,51084,2.0,1459365766
238,55247,3.5,1459365444
238,55269,3.0,1459365677
238,56367,3.5,1459365480
238,56949,2.5,1459365716
238,57669,3.0,1459368375
238,58998,4.0,1459368784
238,60950,4.0,1459365681
238,63082,4.0,1459365451
238,64969,3.0,1459365578
238,66203,3.0,1459365739
238,67788,2.5,1459366302
238,69757,4.0,1459368365
238,72011,2.5,1459368747
238,72998,2.5,1459368113
238,74154,3.5,1459366320
238,74458,5.0,1459368146
238,74946,2.0,1459366291
238,79132,2.0,1459365422
238,80549,5.0,1459368731
238,81845,3.0,1459365462
238,84954,4.0,1459365592
238,85414,3.5,1459368358
238,86882,4.0,1459368512
238,88163,2.5,1459445378
238,88405,3.5,1459365680
238,90576,3.5,1459366330
238,91500,5.0,1459365468
238,92259,3.5,1459365356
238,94959,3.0,1459368371
238,95088,5.0,1459365727
238,95309,3.5,1459366117
238,97921,4.5,1459368344
238,99114,4.5,1459368103
238,102903,4.0,1459368666
238,104374,5.0,1459365542
238,105246,4.0,1459366707
238,105844,4.0,1459368527
238,106782,4.5,1459365457
238,108729,4.0,1459365771
238,109483,3.0,1459366324
238,112556,3.5,1459368134
238,115569,4.5,1459368335
238,116797,4.0,1459365418
238,148626,3.0,1459365379
238,148956,4.0,1459366931
239,3,4.0,991861185
239,4,3.0,991862027
239,5,3.0,991862159
239,11,4.0,991858087
239,39,5.0,991858188
239,65,2.0,991863117
239,69,5.0,991858188
239,88,2.0,991862480
239,104,4.0,991858274
239,135,4.0,991862216
239,141,4.0,991858523
239,153,3.0,991862983
239,157,4.0,991862945
