239,180,4.0,991858310
239,181,1.0,991857762
239,203,4.0,991862715
239,216,4.0,991860676
239,223,4.0,991857956
239,232,4.0,991858113
239,248,4.0,991862882
239,252,4.0,991862216
239,276,3.0,991862789
239,289,5.0,991860829
239,317,3.0,991862159
239,327,4.0,991857762
239,339,4.0,991860848
239,353,4.0,991857646
239,356,5.0,991858310
239,367,4.0,991860580
239,368,5.0,991860952
239,372,4.0,991860635
239,378,4.0,991860635
239,380,4.0,991860692
239,387,4.0,991862830
239,410,3.0,991861948
239,413,4.0,991862649
239,420,3.0,991863153
239,429,5.0,991862309
239,432,4.0,991863057
239,433,4.0,991862789
239,435,3.0,991862480
239,440,4.0,991858227
239,457,3.0,991855128
239,476,4.0,991858087
239,485,3.0,991863117
239,486,3.0,991862715
239,489,2.0,991863270
239,497,5.0,991858341
239,500,4.0,991860998
239,514,4.0,991855174
239,516,4.0,991861141
239,520,4.0,991862913
239,532,3.0,991859417
239,539,3.0,991860657
239,542,1.0,991862242
239,543,5.0,991858523
239,551,4.0,991855174
239,587,4.0,991860611
239,588,5.0,991858143
239,656,3.0,991862945
239,673,4.0,991862945
239,688,2.0,991863270
239,708,5.0,991859417
239,719,3.0,991862620
239,725,3.0,991862111
239,733,4.0,991857646
239,762,3.0,991863117
239,785,4.0,991860873
239,830,3.0,991862027
239,837,5.0,991860611
239,852,4.0,991862069
239,892,4.0,991858523
239,910,4.0,991858010
239,915,5.0,991858469
239,934,4.0,991859388
239,1007,4.0,991862264
239,1010,3.0,991855128
239,1016,3.0,991862190
239,1021,3.0,991862855
239,1042,4.0,991858555
239,1060,5.0,991857902
239,1073,3.0,991858207
239,1077,4.0,991858403
239,1091,3.0,991862882
239,1097,4.0,991855128
239,1135,4.0,991861210
239,1197,5.0,991857857
239,1210,5.0,991855174
239,1215,4.0,991859364
239,1220,4.0,991858555
239,1259,4.0,991857857
239,1265,4.0,991858039
239,1278,5.0,991857939
239,1288,4.0,991857902
239,1297,4.0,991858577
239,1307,5.0,991857987
239,1380,5.0,991860952
239,1391,4.0,991862130
239,1394,4.0,991857902
239,1409,3.0,991862044
239,1431,3.0,991862983
239,1440,3.0,991862789
239,1456,2.0,991859326
239,1468,3.0,991862945
239,1476,4.0,991858577
239,1485,3.0,991860754
239,1495,1.0,991857762
239,1500,5.0,991857939
239,1513,2.0,991861948
239,1566,4.0,991860829
239,1580,4.0,991859417
239,1593,2.0,991862216
239,1641,4.0,991858113
239,1663,5.0,991858449
239,1680,5.0,991855174
239,1689,4.0,991862159
239,1711,3.0,991860676
239,1713,3.0,991860829
239,1777,5.0,991858247
239,1784,5.0,991858341
239,1894,4.0,991862715
239,1918,4.0,991862159
239,1923,4.0,991858247
239,1968,5.0,991857873
239,2000,4.0,991858188
239,2002,3.0,991862309
239,2003,3.0,991860580
239,2004,2.0,991862498
239,2011,4.0,991860721
239,2016,3.0,991862830
239,2040,3.0,991862190
239,2081,4.0,991858449
239,2082,3.0,991862190
239,2088,3.0,991862882
239,2100,3.0,991859326
239,2108,4.0,991858039
239,2109,4.0,991860692
239,2111,3.0,991855174
239,2133,3.0,991860952
239,2134,4.0,991860873
239,2136,3.0,991860721
239,2144,4.0,991858291
239,2174,4.0,991858172
239,2195,3.0,991862983
239,2208,4.0,991858010
239,2245,3.0,991860873
239,2247,3.0,991861141
239,2248,4.0,991857902
239,2249,4.0,991862027
239,2252,3.0,991862913
239,2266,3.0,991862309
239,2306,4.0,991862945
239,2331,4.0,991862069
239,2335,4.0,991862789
239,2347,3.0,991857729
239,2355,5.0,991858403
239,2369,3.0,991862264
239,2374,4.0,991862529
239,2375,3.0,991861993
239,2378,3.0,991862159
239,2379,4.0,991863153
239,2396,4.0,991857922
239,2405,4.0,991862242
239,2406,4.0,991859339
239,2407,4.0,991860611
239,2408,3.0,991862620
239,2409,5.0,991857687
239,2410,4.0,991857729
239,2411,4.0,991857729
239,2412,4.0,991857762
239,2413,4.0,991861228
239,2424,5.0,991861185
239,2431,5.0,991862069
239,2463,4.0,991858403
239,2469,4.0,991860952
239,2470,3.0,991860974
239,2471,3.0,991863077
239,2473,2.0,991862761
239,2485,4.0,991859417
239,2502,3.0,991858207
239,2539,4.0,991860873
239,2552,2.0,991862130
239,2558,3.0,991862027
239,2567,4.0,991860721
239,2572,4.0,991858087
239,2581,4.0,991860927
239,2582,3.0,991862761
239,2587,3.0,991861164
239,2597,2.0,991862216
239,2599,4.0,991858039
239,2617,4.0,991857646
239,2640,4.0,991857646
239,2641,4.0,991857687
239,2643,3.0,991857762
239,2671,5.0,991858227
239,2683,3.0,991861141
239,2690,4.0,991857971
239,2700,5.0,991858039
239,2706,4.0,991858143
239,2716,3.0,991857956
239,2717,3.0,991862649
239,2718,5.0,991860611
239,2723,4.0,991860721
239,2735,3.0,991862264
239,2736,5.0,991858555
239,2746,4.0,991860611
239,2770,3.0,991861164
239,2774,5.0,991857793
239,2791,3.0,991858067
239,2792,3.0,991862027
239,2796,3.0,991861210
239,2797,4.0,991858039
239,2805,2.0,991862216
239,2858,5.0,991857828
239,2883,4.0,991858087
239,2888,3.0,991862027
239,2889,4.0,991860611
239,2915,4.0,991858403
239,2918,5.0,991857873
239,2953,3.0,991863011
239,3004,3.0,991862480
239,3033,5.0,991860754
239,3086,4.0,991858449
239,3104,4.0,991858172
239,3114,5.0,991857828
239,3120,3.0,991862309
239,3146,3.0,991863117
239,3175,4.0,991858341
239,3247,4.0,991861185
239,3248,4.0,991863077
239,3253,4.0,991858291
239,3254,3.0,991861993
239,3255,5.0,991859326
239,3258,4.0,991862715
239,3261,4.0,991858469
239,3263,4.0,991860927
239,3286,3.0,991862620
239,3299,4.0,991862855
239,3301,4.0,991859417
239,3324,4.0,991862855
239,3358,4.0,991858113
239,3361,4.0,991858172
239,3388,2.0,991862309
239,3395,3.0,991862913
239,3398,5.0,991858172
239,3424,4.0,991858143
239,3450,4.0,991860848
239,3508,4.0,991855128
239,3524,4.0,991861993
239,3527,3.0,991857646
239,3534,4.0,991861210
239,3544,4.0,991860909
239,3548,5.0,991857857
239,3552,4.0,991859364
239,3591,4.0,991858555
239,3646,3.0,991863205
239,3669,3.0,991863205
239,3712,4.0,991862740
239,3715,4.0,991862804
239,3740,4.0,991857687
239,3751,5.0,991857939
239,3773,4.0,991863205
239,3809,4.0,991859417
239,3865,5.0,991858010
239,3868,3.0,991858341
239,3869,3.0,991862190
239,3873,3.0,991858143
239,3977,5.0,991857729
239,4010,5.0,991861164
239,4040,3.0,991861993
239,4063,3.0,991860873
239,4066,4.0,991860657
239,4085,4.0,991860635
239,4089,3.0,991863077
239,4102,4.0,991861210
239,4115,3.0,991862454
239,4121,3.0,991860657
239,4130,3.0,991862190
239,4132,4.0,991863117
239,4135,3.0,991861964
239,4180,4.0,991857729
239,4214,4.0,991860829
239,4221,2.0,991862621
239,4275,2.0,991857687
239,4293,3.0,991862830
239,4317,3.0,991863254
239,4321,4.0,991858227
239,4333,3.0,991862069
239,4351,3.0,991857687
239,4355,4.0,991857687
239,5060,4.0,991857987
240,1,4.5,1098943177
240,16,3.5,1098940415
240,17,4.0,1099263843
240,21,3.0,1099264224
240,32,4.5,1098943194
240,34,4.5,1098943234
240,36,4.0,1099264248
240,39,4.5,1099264239
240,47,4.0,1098943239
240,50,2.5,1098943216
240,58,4.0,1098940446
240,111,5.0,1099264401
240,141,3.5,1098943401
240,150,4.0,1098943139
240,165,3.5,1099264155
240,236,4.5,1098940440
240,261,4.0,1099263911
240,282,3.0,1098940465
240,296,3.5,1098943112
240,318,4.0,1098943148
240,348,4.0,1100891640
240,356,2.5,1098943118
240,357,4.0,1099264208
240,367,3.0,1099264190
240,377,3.0,1099264147
240,380,1.5,1098943163
240,410,4.0,1098943389
240,440,3.5,1099264392
240,457,3.5,1098943126
240,480,3.0,1098943121
240,500,4.0,1098943263
240,508,4.0,1099264444
240,527,4.5,1098943191
240,588,4.0,1098943189
240,592,3.0,1099264128
240,593,4.0,1098943115
240,595,3.5,1099264168
240,597,3.0,1098943250
240,608,5.0,1098943196
240,648,3.5,1099264160
240,708,4.0,1099264464
240,736,2.5,1098943220
240,785,4.0,1100891642
240,898,4.5,1098943016
240,904,3.5,1098940468
240,905,4.5,1098942302
240,908,4.0,1098940443
240,913,4.5,1100891624
240,919,5.0,1098942325
240,923,4.0,1098940434
240,924,4.5,1099264429
240,927,3.5,1098942545
240,936,4.0,1098942369
240,947,4.0,1098942354
240,950,4.0,1098942278
240,951,4.5,1098943018
240,954,3.0,1098942287
240,955,4.0,1098942381
240,965,4.0,1098942362
240,1035,4.0,1100891607
240,1036,4.0,1099264397
240,1079,4.0,1098943357
240,1086,4.0,1099263692
240,1183,3.5,1098943365
240,1193,4.5,1099264292
240,1197,4.0,1099264243
240,1200,4.0,1098943372
240,1207,4.5,1100891613
240,1230,4.5,1098940404
240,1265,4.5,1098943368
240,1269,3.5,1098943033
240,1270,4.5,1098943245
240,1278,4.0,1098940482
240,1288,4.0,1098940479
240,1300,4.5,1098944005
240,1345,4.0,1098944013
240,1358,3.5,1098940471
240,1374,3.0,1098940424
240,1391,4.0,1098944020
240,1393,4.0,1099264433
240,1500,4.0,1098940462
240,1517,3.0,1098940408
240,1580,4.0,1099264279
240,1617,4.0,1099264252
240,1643,4.5,1098943956
240,1674,3.0,1100891593
240,1680,4.5,1098943969
240,1704,4.0,1099264460
240,1719,4.0,1098943980
240,1721,4.0,1099264266
240,1885,4.5,1098943951
240,1923,4.0,1100891588
240,2100,4.0,1098943938
240,2186,4.0,1098943923
240,2187,4.0,1099263951
240,2208,4.5,1098942320
240,2321,4.0,1098943917
240,2355,4.0,1098943350
240,2396,4.0,1100891570
240,2406,4.0,1100891552
240,2580,4.5,1098944069
240,2599,4.5,1098940438
240,2700,4.0,1098940473
240,2710,1.5,1100891560
240,2716,4.5,1099264419
240,2762,5.0,1099264284
240,2797,3.5,1098940410
240,2858,4.0,1098943257
240,2935,3.5,1098943021
240,2967,4.0,1099263884
240,2987,3.0,1100891563
240,2997,5.0,1098943346
240,3081,3.5,1098943473
240,3097,4.0,1098943036
240,3114,4.0,1098940427
240,3176,3.5,1100891566
240,3408,3.5,1098941550
240,3471,4.0,1098943449
240,3481,4.5,1098940976
240,3499,4.5,1098943441
240,3624,2.5,1098943431
240,3735,4.0,1100891675
240,3751,5.0,1098941805
240,3752,3.0,1098943444
240,3783,4.0,1098941873
240,3787,4.5,1098941980
240,3793,3.5,1098940453
240,3852,3.5,1098941320
240,3897,3.5,1098942038
240,3910,4.5,1098941614
240,3911,4.5,1098940920
240,3948,4.0,1098941264
240,3967,5.0,1098941840
240,3983,4.5,1098940857
240,3994,3.5,1098941249
240,3996,4.0,1098940892
240,4011,4.0,1098941830
240,4022,4.0,1098941349
240,4027,4.5,1098940996
240,4034,3.5,1098940885
240,4226,4.5,1098942007
240,4246,4.0,1098941559
240,4306,3.5,1098940449
240,4361,4.0,1100891663
240,4380,4.5,1098941721
240,4641,4.0,1098941927
240,4642,4.5,1098941689
240,4720,4.5,1098941779
240,4734,3.0,1098941075
240,4848,4.0,1098941594
240,4878,4.5,1098940951
240,4886,4.5,1098940840
240,4896,3.5,1098941427
240,4963,4.0,1098941457
240,4973,4.5,1098940798
240,4979,4.0,1098941819
240,4995,3.5,1098941508
240,5013,4.5,1098941683
240,5135,4.5,1098941821
240,5299,3.5,1098941294
240,5349,3.5,1098941463
240,5418,4.0,1098941460
240,5421,3.5,1098941654
240,5445,4.5,1098941802
240,5505,3.5,1098941554
240,5618,4.5,1098940845
240,5679,4.0,1098941433
240,5791,4.0,1098941702
240,5812,4.0,1098941876
240,5816,3.5,1098941479
240,5902,4.0,1098940993
240,5945,3.5,1098941627
240,5952,4.0,1098940811
240,5989,4.0,1098942043
240,5991,4.5,1098941724
240,5992,4.0,1098941622
240,6003,4.0,1098941599
240,6188,2.5,1098941172
240,6218,4.5,1098941879
240,6296,4.0,1098941756
240,6333,3.5,1098941498
240,6377,4.0,1098940801
240,6378,4.0,1098941164
240,6385,4.5,1098940878
240,6412,4.5,1098942388
240,6539,4.5,1098940971
240,6565,4.5,1098941834
240,6591,4.0,1098941896
240,6593,4.0,1098941152
240,6711,3.5,1098940999
240,6773,4.5,1098940930
240,6777,4.0,1099263679
240,6867,4.0,1098940826
240,6870,3.0,1098940906
240,6874,3.0,1098941865
240,6877,4.0,1098941221
240,6881,4.0,1098941736
240,6947,4.0,1098941911
240,7061,4.5,1098942299
240,7078,4.0,1098942385
240,7090,5.0,1098940849
240,7121,4.5,1098943008
240,7139,4.0,1098940787
240,7147,3.5,1098941010
240,7153,4.0,1098941997
240,7155,4.0,1098941383
240,7160,4.5,1098940926
240,7212,3.5,1098943048
240,7361,3.5,1098940744
240,7382,4.0,1098941308
240,7437,3.0,1099264034
240,7438,3.0,1098940863
240,7451,3.5,1099263895
240,7493,4.0,1099263684
240,8228,4.5,1098942274
240,8360,4.0,1098940835
240,8368,4.5,1098940807
240,8464,4.0,1098940766
240,8507,3.5,1098942537
240,8622,5.0,1099263824
240,8636,4.5,1098940773
240,8638,2.5,1098940761
240,8644,3.0,1098941299
240,8665,4.5,1098941014
240,8784,4.0,1098940749
240,8798,3.0,1098940934
240,8833,4.0,1098941882
240,8865,4.0,1098941471
240,8879,4.5,1099263674
240,8917,4.5,1098940658
241,1,3.0,847339737
241,2,3.0,847339662
241,5,2.0,847340005
241,34,4.0,847339564
241,36,4.0,847339832
241,47,3.0,847339539
241,48,2.0,847339855
241,50,4.0,847339589
241,150,2.0,847339376
241,153,3.0,847339409
241,158,3.0,847339806
241,160,2.0,847339639
241,181,3.0,847340005
241,194,5.0,847340261
241,196,3.0,847339737
241,223,3.0,847339930
241,230,3.0,847340034
241,231,3.0,847339439
241,235,4.0,847339757
241,247,3.0,847340345
241,253,3.0,847339510
241,261,3.0,847339806
241,296,4.0,847339376
241,316,3.0,847339439
241,317,2.0,847339639
241,318,4.0,847339462
241,319,5.0,847340188
241,342,3.0,847340005
241,344,3.0,847339409
241,353,2.0,847339832
241,355,2.0,847339906
241,356,2.0,847339439
241,357,3.0,847339614
241,362,3.0,847340064
241,364,3.0,847339539
241,367,3.0,847339538
241,370,3.0,847339855
241,377,3.0,847339539
241,380,3.0,847339376
241,410,3.0,847339564
241,420,3.0,847339614
241,457,3.0,847339409
241,471,4.0,847340064
241,474,3.0,847339686
241,480,3.0,847339462
241,500,3.0,847339539
241,509,3.0,847339686
241,535,5.0,847340320
241,551,4.0,847339780
241,555,4.0,847339884
241,587,3.0,847339564
241,589,4.0,847339510
241,592,3.0,847339375
241,595,3.0,847339439
241,778,4.0,847340320
241,780,3.0,847339780
242,1,5.0,956682763
242,6,4.0,956684268
242,11,5.0,956682997
242,16,5.0,956685888
242,21,5.0,956683024
242,22,4.0,956685619
242,25,4.0,956683813
242,31,4.0,956686556
242,34,4.0,956682698
242,36,5.0,956683601
242,47,4.0,956685503
242,50,5.0,956685336
242,52,4.0,956682964
242,95,4.0,956684660
242,100,4.0,956686165
242,110,5.0,956683581
242,111,5.0,956688563
242,141,3.0,956683116
242,144,4.0,956683189
242,150,5.0,956683697
242,164,5.0,956685910
242,165,4.0,956684962
242,185,4.0,956686266
242,198,4.0,956684523
242,205,4.0,956682849
242,208,5.0,956686438
242,215,4.0,956683909
242,248,3.0,956682826
242,252,3.0,956683089
242,257,4.0,956686146
242,260,5.0,956684986
242,280,4.0,956686092
242,296,5.0,956685371
242,300,4.0,956683725
242,316,4.0,956684523
242,318,5.0,956683421
242,329,4.0,956684700
242,337,5.0,956683697
242,342,4.0,956683024
242,348,5.0,956682849
242,349,5.0,956685888
242,350,4.0,956685998
242,352,5.0,956682826
242,356,5.0,956682894
242,357,4.0,956682997
242,361,5.0,956686736
242,368,4.0,956684438
242,371,4.0,956682911
242,373,5.0,956685782
242,377,5.0,956684268
242,378,4.0,956682390
242,380,5.0,956683116
242,415,4.0,956686292
242,422,5.0,956686226
242,425,4.0,956683937
242,432,4.0,956686838
242,440,5.0,956682934
242,448,4.0,956689050
242,454,3.0,956685888
242,457,5.0,956684185
242,463,4.0,956685706
242,471,5.0,956686752
242,474,4.0,956684185
242,480,5.0,956684268
242,481,2.0,956686199
242,507,5.0,956684403
242,508,5.0,956684901
242,527,5.0,956683421
242,529,5.0,956683627
242,534,4.0,956683581
242,541,5.0,956688507
242,554,3.0,956685834
242,590,5.0,956688281
242,592,5.0,956685475
242,593,4.0,956683457
242,597,5.0,956688220
242,608,5.0,956683457
242,628,4.0,956685782
242,648,4.0,956684523
242,691,3.0,956683189
242,695,4.0,956682390
242,733,5.0,956685910
242,748,3.0,956684700
242,750,5.0,956688480
242,786,4.0,956686146
242,800,5.0,956683697
242,832,3.0,956685946
242,838,3.0,956683881
242,852,4.0,956686455
242,858,5.0,956685336
242,866,4.0,956683838
242,898,5.0,956684901
242,899,5.0,956688756
242,900,5.0,956689131
242,903,5.0,956688564
242,904,5.0,956686633
242,908,5.0,956688480
242,912,5.0,956688410
242,913,5.0,956688533
242,919,5.0,956688378
242,920,5.0,956686633
242,923,5.0,956688410
242,924,5.0,956688951
242,926,5.0,956689000
242,933,5.0,956689083
242,949,5.0,956688825
242,953,5.0,956689083
242,969,5.0,956688849
242,994,5.0,956683645
242,1036,5.0,956684962
242,1041,4.0,956683421
242,1042,4.0,956683089
242,1057,2.0,956683158
242,1084,5.0,956685371
242,1088,5.0,956687231
242,1090,5.0,956687495
242,1094,5.0,956683909
242,1095,4.0,956683627
242,1096,5.0,956687430
242,1097,5.0,956682390
242,1103,5.0,956688901
242,1124,5.0,956687665
242,1179,5.0,956685421
242,1183,5.0,956683960
242,1186,4.0,956687495
242,1187,4.0,956689000
242,1193,5.0,956688564
242,1196,5.0,956685008
242,1197,5.0,956687159
242,1198,5.0,956685111
242,1203,5.0,956688613
242,1204,5.0,956688533
242,1206,5.0,956689409
242,1207,5.0,956688507
242,1208,5.0,956685238
242,1210,5.0,956685040
242,1213,4.0,956683457
242,1214,5.0,956688735
242,1219,5.0,956688588
242,1221,5.0,956685336
242,1225,5.0,956687335
242,1227,5.0,956685476
242,1230,4.0,956688378
242,1231,5.0,956687360
242,1234,5.0,956685336
242,1246,5.0,956687625
242,1247,5.0,956688678
242,1252,5.0,956688480
242,1254,5.0,956688901
242,1259,4.0,956687360
242,1265,4.0,956682826
242,1266,5.0,956688756
242,1269,5.0,956689109
242,1270,5.0,956689000
242,1272,4.0,956689028
242,1276,5.0,956688564
242,1282,5.0,956688928
242,1290,4.0,956687566
242,1291,5.0,956685077
242,1296,4.0,956687159
242,1299,5.0,956687335
242,1302,5.0,956687526
242,1304,5.0,956688780
242,1307,5.0,956687159
242,1333,5.0,956689028
242,1343,4.0,956685974
242,1356,5.0,956684374
242,1358,5.0,956683541
242,1370,4.0,956684962
242,1372,4.0,956684330
242,1377,4.0,956684660
242,1387,5.0,956688735
242,1391,4.0,956684548
242,1393,4.0,956683881
242,1394,5.0,956688901
242,1395,5.0,956687566
242,1396,5.0,956685476
242,1404,4.0,956683697
242,1422,4.0,956686019
242,1425,4.0,956683048
242,1479,5.0,956686146
242,1480,4.0,956684548
242,1500,4.0,956682826
242,1518,3.0,956684523
242,1542,4.0,956683909
242,1544,5.0,956686266
242,1552,4.0,956684620
242,1573,4.0,956684374
242,1580,5.0,956684301
242,1586,3.0,956684660
242,1597,4.0,956684438
242,1608,5.0,956684438
242,1610,5.0,956684268
242,1615,4.0,956685857
242,1616,4.0,956686199
242,1617,5.0,956685283
242,1639,4.0,956683937
242,1647,4.0,956686332
242,1653,5.0,956685946
242,1674,5.0,956687159
242,1678,4.0,956688928
242,1694,4.0,956682390
242,1704,5.0,956683513
242,1719,3.0,956683581
242,1721,5.0,956683881
242,1729,5.0,956685503
242,1732,4.0,956682934
242,1747,5.0,956682894
242,1748,5.0,956685834
242,1784,4.0,956682792
242,1791,3.0,956685619
242,1792,4.0,956686266
242,1841,4.0,956686092
242,1845,5.0,956683089
242,1892,3.0,956685946
242,1912,4.0,956683785
242,1918,4.0,956684620
242,1939,5.0,956688735
242,1942,5.0,956689196
242,1945,5.0,956685372
242,1947,5.0,956689083
242,1950,5.0,956688564
242,1952,5.0,956688849
242,1953,5.0,956685372
242,1956,5.0,956687335
242,1957,5.0,956687430
242,1958,5.0,956687665
242,1959,5.0,956687205
242,1960,5.0,956687430
242,1961,5.0,956686799
242,1962,5.0,956687388
242,1964,5.0,956688588
242,1968,4.0,956687495
242,2000,5.0,956684930
242,2001,4.0,956684930
242,2002,4.0,956684930
242,2006,4.0,956684301
242,2020,4.0,956686556
242,2023,5.0,956684660
242,2028,5.0,956684214
242,2058,4.0,956684330
242,2069,5.0,956687566
242,2070,5.0,956687597
242,2076,5.0,956687665
242,2100,4.0,956687205
242,2104,4.0,956687737
242,2108,4.0,956683881
242,2112,5.0,956685503
242,2114,4.0,956687702
242,2115,5.0,956685077
242,2125,4.0,956683838
242,2126,4.0,956685706
242,2145,4.0,956687231
242,2146,4.0,956687205
242,2194,5.0,956687495
242,2231,4.0,956685520
242,2243,5.0,956687205
242,2245,5.0,956687625
242,2248,4.0,956687159
242,2262,4.0,956687264
242,2267,4.0,956685974
242,2268,5.0,956685421
242,2272,5.0,956689647
242,2278,3.0,956684438
242,2289,4.0,956682763
242,2312,5.0,956688086
242,2321,4.0,956682792
242,2331,5.0,956683960
242,2336,4.0,956683581
242,2344,4.0,956687597
242,2349,4.0,956689196
242,2352,5.0,956687526
242,2353,4.0,956684330
242,2369,4.0,956687264
242,2391,5.0,956685834
242,2396,5.0,956683785
242,2405,5.0,956687231
242,2407,5.0,956685211
242,2408,3.0,956685211
242,2415,4.0,956687283
242,2417,3.0,956687856
242,2420,5.0,956687665
242,2421,3.0,956687893
242,2424,5.0,956683048
242,2468,4.0,956687264
242,2469,4.0,956687231
242,2474,5.0,956686769
242,2501,5.0,956683486
242,2561,4.0,956686199
242,2570,5.0,956686696
242,2571,5.0,956684185
242,2598,5.0,956689675
242,2599,4.0,956682698
242,2605,4.0,956685706
242,2616,5.0,956684700
242,2628,5.0,956684986
242,2671,4.0,956682997
242,2672,4.0,956688337
242,2688,4.0,956686292
242,2707,4.0,956686092
242,2724,4.0,956688240
242,2734,3.0,956687737
242,2738,4.0,956687702
242,2739,5.0,956687495
242,2749,4.0,956687665
242,2750,4.0,956687566
242,2757,5.0,956687702
242,2762,5.0,956684837
242,2763,4.0,956684374
242,2764,5.0,956685591
242,2791,4.0,956689365
242,2797,5.0,956689171
242,2802,5.0,956686579
242,2803,4.0,956685947
242,2804,5.0,956688432
242,2819,5.0,956689365
242,2857,5.0,956689109
242,2858,5.0,956682671
242,2863,5.0,956688780
242,2875,5.0,956689480
242,2881,4.0,956686226
242,2916,3.0,956684301
242,2917,5.0,956685445
242,2918,4.0,956689324
242,2919,5.0,956686556
242,2929,5.0,956687566
242,2942,3.0,956687264
242,2950,3.0,956687283
242,2997,5.0,956682720
242,3005,5.0,956686112
242,3006,4.0,956684817
242,3035,5.0,956688825
242,3044,5.0,956683881
242,3060,4.0,956682826
242,3068,5.0,956687388
242,3069,5.0,956686681
242,3071,5.0,956687430
242,3072,5.0,956686681
242,3095,5.0,956689028
242,3098,5.0,956687597
242,3100,5.0,956689521
242,3102,4.0,956682390
242,3104,5.0,956685397
242,3105,4.0,956683601
242,3106,4.0,956689409
242,3107,4.0,956684301
242,3108,4.0,956683627
242,3109,4.0,956687893
242,3110,4.0,956687526
242,3111,5.0,956687388
242,3138,4.0,956687737
242,3147,4.0,956684857
242,3148,3.0,956684796
242,3152,5.0,956688870
242,3160,5.0,956684746
242,3169,4.0,956687665
242,3176,5.0,956685998
242,3198,5.0,956689131
242,3201,5.0,956688735
242,3214,4.0,956687856
242,3247,4.0,956685648
242,3251,4.0,956687625
242,3255,5.0,956686486
242,3256,5.0,956684214
242,3257,4.0,956686332
242,3259,3.0,956683486
242,3260,4.0,956683663
242,3270,4.0,956688410
242,3301,4.0,956682599
242,3308,4.0,956687566
242,3317,5.0,956682599
242,3330,5.0,956688825
242,3342,5.0,956686594
242,3354,2.0,956684085
242,3359,5.0,956688678
242,3360,4.0,956687430
242,3361,5.0,956689324
242,3363,5.0,956689409
242,3394,3.0,956687283
242,3408,4.0,956684031
242,3418,5.0,956688143
242,3421,4.0,956689083
242,3422,4.0,956687264
242,3424,5.0,956687360
242,3448,5.0,956687597
242,3450,2.0,956683089
242,3467,5.0,956688655
242,3469,5.0,956686633
242,3471,5.0,956688480
242,3478,4.0,956687526
242,3481,5.0,956682599
242,3501,5.0,956687205
242,3504,5.0,956688735
242,3512,5.0,956684031
242,3513,4.0,956684031
242,3526,4.0,956687450
242,3543,5.0,956687335
242,3591,4.0,956687737
242,5060,5.0,956689427
243,10,3.5,1094223893
243,19,3.0,1094224146
243,34,3.5,1094223856
243,44,1.5,1094220921
243,47,4.0,1094220912
243,48,2.5,1094220014
243,93,2.0,1094222014
243,110,4.0,1094223796
243,150,2.5,1094223791
243,151,3.0,1094224324
243,153,2.0,1094223550
243,158,2.0,1094220049
243,168,3.0,1094224529
243,172,2.0,1094224499
243,173,2.5,1094224318
243,177,3.0,1094227283
243,186,3.0,1094224527
243,208,2.5,1094223966
243,231,4.0,1094220958
243,253,4.0,1094222420
243,260,5.0,1094223802
243,261,4.0,1094224616
243,273,3.0,1094224914
243,296,4.5,1094223766
243,316,3.0,1094223839
243,344,3.0,1094222408
243,353,3.5,1094224269
243,356,4.0,1094223770
243,364,3.5,1094223532
243,367,3.0,1094223914
243,368,3.5,1094224157
243,370,2.5,1094224486
243,380,3.0,1094223807
243,382,3.0,1094227148
243,434,2.5,1094223929
243,442,3.0,1094224151
243,480,2.5,1094220737
