243,485,3.0,1094224510
243,500,3.5,1094223921
243,520,3.0,1094222950
243,527,3.5,1094223526
243,541,3.5,1094224056
243,551,4.5,1094224162
243,552,3.5,1094224559
243,586,3.5,1094224034
243,588,4.0,1094223540
243,589,4.0,1094222383
243,592,4.0,1094220752
243,593,5.0,1094222392
243,648,3.0,1094220888
243,653,3.0,1094224280
243,733,4.0,1094223881
243,750,4.0,1094224247
243,780,1.5,1094223815
243,784,3.0,1094224428
243,832,3.0,1094220903
243,903,4.0,1094224626
243,904,4.0,1118865291
243,910,4.5,1094220190
243,914,4.0,1094232624
243,919,4.0,1094224100
243,920,4.0,1094220893
243,924,2.5,1094224093
243,1028,4.0,1094224521
243,1035,5.0,1094220875
243,1047,2.5,1094416712
243,1080,4.0,1094224354
243,1089,4.5,1094224236
243,1097,4.0,1094222371
243,1101,2.5,1094224368
243,1136,4.0,1094224071
243,1193,4.0,1094224025
243,1196,5.0,1094220871
243,1198,4.5,1094223871
243,1206,4.0,1094220839
243,1210,5.0,1094223504
243,1213,4.0,1094224114
243,1219,4.0,1094220849
243,1222,4.0,1094224358
243,1240,3.0,1094223995
243,1246,4.0,1094220827
243,1250,4.0,1094220104
243,1255,3.5,1118865350
243,1258,4.5,1094224339
243,1261,3.5,1094225401
243,1265,4.0,1094220852
243,1270,3.5,1094220844
243,1275,4.0,1094220183
243,1281,5.0,1094221378
243,1282,3.0,1094224730
243,1291,4.5,1094224074
243,1333,3.5,1094224871
243,1339,4.5,1094226942
243,1347,3.5,1094222923
243,1350,4.0,1094226896
243,1356,3.5,1094224064
243,1374,3.5,1094224302
243,1377,3.5,1094220094
243,1387,4.0,1094224124
243,1391,2.5,1094220823
243,1393,3.5,1094220796
243,1407,3.0,1094220765
243,1485,3.0,1094224575
243,1517,3.0,1094220770
243,1527,4.0,1094220786
243,1580,3.0,1094223987
243,1584,3.5,1094224214
243,1587,4.0,1094221355
243,1590,3.5,1094221352
243,1610,3.5,1094222365
243,1623,3.5,1094227828
243,1625,3.5,1094220138
243,1645,3.0,1094220341
243,1676,3.5,1094224472
243,1682,4.0,1094224396
243,1690,3.0,1094220364
243,1717,3.0,1094227097
243,1721,3.5,1094223975
243,1722,2.0,1094220319
243,1747,3.5,1094224807
243,1748,3.5,1094220375
243,1801,3.0,1094222898
243,1917,2.0,1094224349
243,1923,3.0,1094224223
243,1931,4.0,1094225714
243,1961,4.0,1094224120
243,1994,3.5,1094226874
243,1997,3.5,1094220179
243,2000,3.5,1118865641
243,2003,3.5,1094220382
243,2004,3.0,1094222865
243,2005,4.0,1094225739
243,2006,3.0,1094220158
243,2011,2.5,1094222857
243,2012,3.0,1094224434
243,2019,4.0,1118865297
243,2021,4.0,1094226789
243,2028,3.5,1094220777
243,2033,4.0,1094221947
243,2093,4.0,1094226223
243,2107,3.0,1094227399
243,2115,4.0,1094224446
243,2116,3.0,1094225975
243,2121,2.0,1094227198
243,2122,2.0,1094227385
243,2124,3.5,1094221286
243,2143,2.5,1094221304
243,2161,2.5,1094225796
243,2163,3.0,1094227378
243,2167,3.0,1094220368
243,2174,3.5,1094261196
243,2193,3.5,1094221319
243,2232,4.0,1094229515
243,2291,4.0,1094220791
243,2328,3.0,1094227252
243,2329,3.5,1094221265
243,2394,4.0,1094232638
243,2405,3.5,1094226129
243,2421,2.0,1094416669
243,2436,3.0,1094221909
243,2456,2.0,1094227543
243,2470,1.5,1094220334
243,2513,4.0,1094227125
243,2529,3.0,1094220731
243,2571,3.5,1094223957
243,2617,2.5,1094224514
243,2628,5.0,1094224015
243,2683,3.5,1094224187
243,2700,5.0,1094224467
243,2701,1.5,1094224922
243,2706,3.5,1094224266
243,2710,3.5,1094224287
243,2712,4.0,1094224442
243,2716,4.0,1094224078
243,2717,2.5,1094227078
243,2719,3.0,1094221127
243,2722,2.5,1094221251
243,2762,4.0,1094223998
243,2790,3.0,1094223478
243,2826,3.5,1094227051
243,2840,2.5,1100510473
243,2858,4.0,1094223904
243,2890,3.5,1094224763
243,2916,3.5,1094224193
243,2944,4.0,1094226511
243,2959,4.0,1094224263
243,2985,3.0,1094224588
243,2987,3.5,1094224232
243,2997,4.0,1094224110
243,3033,3.0,1094224926
243,3052,3.0,1094224777
243,3081,3.5,1094221237
243,3087,3.5,1100510452
243,3147,3.0,1094224690
243,3159,3.0,1094221081
243,3175,2.5,1094225061
243,3176,2.5,1094224650
243,3256,3.0,1094221073
243,3273,3.0,1094227356
243,3471,3.5,1094220516
243,3489,4.5,1094225998
243,3499,4.0,1094221046
243,3527,3.5,1094224716
243,3535,3.0,1094227031
243,3578,4.5,1094224130
243,3623,3.0,1094224709
243,3693,1.5,1094221782
243,3694,1.0,1094227611
243,3698,2.5,1094225951
243,3745,3.5,1094225981
243,3751,3.5,1094224540
243,3753,3.0,1094224721
243,3755,2.0,1094220995
243,3785,3.0,1094227117
243,3793,3.5,1094224389
243,3826,1.5,1094227370
243,3977,3.5,1094224773
243,3993,3.0,1094221759
243,3994,4.0,1094220388
243,3996,3.0,1094220712
243,3997,0.5,1094221731
243,4022,2.5,1094219990
243,4036,3.0,1094226912
243,4105,3.5,1094226865
243,4128,3.0,1094226856
243,4148,3.5,1094227040
243,4226,3.5,1094224605
243,4270,2.0,1094220987
243,4275,1.5,1094226197
243,4306,3.5,1094224405
243,4308,5.0,1094232603
243,4356,4.0,1100510591
243,4446,3.5,1094222550
243,4467,4.0,1094225695
243,4526,3.5,1094223413
243,4643,3.0,1094221003
243,4682,4.0,1094227188
243,4720,4.0,1094427227
243,4857,4.0,1094221537
243,4865,3.5,1094226951
243,4886,3.5,1118865439
243,4896,3.5,1094225381
243,4963,3.5,1094224938
243,4973,5.0,1094220991
243,4993,5.0,1094224463
243,5254,2.5,1094227328
243,5299,3.0,1100510443
243,5349,3.0,1094224846
243,5378,5.0,1094225921
243,5388,2.5,1100510434
243,5418,3.0,1118866131
243,5433,3.0,1094222221
243,5445,3.0,1094224910
243,5478,2.0,1094222146
243,5618,4.0,1094221014
243,5630,3.5,1094229471
243,5669,4.0,1118865261
243,5679,3.0,1094226885
243,5785,3.5,1094221492
243,5816,3.5,1094225372
243,5944,2.0,1094221501
243,5952,4.0,1094224835
243,5971,4.0,1094226686
243,6157,3.0,1094226179
243,6242,4.0,1094226880
243,6243,3.0,1094227090
243,6286,4.0,1094226704
243,6333,4.0,1094222484
243,6350,4.0,1094226654
243,6377,4.0,1094225314
243,6502,3.0,1094220967
243,6503,3.0,1100510571
243,6534,2.0,1094226136
243,6539,4.0,1094225340
243,6615,2.0,1094227348
243,6711,4.0,1118865282
243,6754,3.0,1100510305
243,6768,3.5,1100510285
243,6808,4.0,1094225360
243,6888,2.5,1094222096
243,6947,4.0,1094225637
243,7022,4.0,1094225394
243,7046,4.0,1094226785
243,7099,4.0,1094226682
243,7143,3.5,1094225351
243,7147,4.0,1094232680
243,7153,5.0,1094220973
243,7318,3.0,1094223295
243,7438,5.0,1094226439
243,7454,2.0,1094226213
243,7458,3.0,1094225779
243,7649,4.0,1100510920
243,7809,3.5,1094226538
243,7925,3.5,1094225670
243,8253,4.0,1094225656
243,8368,4.0,1094225332
243,8371,4.0,1094223270
243,8373,3.5,1094222441
243,8464,3.0,1096915748
243,8589,4.5,1094226371
243,8596,4.0,1094223624
243,8622,4.0,1094226630
243,8636,3.5,1118865651
243,8640,1.0,1094261336
243,8783,3.5,1096915704
243,8798,4.0,1118865455
243,33493,5.0,1118865476
244,110,3.5,1448175818
244,260,5.0,1448175099
244,318,5.0,1448175706
244,356,5.0,1448175557
244,457,0.5,1448175608
244,527,5.0,1448175803
244,589,4.0,1448175552
244,1036,4.0,1448175204
244,1080,4.0,1448175446
244,1196,5.0,1448175098
244,1198,5.0,1448175103
244,1200,4.0,1448175223
244,1210,5.0,1448175150
244,1214,4.0,1448175248
244,1240,3.5,1448175634
244,1265,3.5,1448175667
244,1270,5.0,1448175177
244,1356,4.0,1448175259
244,1374,4.0,1448175350
244,1376,4.0,1448175304
244,1387,2.0,1448175244
244,1544,3.5,1448175420
244,2005,4.0,1448175261
244,2011,5.0,1448175319
244,2028,5.0,1448175186
244,2174,3.5,1448175257
244,2420,4.0,1448175281
244,2502,5.0,1448175443
244,2571,2.5,1448175719
244,2641,3.0,1448175411
244,2717,4.0,1448175473
244,2762,0.5,1448175563
244,3114,3.5,1448175272
244,3489,4.5,1448175353
244,3578,3.0,1448175200
244,4571,4.5,1448175298
244,4886,4.0,1448175269
244,4993,4.5,1448175723
244,5459,4.5,1448175456
244,5952,4.5,1448175508
244,7153,4.5,1448175721
244,7293,4.0,1448175930
244,7360,4.5,1448176042
244,7373,3.0,1448175966
244,7458,2.5,1448175933
244,7502,5.0,1448175201
244,8361,3.0,1448175944
244,8371,3.0,1448176065
244,8783,2.0,1448175986
244,8807,4.5,1448176058
244,8917,2.0,1448176035
244,30825,5.0,1448176020
244,31685,2.0,1448175992
244,31696,1.5,1448175996
244,33004,5.0,1448175948
244,34162,4.0,1448175903
244,34319,3.5,1448176028
244,35836,5.0,1448175130
244,39183,0.5,1448175972
244,41569,4.0,1448175961
244,44555,0.5,1448175934
244,45447,0.5,1448175968
244,46530,3.5,1448176055
244,51255,3.5,1448175895
244,52722,3.5,1448175983
244,53996,3.5,1448175957
244,54001,5.0,1448175913
244,54272,4.0,1448175964
244,54503,4.5,1448175905
244,56174,4.5,1448175902
244,58559,5.0,1448175118
244,79132,1.0,1448175166
244,94466,0.5,1448175610
244,134130,5.0,1448175735
245,22,3.0,1011238620
245,36,4.0,1012187265
245,46,3.0,1011238743
245,47,2.0,1011319164
245,50,4.0,1011318662
245,62,5.0,1011238743
245,110,5.0,1011238790
245,219,4.0,1011317486
245,246,4.0,1011318757
245,296,2.0,1011319008
245,333,4.0,1011238517
245,337,3.0,1011317502
245,356,5.0,1011237948
245,412,2.0,1011316949
245,457,5.0,1011319080
245,480,5.0,1011237937
245,527,5.0,1011318686
245,556,5.0,1011238790
245,588,1.0,1011317535
245,590,5.0,1011319038
245,733,5.0,1012191706
245,858,5.0,1011318713
245,909,4.0,1011317711
245,1008,4.0,1011318975
245,1035,3.0,1011319038
245,1059,2.0,1011238160
245,1073,5.0,1011319291
245,1089,2.0,1011317642
245,1092,3.0,1011238606
245,1094,3.0,1011318090
245,1097,5.0,1011238160
245,1104,3.0,1011317452
245,1120,4.0,1012105157
245,1193,5.0,1011317334
245,1203,3.0,1011317261
245,1207,4.0,1011317228
245,1208,3.0,1011317261
245,1221,5.0,1011238061
245,1225,5.0,1012187240
245,1228,5.0,1011318292
245,1246,5.0,1011318492
245,1252,5.0,1011319038
245,1270,5.0,1011238218
245,1302,3.0,1011317697
245,1358,4.0,1012187337
245,1393,5.0,1011318514
245,1408,4.0,1011850123
245,1608,4.0,1011318388
245,1610,5.0,1011238014
245,1625,5.0,1011318090
245,1653,4.0,1011316854
245,1682,5.0,1011238654
245,1684,3.0,1011318446
245,1704,5.0,1011317334
245,1721,5.0,1011237984
245,1732,4.0,1011849984
245,1747,4.0,1011318330
245,1954,5.0,1011238141
245,2028,5.0,1011317228
245,2053,1.0,1011319358
245,2054,3.0,1011319358
245,2058,5.0,1011847874
245,2268,5.0,1011317387
245,2324,5.0,1011317415
245,2329,5.0,1011238631
245,2340,4.0,1012187307
245,2359,5.0,1011238558
245,2396,5.0,1011317297
245,2427,3.0,1011318002
245,2447,3.0,1011318214
245,2571,5.0,1011316822
245,2672,4.0,1011848389
245,2692,3.0,1011238866
245,2712,5.0,1011319314
245,2762,5.0,1011316822
245,2858,5.0,1011317486
245,2908,4.0,1011317854
245,2918,3.0,1011317372
245,2959,5.0,1011317774
245,2997,5.0,1011317516
245,3148,5.0,1011848362
245,3156,5.0,1011847960
245,3174,4.0,1011851839
245,3176,3.0,1011318468
245,3178,4.0,1011317885
245,3183,4.0,1011847934
245,3186,5.0,1011317828
245,3255,4.0,1011319222
245,3386,5.0,1011317749
245,3408,4.0,1011317797
245,3421,3.0,1011317372
245,3450,4.0,1011850225
245,3507,4.0,1011848836
245,3556,1.0,1011318180
245,3566,5.0,1012105157
245,3578,5.0,1012191817
245,3753,5.0,1012191817
245,3755,1.0,1011411744
245,3798,2.0,1011411608
245,3897,5.0,1011319135
245,3916,4.0,1011317727
245,3949,1.0,1011318121
245,3980,5.0,1011317903
245,3996,2.0,1011317334
245,4011,3.0,1011319405
245,4019,3.0,1012192045
245,4033,5.0,1011237937
245,4034,3.0,1011317261
245,4226,4.0,1011317261
245,4239,4.0,1011319386
245,4262,3.0,1011317441
245,4306,5.0,1011238392
245,4308,5.0,1011238408
245,4371,1.0,1011317057
245,4452,2.0,1011238408
245,4857,2.0,1011317697
245,4890,5.0,1011238328
245,4901,5.0,1011238301
245,4963,5.0,1011238285
245,4975,5.0,1011238328
245,4993,4.0,1011238285
245,4995,4.0,1011238285
245,5009,3.0,1011238301
245,5103,4.0,1012105343
245,6474,2.0,1011848070
246,208,3.0,956565708
246,329,3.0,956565501
246,380,3.0,956565426
246,421,3.0,956565501
246,455,2.0,956565730
246,480,4.0,956565426
246,539,5.0,956565279
246,552,3.0,956565688
246,589,5.0,956565845
246,590,4.0,956565501
246,595,3.0,956565341
246,673,4.0,956565688
246,1544,4.0,956565620
246,1552,4.0,956565620
246,1566,4.0,956565501
246,1580,5.0,956565591
246,1881,4.0,956565554
246,1907,3.0,956565253
246,1917,3.0,956565688
246,2006,4.0,956565554
246,2028,4.0,956565845
246,2429,4.0,956565620
246,2617,3.0,956565591
246,2762,4.0,956565341
246,2916,4.0,956565591
246,3015,2.0,956565279
247,1,4.0,953361586
247,7,3.0,953361791
247,9,3.0,953272452
247,10,4.0,953271993
247,11,4.0,953361740
247,12,3.0,953270877
247,19,4.0,953362704
247,39,3.0,953361663
247,44,3.0,953272667
247,45,3.0,953361856
247,69,4.0,953189620
247,70,3.0,953272226
247,104,4.0,953361934
247,110,5.0,953101834
247,145,3.0,953271790
247,153,3.0,953189022
247,160,3.0,953272787
247,163,4.0,953272077
247,165,4.0,953102260
247,185,3.0,953361244
247,196,4.0,953361274
247,198,3.0,953271790
247,204,3.0,953272812
247,208,4.0,953272667
247,216,3.0,953362071
247,231,4.0,953362342
247,260,5.0,953101887
247,288,2.0,953272416
247,292,4.0,953272040
247,293,4.0,953189620
247,296,3.0,953189571
247,316,4.0,953272304
247,317,3.0,953361934
247,327,2.0,953272304
247,333,4.0,953362032
247,344,4.0,953362312
247,349,4.0,953101941
247,353,4.0,953272896
247,356,5.0,953100431
247,357,3.0,953361934
247,367,3.0,953361895
247,368,3.0,953272112
247,370,3.0,953362484
247,376,3.0,953272186
247,377,4.0,953272040
247,379,4.0,953272416
247,380,4.0,953272040
247,405,3.0,953101790
247,410,3.0,953362225
247,413,3.0,953362510
247,414,3.0,953362312
247,434,4.0,953272304
247,435,2.0,953361244
247,441,4.0,953361740
247,442,3.0,953272186
247,454,4.0,953362911
247,457,5.0,953271790
247,466,2.0,953272304
247,474,5.0,953271790
247,480,4.0,953100279
247,487,4.0,953361410
247,500,3.0,953361972
247,504,3.0,953361305
247,517,3.0,953272226
247,520,3.0,953362652
247,527,5.0,953189299
247,533,3.0,953272226
247,542,3.0,953362510
247,544,3.0,953272667
247,546,2.0,953272853
247,552,4.0,953272304
247,553,5.0,953270759
247,575,2.0,953362749
247,586,4.0,953362377
247,588,3.0,953361586
247,589,4.0,953271790
247,592,4.0,953189022
247,593,5.0,953189523
247,597,3.0,953362168
247,648,5.0,953102465
247,671,2.0,953361200
247,673,3.0,953362342
247,692,2.0,953272764
247,733,4.0,953271934
247,737,3.0,953272812
247,748,3.0,953361154
247,780,4.0,953272112
247,784,3.0,953362606
247,786,4.0,953272112
247,833,3.0,953362750
247,852,3.0,953362128
247,915,2.0,953100371
247,1005,1.0,953362793
247,1020,3.0,953362091
247,1028,3.0,953100431
247,1036,5.0,953102260
247,1049,4.0,953272040
247,1091,3.0,953271548
247,1101,4.0,953188957
247,1197,4.0,953271023
247,1215,5.0,953271934
247,1220,4.0,953271054
247,1265,4.0,953361633
247,1270,4.0,953271023
247,1275,4.0,953101790
247,1288,4.0,953271197
247,1291,5.0,953102080
247,1320,3.0,953361274
247,1339,4.0,953270877
247,1356,4.0,953271934
247,1370,4.0,953102260
247,1372,4.0,953272077
247,1376,4.0,953100431
247,1377,3.0,953189022
247,1378,4.0,953271517
247,1379,4.0,953272521
247,1382,3.0,953272416
247,1385,4.0,953272304
247,1387,4.0,953270832
247,1388,3.0,953270832
247,1389,2.0,953270832
247,1391,4.0,953361200
247,1396,4.0,953361060
247,1405,3.0,953362052
247,1409,3.0,953362377
247,1431,4.0,953272764
247,1432,4.0,953272226
247,1453,2.0,953362793
247,1476,4.0,953362010
247,1479,4.0,953102642
247,1499,2.0,953188893
247,1517,5.0,953102554
247,1527,4.0,953272112
247,1544,3.0,953272112
247,1556,3.0,953272853
247,1562,3.0,953189022
247,1573,4.0,953271993
247,1580,4.0,953271823
247,1584,4.0,953348274
247,1599,2.0,953272667
247,1608,4.0,953272077
247,1610,5.0,953102419
247,1617,5.0,953189593
247,1663,5.0,953100431
247,1676,4.0,953271993
247,1687,4.0,953272304
247,1690,2.0,953272362
247,1722,3.0,953271993
247,1744,2.0,953272707
247,1746,3.0,953189571
247,1747,4.0,953361663
247,1769,3.0,953272304
247,1792,3.0,953272186
247,1862,3.0,953361333
247,1866,4.0,953362484
247,1876,4.0,953100371
247,1894,3.0,953362225
247,1912,4.0,953271790
247,1917,3.0,953272336
247,1918,4.0,953101988
247,1920,3.0,953361517
247,1923,4.0,953361633
247,1968,4.0,953271054
247,2000,4.0,953101988
247,2001,4.0,953101988
247,2002,4.0,953101988
247,2003,3.0,953271281
247,2004,3.0,953362342
247,2005,4.0,953189114
247,2006,4.0,953272040
247,2011,4.0,953271405
247,2012,4.0,953361200
247,2028,5.0,953100215
247,2042,2.0,953362704
247,2046,4.0,953361103
247,2050,2.0,953271472
247,2054,3.0,953271517
247,2058,4.0,953271935
247,2060,2.0,953362823
247,2082,2.0,953362377
247,2088,3.0,953271610
247,2094,3.0,953272141
247,2100,3.0,953271368
247,2115,4.0,953102080
247,2124,4.0,953362192
247,2133,3.0,953271405
247,2134,3.0,953271368
247,2141,4.0,953271442
247,2167,4.0,953272040
247,2174,4.0,953271281
247,2193,4.0,953189256
247,2253,3.0,953272521
247,2273,4.0,953272077
247,2278,4.0,953271993
247,2302,4.0,953361740
247,2334,3.0,953272186
247,2335,4.0,953362626
247,2353,4.0,953271790
247,2371,4.0,953271232
247,2372,4.0,953271517
247,2378,4.0,953271442
247,2379,3.0,953271610
247,2380,3.0,953271664
247,2381,3.0,953271690
247,2382,3.0,953271690
247,2383,2.0,953271690
247,2393,4.0,953272186
247,2405,3.0,953271610
247,2406,4.0,953271323
247,2423,4.0,953271323
247,2458,4.0,953271664
247,2463,5.0,953271368
247,2468,4.0,953271638
247,2469,2.0,953271442
247,2470,4.0,953271368
247,2471,4.0,953271610
247,2478,4.0,953271548
247,2490,5.0,953101442
247,2540,3.0,953272521
247,2541,3.0,953101212
247,2571,4.0,953271732
247,2599,3.0,953101288
247,2616,3.0,953272304
247,2617,3.0,953188922
247,2628,4.0,953101887
247,2640,4.0,953189081
247,2641,3.0,953189081
247,2642,3.0,953189081
247,2643,2.0,953189081
247,2683,5.0,953101146
247,2688,4.0,953101341
247,2694,4.0,953101179
247,2699,3.0,953101146
247,2700,4.0,953101518
247,2706,5.0,953101146
247,2714,2.0,953101595
247,2716,5.0,953101341
247,2717,3.0,953271517
247,2719,2.0,953101341
247,2720,2.0,953101375
247,2724,3.0,953101482
247,2735,4.0,953271610
247,2746,3.0,953271323
247,2762,5.0,953101518
247,2763,4.0,953101548
247,2791,3.0,953271023
247,2794,4.0,953271472
247,2797,4.0,953271197
247,2798,3.0,953362842
247,2817,2.0,953272764
247,2867,3.0,953271323
247,2881,3.0,953101252
247,2915,4.0,953271232
247,2916,4.0,953361103
247,2918,5.0,953271023
247,2953,3.0,953362678
247,2959,5.0,953188857
247,2986,2.0,953272764
247,2987,3.0,953101595
247,3033,4.0,953271405
247,3081,4.0,953101518
247,3082,4.0,953102179
247,3087,4.0,953271323
247,3107,5.0,953271993
247,3173,4.0,953102208
247,3243,3.0,953362550
247,3253,4.0,953361687
247,3255,4.0,953361769
247,3256,4.0,953271823
247,3258,3.0,953362550
247,3263,3.0,953362010
247,3264,2.0,953362150
247,3268,2.0,953272853
247,3270,3.0,953270924
247,3388,3.0,953100674
247,3396,3.0,953100755
247,3398,3.0,953100755
247,3421,4.0,953100543
247,3438,4.0,953100836
247,3439,3.0,953100836
247,3440,2.0,953100836
247,3444,4.0,953100587
247,3448,5.0,953100636
247,3450,3.0,953100674
247,3479,4.0,953100707
248,32,4.0,1031528116
248,110,5.0,1031528748
248,151,4.0,1031528925
248,161,5.0,1031528829
248,266,5.0,1031528925
248,316,4.0,1031528337
248,356,5.0,1031528582
248,426,4.0,1031528234
248,527,5.0,1031528526
248,541,5.0,1031528009
248,647,4.0,1031528925
248,750,5.0,1031528009
248,780,4.0,1031528948
248,903,4.0,1031529065
248,904,4.0,1031529065
248,924,5.0,1031528042
248,1090,4.0,1031528748
248,1127,4.0,1031528151
248,1129,5.0,1031528353
248,1183,4.0,1031528856
248,1193,5.0,1031527671
248,1198,5.0,1031527555
248,1200,5.0,1031528068
248,1201,4.0,1031527644
248,1204,4.0,1031528552
248,1206,5.0,1031528042
248,1208,5.0,1031528748
248,1210,4.0,1031527624
248,1214,5.0,1031528009
248,1222,4.0,1031528856
248,1233,5.0,1031528552
248,1240,5.0,1031528068
248,1250,5.0,1031528552
248,1262,5.0,1031528552
248,1263,5.0,1031528692
248,1270,5.0,1031528042
248,1272,5.0,1031528788
248,1320,4.0,1031528372
248,1580,3.0,1031528193
248,1584,4.0,1031528098
248,1690,4.0,1031528337
248,1721,5.0,1031527506
248,1876,4.0,1031528400
248,1944,4.0,1031528526
248,2011,4.0,1031528234
248,2012,4.0,1031528295
248,2054,3.0,1031527506
248,2067,4.0,1031528692
248,2076,5.0,1031529148
248,2109,4.0,1031527720
248,2311,4.0,1031529133
248,2346,2.0,1031528400
248,2427,3.0,1031528925
248,2454,4.0,1031528295
248,2467,5.0,1031529103
248,2528,4.0,1031528257
248,2529,5.0,1031528151
248,2571,5.0,1031528009
248,2640,3.0,1031528234
248,2641,2.0,1031528400
248,2669,3.0,1031528981
248,2769,4.0,1031529133
248,2944,5.0,1031528829
248,3035,5.0,1031528692
248,3062,5.0,1031528856
248,3072,5.0,1031527590
248,3101,5.0,1031527720
248,3176,4.0,1031529133
248,3196,5.0,1031528692
248,3354,4.0,1031527590
248,3448,3.0,1031528856
248,3471,4.0,1031528009
248,3527,5.0,1031528193
248,3638,2.0,1031528337
248,3654,5.0,1031528877
248,3702,4.0,1031528098
248,3704,4.0,1031528295
248,3706,4.0,1031529133
248,3724,4.0,1031528748
248,3827,4.0,1031528312
248,3836,4.0,1031528748
248,3927,3.0,1031528209
248,4103,5.0,1031528877
248,4111,4.0,1031528981
248,4338,5.0,1031528526
248,4339,4.0,1031528925
248,4353,4.0,1031528948
248,4443,4.0,1031528193
248,4473,4.0,1031528948
248,4802,4.0,1031528582
248,4842,4.0,1031528526
248,4874,4.0,1031528372
248,4923,4.0,1031528981
248,4958,5.0,1031528981
248,4990,4.0,1031527857
248,4993,5.0,1031527808
248,5010,5.0,1031527831
248,5060,5.0,1031528582
248,5107,5.0,1031528925
249,10,4.0,839461544
249,11,4.0,839462462
249,153,2.0,839461338
249,165,4.0,839461338
249,231,3.0,839461386
249,337,5.0,839463730
249,339,3.0,839463358
249,344,4.0,839461338
249,356,5.0,839461615
249,357,3.0,839462377
249,367,3.0,839461701
249,420,3.0,839461793
249,480,3.0,839461615
249,500,5.0,839461891
249,508,4.0,839463782
249,539,3.0,839462377
249,589,4.0,839461701
249,590,4.0,839461218
249,593,3.0,839461386
249,597,3.0,839461992
250,111,4.0,1469700534
250,165,4.5,1469700664
250,318,5.0,1469697245
250,356,5.0,1469700413
250,527,5.0,1469697248
250,593,5.0,1469697260
250,858,5.0,1469697262
250,1193,5.0,1469700415
250,1221,5.0,1469807450
250,1270,4.5,1469700556
250,1517,4.0,1469807395
250,1625,4.5,1469700623
250,1645,4.5,1469807293
250,1682,4.5,1469700651
250,1704,4.5,1469697272
250,1917,4.0,1469700456
250,2028,4.5,1469697265
250,2324,4.5,1469700531
250,2329,4.0,1469700432
250,2424,4.0,1469807405
250,2542,4.5,1469807374
250,2571,5.0,1469697267
250,2716,4.0,1469807303
250,2858,4.5,1469700626
250,2916,4.0,1469807260
250,2959,4.5,1469700423
250,3147,5.0,1469700419
250,3408,4.5,1469807287
250,3578,4.5,1469700598
250,3948,5.0,1469807352
250,4011,4.5,1469697297
250,4014,4.0,1469700702
250,4034,4.0,1469807407
250,4226,4.5,1469700561
250,4306,5.0,1469700660
250,4720,4.5,1469808221
250,4886,4.5,1469700630
250,4896,4.0,1469697301
250,4973,5.0,1469700716
250,4995,5.0,1469700610
250,5010,4.5,1469807306
250,5218,5.0,1469807335
250,5989,5.0,1469697296
250,5995,5.0,1469700414
250,6016,4.0,1469700427
250,6333,4.0,1469807358
250,6539,4.0,1469700617
250,7147,4.0,1469700552
250,7254,5.0,1469700726
250,7293,4.5,1469807350
250,30707,4.5,1469807437
250,30812,5.0,1469700609
250,31685,4.5,1469808125
250,31696,4.5,1469808128
250,32031,4.0,1469808194
250,33615,5.0,1469807586
250,33660,4.0,1469807575
250,33679,4.0,1469807465
250,34048,4.0,1469807479
250,34319,4.5,1469808114
250,35836,4.0,1469808077
250,36708,4.0,1469807946
250,38061,4.0,1469808121
250,41569,4.0,1469807545
250,41571,4.5,1469807694
250,42011,3.5,1469807937
250,45081,4.0,1469807745
250,45447,4.5,1469807539
250,45672,4.0,1469807616
250,46578,4.5,1469808075
250,47099,4.5,1469700563
250,47610,5.0,1469700574
250,48043,4.0,1469807613
250,48516,5.0,1469807456
250,48780,5.0,1469700500
250,48997,4.0,1469807715
250,50872,4.0,1469700713
250,51086,4.5,1469807735
250,52975,4.0,1469807961
250,53000,3.0,1469807592
250,53121,4.5,1469807637
250,53125,4.0,1469807522
250,53953,4.0,1469807645
250,53996,5.0,1469807517
250,54995,4.0,1469807648
250,55247,3.5,1469807528
250,55820,4.5,1469700696
250,56145,3.0,1469807690
250,56174,4.0,1469808090
250,56367,4.0,1469808081
250,56587,5.0,1469807402
250,56949,3.5,1469807659
250,57640,3.0,1469807634
250,57669,4.5,1469807533
250,58025,3.0,1469807654
250,58559,5.0,1469807440
250,58803,4.0,1469807628
250,59315,4.5,1469807278
250,59725,3.5,1469807982
250,59784,5.0,1469807361
250,59900,3.5,1469807933
