250,60037,3.0,1469807989
250,60069,5.0,1469807452
250,60074,3.5,1469807577
250,60126,4.0,1469807701
250,60397,3.5,1469807913
250,60950,3.5,1469807664
250,61132,4.0,1469807589
250,61323,4.5,1469808111
250,62434,3.0,1469807672
250,62999,4.5,1469807990
250,64034,4.0,1469807741
250,64957,4.0,1469700729
250,64969,4.0,1469807619
250,65130,3.0,1469808039
250,65230,4.0,1469808033
250,68157,5.0,1469700585
250,68319,3.5,1470036916
250,68358,4.0,1469807320
250,72641,4.0,1469807444
250,72998,5.0,1469807327
250,73017,4.0,1469700628
250,74458,4.5,1469700504
250,74789,4.0,1470036919
250,76093,4.5,1469700668
250,76251,4.0,1469807333
250,79132,5.0,1469697277
250,81591,4.0,1469700596
250,81845,5.0,1469700517
250,84152,4.0,1469700605
250,85414,4.0,1469700620
250,88125,4.5,1469808257
250,88140,4.0,1470036906
250,88744,4.0,1470036911
250,89745,4.0,1469808253
250,91500,4.0,1469808240
250,91529,5.0,1469808250
250,91542,4.0,1469700614
250,92259,5.0,1469808235
250,99114,5.0,1469700601
250,103335,4.0,1469807387
250,106100,4.0,1469700568
250,106782,4.5,1469700683
250,109487,5.0,1469700645
250,112556,4.0,1469808262
250,112852,3.5,1469808247
250,116797,4.0,1469808238
250,122886,3.5,1469697324
250,122904,3.0,1469697320
250,122920,3.5,1470036946
250,134130,3.5,1469697313
250,139385,4.0,1469700469
250,139644,4.0,1469807488
250,150548,4.5,1470036938
250,152081,5.0,1469700464
251,110,4.0,1476478090
251,260,4.5,1476478005
251,296,4.0,1476478551
251,356,5.0,1476478274
251,367,4.0,1476550669
251,551,5.0,1476551142
251,589,4.0,1476478052
251,1036,4.5,1476477994
251,1196,4.5,1476478007
251,1210,4.0,1476477989
251,1240,4.0,1476478082
251,1265,4.0,1476622980
251,1270,5.0,1476550284
251,1485,4.0,1476550459
251,1580,5.0,1476550351
251,1704,4.5,1476640644
251,1907,4.5,1476478454
251,1961,5.0,1476551305
251,2011,4.0,1476550420
251,2012,4.0,1476550612
251,2167,4.0,1476478258
251,2273,4.0,1476550386
251,2291,5.0,1476551039
251,2396,5.0,1476551191
251,2571,5.0,1476478038
251,2762,5.0,1476552557
251,2959,5.0,1476478390
251,3081,5.0,1476551370
251,3578,5.0,1476478241
251,4306,5.0,1476550143
251,4701,4.0,1476550634
251,4886,4.5,1476552471
251,4973,4.0,1476551062
251,4993,4.0,1476478045
251,4995,5.0,1476551043
251,5218,5.0,1476478230
251,5459,4.5,1476550678
251,5618,5.0,1476551037
251,5872,2.0,1476478213
251,5903,5.0,1476478461
251,5952,4.0,1476478043
251,5971,4.0,1476551238
251,6377,4.5,1476623300
251,6539,5.0,1476550161
251,6564,2.5,1476550813
251,7143,4.0,1476478226
251,7147,5.0,1476551006
251,7153,4.5,1476477999
251,7254,5.0,1476623117
251,7361,5.0,1476551057
251,8360,4.5,1476478269
251,8368,4.0,1476478204
251,8371,5.0,1476550618
251,8533,5.0,1476550963
251,8644,5.0,1476478140
251,8970,4.5,1476552477
251,31658,5.0,1476550870
251,31685,4.5,1476550408
251,33004,4.0,1476564766
251,34405,3.0,1476478574
251,37729,5.0,1476550100
251,40815,4.5,1476478223
251,40819,4.0,1476555871
251,42738,3.5,1476478157
251,44191,3.0,1476623070
251,45722,4.5,1476550347
251,47099,4.5,1476550989
251,51662,4.0,1476550263
251,53125,4.0,1476550370
251,53972,4.5,1476550361
251,55232,3.5,1476550595
251,56587,5.0,1476623131
251,59315,5.0,1476478061
251,59784,4.0,1476623034
251,66097,2.0,1476555047
251,68358,4.5,1476478069
251,68954,4.5,1476550949
251,72356,5.0,1476551350
251,72641,5.0,1476550411
251,72998,3.5,1476478509
251,73321,5.0,1476478232
251,76093,4.5,1476622829
251,77561,5.0,1476478162
251,78469,3.5,1476550279
251,78637,3.5,1476478291
251,81845,5.0,1476550886
251,81847,4.5,1476623282
251,86880,4.0,1476550556
251,87232,5.0,1476478099
251,89745,5.0,1476478130
251,91485,4.0,1476550703
251,91500,3.5,1476478205
251,92259,5.0,1476622832
251,94777,4.0,1476478303
251,95167,4.0,1476550259
251,95654,3.5,1476552210
251,96610,4.5,1476478182
251,97225,5.0,1476550466
251,98491,5.0,1476478450
251,102125,5.0,1476478200
251,104243,4.5,1476550290
251,104841,4.5,1476478193
251,106002,5.0,1476478133
251,106487,3.5,1476478295
251,106491,3.0,1476550491
251,106696,4.5,1476478261
251,108190,2.5,1476478197
251,109487,4.0,1476550252
251,111362,4.5,1476478172
251,111759,5.0,1476478092
251,112175,4.5,1476550136
251,112852,4.0,1476478074
251,115617,5.0,1476478151
251,115713,3.5,1476550322
251,120799,4.0,1476478254
251,122882,3.5,1476478294
251,122886,3.0,1476478065
251,122904,5.0,1476477990
251,134853,5.0,1476623217
252,1,3.0,869101312
252,6,3.0,869101354
252,7,4.0,869101615
252,12,5.0,869101988
252,25,5.0,869101312
252,32,4.0,869101312
252,79,2.0,869101734
252,95,4.0,869101312
252,104,3.0,869101615
252,135,4.0,869101734
252,260,4.0,869101354
252,494,4.0,869101355
252,647,4.0,869101988
252,648,4.0,869101312
252,653,4.0,869101615
252,673,5.0,869101988
252,719,3.0,869101781
252,733,5.0,869101354
252,736,5.0,869101312
252,737,3.0,869101781
252,743,3.0,869101781
252,761,3.0,869102024
252,762,3.0,869101734
252,765,3.0,869102110
252,780,3.0,869101312
252,786,3.0,869101355
252,788,3.0,869101615
252,802,3.0,869101615
252,830,3.0,869102024
252,832,4.0,869101734
252,849,4.0,869102110
252,852,3.0,869101781
252,858,4.0,869101781
252,1061,3.0,869102110
252,1073,3.0,869101354
252,1210,4.0,869101734
252,1356,4.0,869101615
252,1391,3.0,869102110
253,1,4.5,1215831130
253,2,4.0,1215831526
253,10,4.0,1215831215
253,16,2.0,1215831682
253,19,1.0,1215831546
253,20,1.5,1215823643
253,34,4.5,1215831195
253,62,4.5,1215831457
253,104,3.5,1215831650
253,110,5.0,1215831113
253,150,4.0,1215831121
253,151,4.5,1215831823
253,172,2.0,1215831868
253,173,2.0,1215831772
253,204,1.0,1215832175
253,223,4.0,1215831499
253,231,4.5,1215831199
253,260,4.5,1215831109
253,296,4.0,1215831098
253,303,1.5,1215832398
253,318,5.0,1215823680
253,333,4.0,1215832057
253,337,3.0,1215831664
253,344,4.0,1215831149
253,349,4.0,1215831182
253,353,4.5,1215831720
253,356,5.0,1215823900
253,367,4.0,1215831211
253,368,4.0,1215831647
253,442,2.0,1215831608
253,454,4.5,1215831241
253,480,4.0,1215831104
253,500,3.5,1215831197
253,524,4.5,1215832370
253,529,4.0,1215832012
253,543,4.5,1215831903
253,552,4.0,1215831899
253,553,4.5,1215831747
253,585,2.0,1215832111
253,589,4.0,1215831127
253,590,4.5,1215831124
253,592,4.0,1215831118
253,593,3.5,1215831101
253,597,3.5,1215831193
253,707,3.5,1215823599
253,719,4.0,1215832276
253,733,4.0,1215831190
253,750,3.5,1215831575
253,778,3.5,1215831578
253,780,3.5,1215831132
253,783,3.5,1215832019
253,784,4.5,1215831789
253,786,2.0,1215831636
253,802,3.5,1215831863
253,805,4.0,1215831931
253,849,0.5,1215832322
253,852,4.5,1215832005
253,858,4.5,1215823875
253,914,4.0,1215832168
253,923,4.5,1215831711
253,953,3.5,1215831872
253,1025,3.0,1215823621
253,1089,4.0,1215831506
253,1090,4.0,1215832836
253,1101,4.5,1215831587
253,1136,4.5,1215831245
253,1193,4.5,1215831247
253,1196,4.0,1215832718
253,1197,4.0,1215831221
253,1198,4.0,1215831154
253,1201,4.0,1215831961
253,1207,4.5,1215831853
253,1210,4.0,1215831136
253,1215,4.5,1215831988
253,1221,3.5,1215823884
253,1225,4.5,1215831602
253,1242,4.0,1215831981
253,1246,4.5,1215831652
253,1250,4.5,1215823815
253,1259,4.5,1215831591
253,1262,4.5,1215823829
253,1265,4.5,1215831226
253,1276,5.0,1215823745
253,1288,4.0,1215823932
253,1291,4.5,1215831254
253,1302,4.0,1215831966
253,1304,4.5,1215831742
253,1320,1.5,1215831859
253,1358,2.0,1215832853
253,1387,4.0,1215831559
253,1393,4.0,1215831509
253,1396,4.0,1215831906
253,1407,1.5,1215831698
253,1449,4.5,1215823578
253,1479,2.0,1215832314
253,1485,3.0,1215831706
253,1527,3.0,1215831467
253,1552,3.5,1215831847
253,1573,2.5,1215831671
253,1580,3.5,1215831207
253,1597,4.0,1215832089
253,1617,4.0,1215831238
253,1645,4.0,1215832049
253,1653,3.0,1215831727
253,1682,4.5,1215831599
253,1693,4.5,1215823629
253,1704,4.5,1215831462
253,1717,1.0,1215832545
253,1732,4.5,1215831753
253,1747,4.5,1215832095
253,1784,5.0,1215831520
253,1882,2.5,1215832423
253,1917,4.0,1215831554
253,1923,3.5,1215831473
253,1947,2.0,1215832318
253,1957,4.5,1215832556
253,1961,5.0,1215831454
253,2005,4.5,1215832143
253,2006,4.0,1215831890
253,2012,3.5,1215831623
253,2028,4.5,1215831185
253,2046,3.5,1215823613
253,2081,4.0,1215831834
253,2115,2.5,1215831641
253,2137,3.0,1215823607
253,2193,3.0,1215832234
253,2321,4.0,1215831838
253,2324,5.0,1215831799
253,2329,5.0,1215831780
253,2423,3.5,1215823604
253,2470,4.0,1215831992
253,2502,4.5,1215831704
253,2505,1.0,1215832649
253,2528,4.0,1215823616
253,2539,3.5,1215832246
253,2617,4.5,1215831776
253,2640,4.0,1215831740
253,2671,1.0,1215831975
253,2686,2.0,1215823590
253,2688,1.5,1215832619
253,2762,4.0,1215831187
253,2763,4.0,1215832001
253,2797,3.5,1215831619
253,2803,4.0,1215823645
253,2858,4.5,1215831157
253,2890,2.0,1215831997
253,2916,2.5,1215831606
253,2918,4.5,1215831593
253,2959,5.0,1215831251
253,2987,3.5,1215831517
253,3033,3.5,1215832065
253,3098,4.5,1215823618
253,3114,4.0,1215831551
253,3147,4.0,1215831723
253,3160,3.5,1215832039
253,3174,4.0,1215832366
253,3253,4.0,1215831947
253,3255,4.5,1215832138
253,3298,1.5,1215823637
253,3450,4.5,1215823601
253,3489,4.0,1215832348
253,3527,4.0,1215831937
253,3578,4.5,1215831270
253,3745,2.0,1215823624
253,3752,2.0,1215832404
253,3753,4.5,1215831933
253,3785,2.0,1215832333
253,3809,5.0,1215823594
253,3897,2.0,1215831685
253,3996,4.0,1215831482
253,4011,4.0,1215831971
253,4027,5.0,1215831759
253,4034,2.5,1215831730
253,4226,3.5,1215831549
253,4246,1.5,1215832054
253,4306,4.0,1215831274
253,4308,4.0,1215832120
253,4310,4.0,1215832392
253,4963,4.0,1215831717
253,4973,4.0,1215832735
253,4979,2.0,1215832115
253,4993,5.0,1215831259
253,4995,4.5,1215831757
253,5103,4.5,1215823706
253,5218,4.0,1215832227
253,5299,3.0,1215832192
253,5349,4.5,1215831678
253,5445,3.0,1215831617
253,5481,2.0,1215832531
253,5952,4.5,1215832741
253,5991,4.5,1215832343
253,6333,4.0,1215831963
253,6539,4.5,1215831691
253,6711,1.0,1215832015
253,6863,2.0,1215832409
253,7153,4.5,1215831567
253,7263,4.0,1215823702
253,8636,4.0,1215832026
253,8784,1.5,1215832533
253,8961,4.0,1215831943
253,37739,3.5,1215823718
253,41566,4.5,1215823639
253,43396,4.0,1215832841
253,48394,2.0,1215832790
253,56587,3.5,1215823854
254,9,3.0,845159397
254,19,3.0,845157322
254,22,3.0,845157526
254,23,2.0,845157762
254,29,5.0,845158605
254,31,3.0,845157538
254,34,5.0,845157322
254,39,2.0,845157349
254,44,3.0,845157478
254,47,3.0,845157307
254,48,1.0,845157516
254,50,5.0,845157367
254,72,4.0,845159047
254,82,5.0,845158605
254,112,3.0,845157634
254,122,3.0,845157670
254,132,3.0,845157775
254,145,3.0,845157552
254,146,4.0,845158616
254,147,3.0,845159135
254,149,4.0,845158626
254,150,3.0,845158754
254,153,3.0,845157211
254,154,5.0,845157988
254,156,4.0,845158642
254,160,4.0,845157382
254,162,4.0,845157793
254,163,4.0,845157563
254,165,4.0,845157211
254,172,2.0,845159616
254,173,3.0,845157382
254,175,3.0,845159212
254,176,5.0,845158649
254,178,5.0,845158021
254,181,3.0,845157577
254,184,4.0,845158097
254,193,3.0,845157488
254,194,4.0,845157685
254,196,4.0,845157432
254,198,4.0,845157712
254,204,3.0,845157432
254,206,3.0,845158616
254,207,3.0,845157589
254,208,3.0,845157280
254,223,4.0,845157538
254,227,3.0,845157577
254,231,2.0,845157247
254,232,5.0,845157670
254,233,4.0,845157762
254,234,3.0,845157610
254,235,4.0,845157419
254,236,3.0,845157407
254,240,2.0,845159380
254,253,3.0,845157293
254,260,4.0,845157828
254,265,5.0,845157442
254,275,4.0,845158006
254,287,4.0,845158056
254,288,3.0,845157293
254,291,1.0,845158596
254,292,3.0,845157280
254,296,3.0,845157190
254,307,4.0,845157685
254,316,3.0,845157265
254,318,4.0,845157265
254,322,3.0,845157913
254,327,3.0,845157589
254,330,3.0,845159226
254,333,3.0,845157516
254,337,4.0,845157407
254,342,4.0,845157577
254,344,3.0,845157211
254,345,4.0,845158978
254,349,4.0,845157211
254,350,3.0,845159201
254,353,3.0,845157463
254,356,3.0,845157265
254,357,3.0,845157367
254,367,3.0,845157323
254,368,3.0,845159476
254,372,1.0,845157746
254,373,3.0,845157988
254,380,3.0,845157190
254,381,4.0,845157634
254,392,5.0,845158154
254,413,2.0,845157649
254,421,4.0,845157858
254,427,3.0,845157712
254,432,3.0,845157382
254,444,4.0,845157874
254,457,4.0,845157248
254,466,3.0,845157552
254,469,3.0,845158570
254,481,4.0,845157858
254,485,3.0,845159277
254,489,3.0,845157847
254,494,4.0,845157712
254,497,3.0,845157499
254,500,4.0,845157323
254,520,4.0,845157552
254,521,5.0,845157997
254,534,3.0,845158818
254,535,3.0,845157847
254,537,3.0,845157762
254,538,5.0,845157793
254,539,3.0,845157367
254,540,2.0,845159636
254,542,2.0,845157762
254,543,3.0,845157599
254,551,4.0,845157478
254,585,3.0,845157463
254,587,3.0,845157338
254,588,4.0,845157211
254,589,3.0,845157293
254,590,3.0,845157190
254,592,3.0,845157190
254,593,5.0,845157247
254,595,4.0,845157247
254,596,5.0,845157620
254,597,3.0,845157338
254,608,5.0,845157516
254,609,4.0,845157925
254,610,4.0,845157634
254,616,4.0,845159016
254,685,3.0,845158127
254,750,5.0,845158116
254,846,4.0,845159266
254,861,3.0,845158867
254,899,4.0,845158392
254,901,4.0,845158460
254,903,4.0,845158359
254,904,4.0,845158326
254,914,3.0,845158378
254,919,4.0,845158313
254,922,4.0,845158445
254,923,4.0,845158326
254,924,4.0,845158294
254,953,3.0,845158334
254,954,4.0,845158392
254,1073,4.0,845159058
254,1082,4.0,845158108
255,18,2.5,1236980522
255,19,1.5,1236981275
255,105,4.0,1236980398
255,158,2.0,1236984810
255,231,2.5,1237062259
255,256,1.5,1236980409
255,344,1.5,1236981270
255,356,3.5,1237062255
255,364,3.0,1237062269
255,648,3.0,1237062720
255,680,4.0,1236981604
255,714,4.5,1237062530
255,910,4.0,1236980392
255,922,4.5,1236980484
255,923,4.5,1236985384
255,953,4.0,1237063799
255,1084,5.0,1236983576
255,1103,5.0,1236980495
255,1193,5.0,1237062241
255,1206,5.0,1236985449
255,1208,4.5,1236981960
255,1230,4.0,1236981912
255,1304,5.0,1236984288
255,1732,5.0,1236982902
255,1917,2.5,1236982027
255,2076,4.5,1236983381
255,2291,5.0,1237062315
255,2321,3.0,1237063006
255,2324,4.5,1237063003
255,2351,3.5,1236980918
255,2497,3.0,1237062670
255,2572,3.0,1236981069
255,2843,5.0,1236982967
255,2858,4.5,1236981637
255,2897,5.0,1236981851
255,2997,5.0,1236982548
255,3052,4.0,1237062299
255,3257,1.5,1236983551
255,3301,2.0,1236980466
255,3545,4.0,1236984412
255,3685,3.5,1236980695
255,3742,5.0,1236982401
255,3751,4.0,1236985268
255,3863,3.0,1236984975
255,3893,2.5,1236980528
255,3968,1.5,1237062449
255,3999,2.0,1236980644
255,4014,2.5,1236985312
255,4015,4.0,1237063452
255,4022,3.0,1236984816
255,4246,4.0,1236984156
255,4370,3.5,1236981220
255,4386,1.0,1236984953
255,4388,2.0,1237063440
255,4673,1.5,1236980770
255,4973,5.0,1236981630
255,4993,5.0,1237062208
255,4995,3.5,1237062907
255,5076,3.5,1236981400
255,5092,2.0,1236982881
255,5225,4.5,1236981848
255,5269,4.0,1237062895
255,5377,4.0,1236981248
255,5613,3.5,1236981207
255,5878,4.0,1237063367
255,5902,5.0,1236981293
255,5945,3.5,1236981244
255,5952,5.0,1237062201
255,5991,3.5,1236985258
255,6016,4.5,1236985399
255,6058,2.0,1237062596
255,6252,1.5,1237062864
255,6373,3.0,1236984229
255,6539,4.5,1237062860
255,6620,4.0,1236981804
255,6711,4.5,1237062280
255,6870,3.5,1237062845
255,6953,4.0,1236981127
255,6985,5.0,1237064195
255,7147,5.0,1236982891
255,7153,5.0,1237063870
255,7162,3.0,1236985496
255,7173,1.5,1236981593
255,7234,4.0,1237064183
255,7254,3.0,1236984299
255,7265,5.0,1237062829
255,7361,5.0,1237063720
255,7444,2.5,1236981091
255,7460,4.0,1236985489
255,8254,5.0,1236982022
255,8370,3.5,1237062580
255,8376,5.0,1237062406
255,8529,3.0,1237063307
255,8783,3.0,1237063299
255,8860,3.0,1236980890
255,8873,5.0,1237062403
255,8910,4.5,1237062397
255,8948,3.0,1236981515
255,8949,3.5,1237063289
255,8969,2.0,1236984160
255,8970,3.5,1237062388
255,8973,4.5,1236980863
255,8981,4.5,1236985460
255,8985,1.0,1236983066
255,25805,5.0,1236982094
255,27266,4.0,1236981121
255,27815,4.5,1236985322
255,30816,3.0,1237062573
255,31956,2.5,1236981189
255,32587,5.0,1237062283
255,33164,1.0,1237062799
255,33660,3.0,1236985367
255,33679,3.0,1237063256
255,34437,4.5,1236984194
255,36401,3.5,1236984214
255,37729,4.5,1237062378
255,38798,3.0,1237062792
255,39183,4.5,1236984187
255,40819,3.0,1237063227
255,41566,3.0,1236985342
255,41571,2.5,1236980837
255,42015,3.0,1236984789
255,44195,3.5,1237063223
255,44555,5.0,1237063814
255,45447,2.5,1237063231
255,45722,4.5,1237063234
255,46578,3.5,1237063218
255,48696,4.0,1237062772
255,49272,5.0,1236984799
255,50954,3.5,1237061951
255,54001,3.0,1237062372
255,54503,4.0,1237062364
255,54732,4.0,1236982276
255,55052,4.0,1236982102
255,55253,4.0,1237063180
255,55274,4.5,1237063183
255,58559,4.5,1237063931
255,59725,3.0,1237062752
255,59784,3.5,1237062553
255,61323,5.0,1236984270
255,63062,3.5,1236985199
255,63853,2.5,1236981023
255,64839,4.5,1237062172
255,64957,4.0,1236981039
255,66203,4.0,1236981047
256,3,3.0,851862274
256,5,3.0,851862273
256,6,3.0,851862273
256,7,3.0,851862274
256,9,3.0,851862371
256,14,4.0,851862320
256,25,5.0,851862204
256,32,1.0,851862204
256,36,3.0,851862273
256,52,4.0,851862320
256,62,4.0,851862204
256,79,3.0,851862370
256,95,3.0,851862204
256,100,3.0,851862443
256,140,3.0,851862371
256,141,4.0,851862204
256,376,3.0,851862274
256,494,3.0,851862274
256,608,4.0,851862273
256,628,4.0,851862371
256,637,3.0,851862370
256,648,1.0,851862204
256,708,3.0,851862320
256,736,3.0,851862204
256,786,3.0,851862320
256,832,4.0,851862505
256,1073,3.0,851862320
257,110,1.5,1348432136
257,111,5.0,1338008367
257,260,3.5,1449941754
257,296,5.0,1338008518
257,318,4.0,1338008463
257,608,4.0,1449941791
257,741,5.0,1348289399
257,910,0.5,1449941745
257,912,5.0,1338009430
257,1136,4.0,1449941127
257,1189,4.5,1449941418
257,1196,5.0,1449941341
257,1201,4.0,1449941794
257,1206,0.5,1449941218
257,1207,4.0,1449941803
257,1212,4.5,1338007055
257,1218,4.0,1382585982
257,1222,4.5,1338009498
257,1228,4.5,1338085401
257,1230,0.5,1449941741
257,1244,4.5,1338009606
257,1248,4.0,1338008487
257,1252,3.5,1348543172
257,1258,4.5,1338009448
257,1263,4.0,1338006929
257,1270,3.5,1338009265
257,1274,4.0,1348544094
257,1278,5.0,1338009616
257,1653,3.5,1348542901
257,1732,2.5,1338008439
257,1945,3.5,1338007081
257,1968,0.5,1449941756
257,2019,5.0,1338009444
257,2105,1.0,1338006947
257,2160,4.5,1338009319
257,2300,4.0,1338009696
257,2502,4.0,1348543068
257,2555,0.5,1338007492
257,2759,3.0,1348543309
257,2810,0.5,1384658047
257,2905,5.0,1338008251
257,2918,5.0,1338009626
257,2948,3.0,1338007027
257,2949,4.0,1338007022
257,2959,5.0,1338008479
257,3000,5.0,1338008296
257,3030,5.0,1338008230
257,3091,2.5,1338008115
257,3224,3.0,1348288095
257,3365,3.0,1338009471
257,3435,2.5,1338009363
257,3751,5.0,1348288488
257,3996,5.0,1348288119
257,4855,4.5,1338008386
257,4878,5.0,1348287669
257,4886,2.5,1449941781
257,4993,4.5,1348543050
257,5146,0.5,1356517818
257,5300,5.0,1364623792
257,5498,5.0,1338009229
257,5690,4.0,1361847376
257,5971,4.5,1338008328
257,6350,4.0,1348432335
257,6539,3.5,1338711189
257,6669,5.0,1338008065
257,6713,3.5,1361847383
257,6857,0.5,1384658040
257,7022,4.0,1338009069
257,7060,4.0,1338008110
257,7099,5.0,1348289288
257,7919,4.5,1338008315
257,7925,2.5,1338009285
257,8157,3.5,1357016590
257,8253,4.5,1361847365
257,8484,3.5,1338009082
257,8961,2.5,1449941800
257,25771,3.0,1338007898
257,26082,5.0,1338008319
257,26662,4.5,1338009202
257,26776,3.5,1348289356
257,26840,2.0,1379207594
257,26903,3.0,1361847412
257,27728,3.5,1338008106
257,27731,3.0,1361847403
257,30803,4.5,1381206612
257,31658,4.0,1338009235
257,32587,1.0,1449941116
257,44761,4.0,1348543390
257,49272,4.0,1348543094
257,52885,4.0,1348289178
257,57504,3.5,1348289194
257,64614,3.5,1348543222
257,64695,3.0,1361847748
257,64993,3.5,1361847438
257,65261,4.0,1348432341
257,70286,3.5,1348542887
257,70533,4.0,1379186740
257,79132,2.5,1449941330
257,81845,2.0,1338008119
257,82459,3.5,1348543212
257,84187,4.0,1379186744
257,85179,2.5,1449941453
257,101962,5.0,1380873296
258,260,4.0,955313017
258,1221,5.0,955313061
258,1466,4.0,955313017
258,1487,2.0,955313061
258,1927,5.0,955313590
258,2412,3.0,955313061
258,2652,4.0,955313017
258,2762,5.0,955313590
258,3361,3.0,955313061
258,3461,4.0,955313373
258,3467,4.0,955313329
258,3468,5.0,955313329
258,3469,5.0,955313329
258,3471,5.0,955313210
258,3478,3.0,955313185
258,3479,3.0,955313329
258,3480,4.0,955313373
258,3494,5.0,955313505
258,3498,5.0,955313373
258,3499,4.0,955313373
258,3504,4.0,955313407
258,3508,5.0,955313407
258,3519,4.0,955313245
258,3524,4.0,955313185
258,3527,4.0,955313446
258,3528,4.0,955313446
258,3529,5.0,955313446
258,3543,5.0,955313245
258,3546,5.0,955313505
258,3548,4.0,955313185
258,3549,4.0,955313286
258,3551,4.0,955313373
259,34,3.0,949949146
259,246,5.0,949949032
259,260,2.0,949948803
259,288,2.0,949949305
259,356,4.0,949948831
259,541,1.0,949948974
259,608,4.0,949949132
259,700,3.0,949948803
259,785,3.0,949949103
259,1005,4.0,949948831
259,1097,3.0,949948831
259,1189,4.0,949949044
259,1210,2.0,949948789
259,1231,5.0,949948963
259,1246,5.0,949948995
259,2109,5.0,949949358
259,2194,3.0,949948963
259,2268,5.0,949949333
259,2396,3.0,949949183
259,2599,4.0,949949172
259,2736,4.0,949948908
259,2750,3.0,949948984
259,2792,3.0,949948937
259,2804,3.0,949948921
259,2858,4.0,949949162
259,2959,3.0,949948743
259,2997,5.0,949949132
259,3007,4.0,949949260
260,69,3.0,1207885633
260,231,3.5,1207985639
260,260,5.0,1207887858
260,329,5.0,1207985668
260,356,4.0,1207985437
260,367,2.0,1207985628
260,379,3.5,1207885410
260,589,4.0,1207887816
260,590,4.0,1207887734
260,765,4.0,1207885529
260,1194,3.5,1207886026
260,1196,5.0,1207985383
260,1210,5.0,1207887704
260,1240,4.5,1207985596
260,1265,5.0,1207985684
260,1409,4.0,1207885371
260,1620,3.5,1207885599
260,1704,5.0,1207985573
260,1961,3.5,1207985516
260,1979,3.0,1207886252
260,1981,3.0,1207886256
260,2109,2.5,1207885307
260,2269,2.5,1207885933
260,2571,5.0,1207887760
260,2628,5.0,1207985396
260,2716,3.0,1207985242
260,2959,2.5,1207985204
260,3249,3.5,1207885953
260,3578,5.0,1207985605
260,4022,2.0,1207985538
260,4084,3.0,1207885859
260,4220,3.5,1207886304
260,4224,3.0,1207886420
260,4995,2.5,1207985091
260,5378,5.0,1207985646
260,6539,5.0,1207985166
260,6711,2.0,1207985216
260,33493,5.0,1207985266
260,44191,5.0,1207985132
260,45722,3.5,1207985291
260,56174,3.0,1207886287
261,1,1.5,1101665532
261,19,5.0,1101666126
261,32,4.0,1101665552
261,50,5.0,1101665567
261,110,5.0,1101665515
261,112,0.5,1101665410
261,150,3.5,1101665513
261,231,4.5,1101665615
261,235,0.5,1101665380
261,260,4.0,1101665520
261,315,3.5,1101665449
261,316,4.5,1101665564
261,318,5.0,1101665518
261,344,5.0,1101665559
261,356,5.0,1101665501
261,377,4.0,1101665554
261,380,3.5,1101665523
261,480,3.0,1101665503
261,589,4.0,1101665525
261,590,4.5,1101665511
261,592,4.0,1101665507
261,593,4.5,1101665499
261,648,3.5,1101665563
261,653,1.0,1101665378
261,780,4.5,1101665528
261,832,3.0,1101665427
261,1208,2.5,1101665372
261,1220,0.5,1101665374
261,1225,4.0,1101665367
261,1240,4.0,1101666435
261,1270,4.0,1101665609
261,1517,2.0,1101665396
261,1584,5.0,1101665665
261,2174,1.0,1101665416
261,2700,3.0,1101665448
261,2858,5.0,1101665611
261,2916,3.5,1101665668
261,3114,0.5,1101665407
261,3793,4.0,1101665431
261,4016,5.0,1101666082
261,4306,3.0,1101665429
261,4993,3.5,1101665423
261,5445,5.0,1101665658
261,5903,5.0,1101665663
261,6365,4.0,1101665675
261,6537,3.0,1101665681
261,7143,4.0,1101665980
261,7254,4.5,1101665664
261,7827,5.0,1101665661
261,8644,4.5,1101665659
262,1,2.5,1433898798
262,2,2.0,1434331477
262,19,2.5,1434025058
262,29,3.0,1433899932
262,34,2.0,1434332133
262,39,2.5,1434024947
262,47,5.0,1433899064
262,70,2.0,1433945801
262,97,3.0,1433899624
262,110,3.0,1433900727
262,111,3.5,1433899517
262,154,2.0,1434332315
262,175,5.0,1434026421
262,231,2.5,1433900989
262,247,4.0,1434028372
262,253,3.0,1433899148
262,288,4.0,1433899117
