262,293,4.0,1433899047
262,296,4.0,1433898889
262,306,3.0,1433899556
262,307,3.0,1433899653
262,318,3.0,1433898853
262,319,2.5,1434028404
262,344,2.5,1433900945
262,347,2.0,1434028789
262,356,3.0,1433898783
262,357,2.5,1433945204
262,364,2.0,1433900939
262,367,2.0,1434332133
262,377,2.5,1433900947
262,380,2.0,1433900951
262,480,3.0,1433898792
262,495,2.5,1434026701
262,500,3.5,1433900987
262,527,3.0,1433898859
262,551,3.0,1433944378
262,586,4.0,1434024930
262,587,1.5,1434024940
262,588,2.0,1433900952
262,593,5.0,1433898786
262,595,3.5,1433900938
262,596,2.0,1434028849
262,597,2.0,1434024918
262,714,3.0,1433939192
262,736,2.0,1433900996
262,778,3.5,1433900818
262,780,1.5,1433900962
262,799,3.0,1453400925
262,841,3.5,1433899252
262,858,3.5,1433898857
262,899,3.0,1433900729
262,903,2.5,1433902162
262,910,3.0,1433900708
262,912,2.5,1433898895
262,919,2.0,1434025037
262,923,2.0,1433900591
262,924,3.0,1466554367
262,928,2.5,1433900620
262,968,4.0,1433899254
262,1073,3.5,1433938198
262,1080,2.0,1433937472
262,1088,2.0,1433938031
262,1089,3.0,1433937996
262,1092,1.0,1434026704
262,1128,2.5,1433901601
262,1136,2.0,1433902148
262,1172,3.0,1433898949
262,1173,4.0,1434332273
262,1185,2.5,1433939305
262,1193,3.5,1433898864
262,1199,2.5,1433900782
262,1206,4.0,1433939078
262,1208,3.5,1433900624
262,1209,3.5,1433938208
262,1219,4.0,1433899304
262,1221,3.0,1433898860
262,1222,2.5,1433900762
262,1223,2.0,1433900798
262,1230,3.0,1433900688
262,1235,5.0,1433937500
262,1237,3.0,1433900639
262,1241,4.0,1433899346
262,1244,3.0,1433900749
262,1246,3.0,1434025076
262,1247,4.0,1433900663
262,1251,2.5,1433900724
262,1255,3.0,1433899361
262,1258,4.0,1433899272
262,1259,4.0,1433937479
262,1261,2.5,1433899278
262,1270,3.0,1433898794
262,1273,2.5,1433900772
262,1285,3.5,1434333103
262,1321,3.0,1433945803
262,1333,3.0,1433899342
262,1342,2.5,1434028370
262,1343,2.0,1434028845
262,1345,4.0,1433901086
262,1347,3.5,1433901313
262,1348,3.0,1433899308
262,1350,3.0,1433902595
262,1361,5.0,1449695793
262,1380,2.0,1434333178
262,1387,2.5,1433899249
262,1393,0.5,1434025046
262,1394,2.0,1433938936
262,1407,4.0,1433945792
262,1437,2.5,1434026695
262,1441,3.0,1434333065
262,1483,4.0,1434026711
262,1517,3.0,1434025032
262,1580,2.0,1433900994
262,1644,1.5,1433945806
262,1663,1.0,1434333193
262,1680,1.0,1434333062
262,1704,1.0,1433937452
262,1717,2.0,1433945812
262,1721,2.5,1433900992
262,1732,3.0,1433899619
262,1777,2.0,1433900105
262,1884,3.5,1433900267
262,1923,2.5,1434331441
262,1952,2.5,1433899676
262,1961,2.5,1433899841
262,1968,4.5,1433899805
262,1974,2.5,1466556509
262,1982,3.0,1433902398
262,1991,3.0,1433901519
262,1993,2.0,1434332492
262,1994,3.0,1433901091
262,1997,2.5,1433899276
262,2003,3.0,1453400917
262,2005,4.0,1433900100
262,2019,3.0,1433900531
262,2076,3.0,1433939213
262,2099,2.5,1434026452
262,2115,3.0,1433900343
262,2118,3.0,1433899452
262,2134,3.0,1433899853
262,2144,5.0,1433900113
262,2145,5.0,1433900159
262,2159,3.0,1434028259
262,2160,3.5,1433899324
262,2174,4.0,1433899850
262,2291,4.0,1433944316
262,2313,3.5,1433900016
262,2361,3.0,1434026440
262,2395,5.0,1433900218
262,2428,3.0,1453400946
262,2459,3.5,1433901162
262,2488,3.5,1433899389
262,2513,3.0,1433901307
262,2517,3.0,1433901165
262,2541,2.5,1434332587
262,2542,2.5,1433899132
262,2548,0.5,1434332424
262,2557,2.5,1434028407
262,2581,1.0,1434333116
262,2617,2.0,1433945791
262,2644,2.5,1433901259
262,2657,3.5,1434028796
262,2683,2.5,1434331443
262,2700,2.5,1434026407
262,2706,2.0,1434025013
262,2710,2.0,1433945788
262,2712,2.5,1434028823
262,2713,1.0,1434332606
262,2716,2.5,1434024934
262,2719,2.0,1434332477
262,2722,0.5,1433945810
262,2731,2.5,1433900584
262,2732,2.5,1433899738
262,2762,4.0,1433900057
262,2783,3.0,1466555126
262,2787,2.0,1433901571
262,2789,2.0,1434332483
262,2790,1.0,1434332499
262,2797,2.0,1434333201
262,2853,3.0,1466556529
262,2858,4.0,1433899129
262,2862,2.5,1434026448
262,2901,3.0,1433901228
262,2908,3.0,1434028384
262,2918,4.0,1433899630
262,2925,2.5,1433900714
262,2959,3.5,1433898887
262,2964,4.0,1434024383
262,2967,3.0,1433901256
262,2987,3.0,1434025065
262,2995,1.0,1434332556
262,3018,2.5,1433899364
262,3075,3.5,1433899246
262,3089,3.0,1433899077
262,3134,2.5,1433900571
262,3147,3.5,1434025061
262,3189,2.0,1433945088
262,3205,3.0,1433901335
262,3216,5.0,1466555307
262,3223,3.0,1434028748
262,3272,2.0,1434026669
262,3273,1.5,1433944596
262,3294,2.5,1466555388
262,3296,2.0,1434333003
262,3344,3.5,1434026377
262,3408,2.0,1433944471
262,3409,2.0,1433944656
262,3448,2.0,1433899934
262,3476,2.0,1433899428
262,3481,3.0,1433900302
262,3484,2.0,1433944981
262,3499,3.0,1433902770
262,3504,3.5,1433899608
262,3535,3.0,1434028745
262,3536,0.5,1433944735
262,3552,1.5,1433900110
262,3556,4.0,1433900316
262,3569,2.0,1434024388
262,3578,2.5,1433943824
262,3617,2.5,1433944564
262,3621,3.5,1433901224
262,3658,2.0,1433901247
262,3676,3.0,1466555143
262,3727,2.0,1433901320
262,3741,2.5,1433899627
262,3742,2.0,1434026690
262,3751,2.0,1433943845
262,3752,1.0,1434333328
262,3777,3.5,1434026355
262,3785,2.5,1433944537
262,3788,3.0,1433899900
262,3798,2.0,1433944611
262,3825,2.0,1433944730
262,3826,1.5,1433944562
262,3847,3.0,1466555416
262,3863,2.0,1433944529
262,3875,2.5,1466555129
262,3882,2.5,1433944684
262,3917,2.0,1466555004
262,3932,2.0,1433901523
262,3948,1.0,1433900094
262,3949,4.0,1433900762
262,3967,3.5,1433944552
262,3968,1.0,1433944739
262,3970,3.0,1433901325
262,3977,2.5,1433944475
262,3979,0.5,1433944826
262,3988,2.0,1433944624
262,3991,0.5,1433945135
262,4011,4.0,1433899072
262,4014,2.0,1434333307
262,4015,2.0,1433944667
262,4018,1.5,1433944524
262,4020,2.0,1433944958
262,4023,0.5,1433944675
262,4025,2.0,1433944510
262,4054,1.0,1433944812
262,4056,2.0,1434332097
262,4069,0.5,1433944756
262,4105,4.0,1433899283
262,4128,4.0,1433900174
262,4148,0.5,1453400929
262,4161,1.0,1433944701
262,4210,2.5,1433901758
262,4226,3.0,1433899135
262,4235,2.5,1433899562
262,4239,2.0,1433900312
262,4246,3.5,1433944496
262,4270,2.0,1433944553
262,4299,0.5,1433944635
262,4306,2.5,1433943823
262,4308,2.0,1433944493
262,4310,2.0,1434333331
262,4367,1.0,1433944568
262,4368,0.5,1433945094
262,4369,1.0,1433944585
262,4370,2.0,1433944502
262,4372,2.5,1434332981
262,4386,0.5,1433945003
262,4388,2.0,1433944769
262,4390,3.0,1434026462
262,4403,3.0,1433901427
262,4417,2.5,1434026374
262,4437,4.0,1433899444
262,4447,1.5,1433944535
262,4552,4.0,1434332315
262,4638,1.0,1434333355
262,4641,5.0,1433900434
262,4658,3.5,1433899486
262,4697,2.0,1466555411
262,4718,2.0,1434333330
262,4720,3.0,1433899348
262,4745,1.0,1434332535
262,4752,3.5,1466555203
262,4754,5.0,1433899430
262,4816,2.5,1434333342
262,4833,3.0,1433899412
262,4865,2.0,1433944707
262,4878,5.0,1433900808
262,4886,2.5,1433943827
262,4890,2.0,1433944679
262,4893,3.0,1433901591
262,4896,2.0,1433943841
262,4902,3.0,1433899425
262,4914,3.5,1433899722
262,4951,1.0,1434332369
262,4963,1.5,1433943836
262,4973,3.5,1433899006
262,4979,4.0,1433900131
262,4993,3.0,1433899020
262,4996,2.5,1433901437
262,5014,3.0,1433944831
262,5025,0.5,1433944988
262,5026,2.0,1433944862
262,5034,2.0,1434333145
262,5105,3.0,1433899401
262,5111,2.0,1434028863
262,5147,3.0,1433900632
262,5151,0.5,1433944904
262,5153,3.0,1434028832
262,5165,3.5,1433901549
262,5218,2.0,1433944490
262,5225,3.0,1433899976
262,5269,3.0,1434028759
262,5291,2.0,1433899044
262,5294,1.0,1433944971
262,5319,2.0,1433899996
262,5349,1.5,1433943835
262,5377,3.0,1433944518
262,5433,2.5,1466555214
262,5449,0.5,1433944830
262,5481,1.5,1434333323
262,5489,2.5,1433899422
262,5502,3.0,1449545395
262,5505,5.0,1433944985
262,5569,4.0,1433901264
262,5570,2.5,1433902476
262,5577,2.5,1433944949
262,5588,2.5,1433901380
262,5600,2.5,1434333082
262,5617,5.0,1433944724
262,5630,2.5,1433901439
262,5679,2.5,1433944520
262,5715,2.5,1466555329
262,5735,2.0,1434028883
262,5778,2.5,1466555111
262,5785,2.0,1433944847
262,5810,1.5,1433944664
262,5816,2.0,1434333289
262,5853,2.5,1433901338
262,5891,3.0,1434028395
262,5909,3.0,1433901093
262,5952,3.0,1433899030
262,5957,0.5,1433944944
262,5971,2.5,1433899027
262,5980,3.5,1433901333
262,5995,3.0,1433900705
262,6000,3.0,1466555083
262,6016,2.0,1433898866
262,6063,4.0,1434028236
262,6140,3.0,1433901090
262,6188,0.5,1433944647
262,6214,5.0,1434026410
262,6218,2.5,1434333349
262,6256,3.5,1433901670
262,6257,1.5,1434026685
262,6287,0.5,1433944728
262,6290,2.0,1434026371
262,6291,2.5,1434028390
262,6301,3.5,1434026687
262,6367,0.5,1433945120
262,6373,1.5,1433944516
262,6383,0.5,1433944776
262,6395,3.0,1433901443
262,6502,3.5,1433899319
262,6503,1.5,1433944743
262,6530,3.5,1466554000
262,6535,0.5,1433945036
262,6586,2.0,1433944968
262,6609,2.5,1433902734
262,6711,4.0,1433900226
262,6748,3.0,1433899485
262,6773,2.5,1433944805
262,6863,2.0,1433944513
262,6870,2.0,1449545417
262,6874,3.5,1433899821
262,6890,3.0,1433945125
262,6909,3.0,1466556506
262,6936,1.5,1433944709
262,6940,4.0,1466555315
262,6942,2.0,1434333093
262,6975,2.5,1433899373
262,6987,3.0,1433899340
262,7008,3.0,1434026428
262,7022,4.0,1434026395
262,7024,3.0,1434026444
262,7029,3.0,1433901703
262,7065,2.5,1434026572
262,7110,3.0,1433901573
262,7115,3.0,1433899417
262,7123,2.0,1434028360
262,7153,3.0,1433899012
262,7235,3.0,1433901695
262,7265,4.0,1434026468
262,7293,0.5,1433944618
262,7318,2.0,1433944819
262,7327,4.0,1433899568
262,7360,2.0,1433899292
262,7361,3.0,1433900258
262,7387,3.0,1433899256
262,7438,2.5,1433899964
262,7444,0.5,1433944798
262,7451,2.0,1433944711
262,7492,3.0,1433901432
262,7502,4.0,1433899008
262,7650,3.0,1433901321
262,7882,2.5,1433901869
262,7920,3.0,1433901240
262,7976,3.0,1434028829
262,7982,2.0,1433901269
262,8014,3.0,1433899657
262,8128,2.5,1433902867
262,8194,2.5,1434026549
262,8195,2.5,1433899743
262,8360,2.5,1433944469
262,8368,1.5,1433944485
262,8376,3.5,1433944602
262,8464,2.0,1433944546
262,8477,3.5,1433899705
262,8507,4.0,1433899414
262,8640,2.5,1433945032
262,8783,2.5,1433944698
262,8784,2.0,1433900381
262,8848,2.0,1433937641
262,8873,2.5,1433900022
262,8874,5.0,1433899280
262,8906,3.5,1433901809
262,8947,2.5,1433945101
262,8950,3.0,1433900876
262,8969,1.0,1433945007
262,8981,3.0,1433944786
262,8983,2.0,1433944758
262,25771,3.5,1433902894
262,25774,3.0,1433901984
262,25807,3.0,1466555413
262,26003,3.5,1433900815
262,26125,3.5,1433901254
262,26171,3.0,1433937427
262,26176,3.0,1434026546
262,26231,3.0,1434028421
262,26241,3.5,1433939016
262,26303,2.0,1434028411
262,26320,2.5,1433938622
262,26326,3.0,1433900053
262,26587,3.5,1433899681
262,26631,3.0,1434028356
262,26693,2.0,1434332537
262,26974,5.0,1434024376
262,27317,3.0,1433901311
262,27329,4.0,1466553914
262,27604,1.0,1466555095
262,27648,1.5,1434027012
262,27721,2.5,1433945072
262,27772,3.0,1434332838
262,27773,4.0,1433899039
262,27784,2.0,1433943899
262,27798,1.0,1466556425
262,30745,2.5,1433901815
262,30783,3.0,1433901578
262,30793,1.0,1433944559
262,30803,3.5,1433899708
262,30810,4.0,1433900224
262,31270,2.5,1434026382
262,31502,2.5,1433901840
262,31952,4.0,1434332260
262,32211,3.5,1434026663
262,32587,2.5,1433899863
262,32686,3.0,1433901854
262,32728,2.5,1433901772
262,32898,3.0,1433939390
262,33162,2.0,1433944952
262,33171,5.0,1434026665
262,33592,2.5,1433939259
262,33683,3.0,1434028346
262,33817,1.0,1434028784
262,33880,3.0,1434024386
262,33896,2.5,1433938989
262,34323,2.0,1433902006
262,34437,2.0,1433900240
262,36276,2.0,1434332281
262,38886,4.0,1433902777
262,39381,2.0,1434332038
262,40412,5.0,1434028381
262,40833,2.5,1433901908
262,42632,3.0,1434028375
262,42723,3.0,1434026442
262,44694,2.5,1433945024
262,44761,2.0,1433945027
262,44974,3.5,1433945145
262,45662,1.0,1434332380
262,46578,5.0,1433944494
262,46723,2.5,1466553900
262,48082,2.0,1433900251
262,48231,3.5,1433901586
262,48385,2.0,1433944556
262,48394,2.5,1433899084
262,48744,1.5,1434026418
262,48774,2.5,1433899918
262,48780,2.5,1449545380
262,48872,2.5,1434332011
262,48972,1.0,1466556478
262,48997,3.0,1433945149
262,51207,2.5,1433901784
262,51255,3.0,1433899515
262,51304,0.5,1434026561
262,52666,2.5,1434028380
262,53000,1.5,1433944779
262,53435,2.0,1434026570
262,53953,0.5,1433944965
262,54503,2.0,1433944588
262,54995,3.0,1433899458
262,55269,5.0,1433900103
262,55280,3.5,1434333174
262,55652,3.0,1434028328
262,55820,3.5,1434331241
262,56145,1.5,1433945123
262,56339,2.5,1433945133
262,56367,3.0,1433939343
262,57274,2.5,1433899344
262,57669,2.5,1433899754
262,57910,2.5,1434028842
262,58964,3.0,1434028252
262,59369,4.0,1434331314
262,59727,2.5,1434028856
262,59995,3.0,1434332061
262,60069,2.0,1449545363
262,60072,1.5,1433944927
262,60293,2.5,1434333195
262,60333,2.5,1433938484
262,61024,2.0,1433944909
262,61240,3.5,1433944834
262,62203,3.5,1434028253
262,63992,2.0,1433944982
262,64034,2.5,1433939292
262,64153,1.0,1433901282
262,64969,0.5,1433945062
262,65188,0.5,1433899651
262,66310,2.0,1434028756
262,68157,2.5,1433899093
262,68237,2.5,1433899119
262,68954,4.0,1433899070
262,69134,2.5,1434028793
262,69720,1.5,1433901294
262,69757,1.5,1434331407
262,71304,2.0,1433901079
262,71518,3.0,1434333026
262,71535,2.0,1433899302
262,71579,1.0,1434333040
262,71700,1.5,1466555047
262,72226,4.0,1433899801
262,72731,3.0,1434332559
262,73321,2.5,1449619585
262,74370,3.0,1466555224
262,74458,3.0,1434331410
262,76030,2.0,1434332563
262,76093,3.0,1433899165
262,76251,3.0,1433944669
262,76303,3.0,1433901668
262,77427,1.0,1434028872
262,77800,3.0,1434026432
262,79251,2.0,1434028821
262,79702,5.0,1433944765
262,80736,1.5,1434028878
262,80844,1.0,1433902396
262,80862,3.0,1434026438
262,81138,2.5,1433901891
262,81562,1.5,1433944901
262,81847,2.5,1433900020
262,82041,3.5,1434331904
262,82667,3.5,1433899462
262,85401,4.0,1434028802
262,85788,2.5,1466555293
262,85881,2.5,1434333047
262,87205,1.5,1433902503
262,87234,3.5,1434333071
262,88163,2.0,1433945056
262,88272,2.0,1434026558
262,89118,3.0,1433899386
262,89837,4.0,1434028776
262,89864,2.5,1433939428
262,90357,4.0,1466554024
262,90374,2.0,1433901991
262,90531,2.5,1433937509
262,91488,2.5,1434026949
262,92058,2.0,1434332534
262,92206,2.0,1434028881
262,92309,2.0,1466556500
262,92494,5.0,1433939438
262,92496,2.5,1433944354
262,92498,2.5,1433939525
262,93840,2.0,1433899391
262,94466,3.0,1433899032
262,94864,1.5,1433945013
262,94959,3.5,1433899570
262,96490,2.0,1434332489
262,96563,3.0,1449566698
262,96610,1.5,1433944843
262,96634,1.0,1433901354
262,96815,3.0,1466555193
262,97188,3.0,1466555348
262,97593,3.5,1433943968
262,97921,2.5,1433939383
262,97957,5.0,1466555263
262,98083,2.0,1449545775
262,98809,2.0,1433944816
262,99296,2.0,1466553910
262,99470,1.5,1466555310
262,99669,2.5,1433902552
262,99912,2.5,1466555060
262,100159,3.0,1433901145
262,100306,2.5,1434028827
262,103249,1.5,1434332516
262,103299,3.0,1466555235
262,103341,2.5,1434026812
262,103688,3.0,1433899245
262,104457,3.5,1466555164
262,104662,1.5,1433939422
262,104879,3.0,1434332065
262,105763,3.0,1433901730
262,106870,3.0,1433902455
262,106920,3.0,1433899735
262,107057,3.0,1433901065
262,107771,2.5,1433899455
262,108192,4.0,1433976851
262,108447,1.5,1433902533
262,108506,2.5,1433937554
262,108583,2.5,1433899163
262,108729,2.0,1434332282
262,109848,4.0,1434025386
262,110591,2.0,1466555396
262,110748,2.5,1466554983
262,111486,2.0,1433956476
262,112277,1.5,1449545530
262,112515,4.0,1434028903
262,112552,3.0,1433899042
262,112556,2.5,1433899712
262,112655,2.5,1433901200
262,112689,2.5,1433902817
262,113252,3.0,1466554981
262,113565,3.0,1433901160
262,113640,2.5,1433901830
262,113780,3.0,1434024546
262,114044,2.5,1433938594
262,114766,2.0,1466555176
262,115569,3.0,1434024301
262,115881,1.0,1433902663
262,116503,1.5,1433902447
262,116797,2.5,1466554620
262,117121,3.0,1466555350
262,117434,1.5,1466555369
262,118260,2.5,1433938584
262,118334,2.0,1433901193
262,118880,4.0,1466554354
262,121113,1.0,1433901472
262,121231,5.0,1434025406
262,130448,0.5,1433900495
262,131451,1.0,1466555002
262,132146,3.0,1449545549
262,133824,2.0,1433900503
262,134130,3.0,1449619586
262,134853,2.5,1453401256
262,136602,2.0,1466556437
262,137337,3.0,1453401252
262,140523,2.5,1466554084
262,141956,1.0,1466556517
262,151639,2.5,1466555266
262,152173,3.0,1466556504
263,21,3.5,1117843298
263,62,3.5,1117842427
263,110,3.5,1117843310
263,168,3.0,1117844263
263,296,3.0,1117843220
263,318,4.0,1117842318
263,350,3.0,1117841935
263,356,4.0,1117843241
263,368,3.0,1117841982
263,442,3.0,1117841950
263,509,3.5,1117841872
263,517,3.5,1117844232
263,541,3.5,1117843228
263,586,4.0,1117843224
263,590,4.0,1117842357
263,593,4.0,1117842379
263,597,3.5,1117843252
263,674,2.0,1117844192
263,762,3.0,1117844218
263,802,3.0,1117844202
263,908,3.0,1117842422
263,912,3.0,1117843156
263,919,3.0,1117841916
263,920,3.5,1117842472
263,949,3.0,1117846575
263,969,4.0,1117842490
263,1037,4.0,1117842657
263,1104,3.0,1117842629
263,1127,4.0,1117843180
263,1204,3.5,1117842412
263,1222,3.0,1117843194
263,1234,3.5,1117844158
263,1246,3.0,1117842055
263,1267,3.5,1117842604
263,1270,3.5,1117842452
263,1275,4.0,1117844169
263,1304,4.5,1117842044
263,1305,3.0,1117846583
263,1307,3.5,1117841906
263,1333,4.0,1117844098
263,1370,3.5,1117844117
263,1374,2.5,1117842084
263,1408,4.5,1117842310
263,1527,3.0,1117841855
263,1580,4.0,1117843172
263,1584,3.5,1117841943
263,1610,4.5,1117841969
263,1617,3.5,1117843147
263,1732,2.0,1117844107
263,1784,4.0,1117842336
263,1923,2.5,1117841893
263,1961,3.0,1117841881
263,1962,3.5,1117842551
263,2006,3.0,1117842349
263,2019,3.0,1117843814
263,2521,2.5,1117846457
263,2529,2.0,1117842344
263,2617,3.0,1117843755
263,2716,3.5,1117843116
263,2803,4.0,1117842504
263,2804,3.5,1117842390
263,2808,3.0,1117843727
263,2826,4.0,1117843715
263,2916,3.0,1117843087
263,2947,3.5,1117843731
263,2959,2.5,1117843052
263,2987,2.5,1117842006
263,3098,3.0,1117843691
263,3207,3.0,1117844657
263,3308,3.0,1117844668
263,3430,3.5,1117844646
263,3468,3.5,1117843643
263,3503,1.0,1117842805
263,3686,2.0,1117844621
263,3697,3.5,1117843630
263,3717,3.0,1117842536
263,3734,2.5,1117843024
263,3753,3.5,1117843596
263,3873,4.0,1117844594
263,4019,3.5,1117843548
263,4025,4.0,1117843552
263,4085,3.5,1117843564
263,4220,3.5,1117844538
263,4223,3.0,1117842519
263,4317,3.5,1117844527
263,4406,3.0,1117842764
263,4535,3.5,1117842754
263,4951,2.0,1117844494
263,4963,3.5,1117843530
263,4972,3.0,1117843483
263,4995,3.0,1117843498
263,5266,3.5,1117843509
263,5313,3.0,1117842720
263,5382,4.0,1117842969
263,5464,3.5,1117843450
263,5611,2.0,1117842989
263,5620,3.0,1117842714
263,5995,3.0,1117843442
263,6428,3.5,1117842933
263,6450,3.5,1117843408
263,6539,4.0,1117842363
263,6565,4.0,1117843418
263,6662,4.0,1117844395
263,6870,3.5,1117843366
263,6874,1.5,1117843344
263,6989,3.0,1117846772
263,7143,3.5,1117843378
263,7376,3.0,1117846745
263,8337,3.5,1117846697
263,8636,3.5,1117842463
263,8784,1.0,1117844344
263,8798,3.0,1117844323
263,26394,3.0,1117846669
263,33646,3.0,1118182718
264,39,5.0,995664962
264,342,3.0,995665043
264,356,4.0,995664904
264,357,5.0,995665057
264,377,3.0,995664978
264,440,5.0,995665009
264,499,3.0,995664664
264,527,5.0,995664707
264,911,4.0,995664851
264,914,5.0,995664826
264,920,4.0,995664866
264,1088,4.0,995665075
264,1097,5.0,995664664
264,1191,3.0,995664688
264,1197,4.0,995664851
264,1244,5.0,995664852
264,1296,2.0,995664905
264,1307,5.0,995664801
264,1393,5.0,995665027
264,1569,5.0,995665075
264,1674,5.0,995664905
264,1721,5.0,995664826
264,2080,5.0,995664882
264,2081,5.0,995664905
264,2125,5.0,995665027
264,2145,3.0,995665091
264,2248,5.0,995664866
264,2406,5.0,995664995
264,2671,3.0,995664978
264,3536,2.0,995664924
264,4054,4.0,995664947
264,4280,4.0,995664947
264,4593,2.0,995664707
265,21,4.0,960060664
265,25,4.0,960056648
265,36,4.0,960056698
265,41,4.0,960056356
265,50,5.0,960056648
265,58,3.0,960061048
265,111,4.0,960056180
265,154,4.0,960060804
265,281,5.0,960060848
265,370,4.0,960055626
265,373,5.0,960059696
265,457,3.0,960060412
265,527,4.0,960056581
265,608,5.0,960056325
265,650,2.0,960056774
265,750,5.0,960055877
265,858,4.0,960055822
265,892,4.0,960056750
265,898,5.0,960056356
265,899,5.0,960056041
265,900,5.0,960060601
265,904,4.0,960056005
265,913,5.0,960056005
265,918,3.0,960060236
265,919,5.0,960059500
265,920,5.0,960055528
265,921,4.0,960056990
265,922,5.0,960055822
265,923,5.0,960055877
265,936,5.0,960060498
265,942,4.0,960056420
265,952,4.0,960060643
265,953,3.0,960059929
265,969,5.0,960059639
265,1079,5.0,960059911
265,1084,5.0,960056356
265,1094,3.0,960056581
265,1095,4.0,960060979
265,1096,5.0,960057145
265,1104,5.0,960056098
265,1124,4.0,960060884
265,1131,2.0,960056214
265,1132,2.0,960056858
265,1136,4.0,960059473
265,1150,2.0,960056956
265,1171,2.0,960061070
265,1179,4.0,960056553
265,1186,4.0,960056928
265,1189,3.0,960056858
265,1193,4.0,960056420
265,1198,4.0,960056928
265,1204,4.0,960056098
265,1207,4.0,960055822
265,1208,4.0,960060687
265,1212,5.0,960055822
265,1217,5.0,960056278
265,1222,3.0,960060458
265,1224,4.0,960056278
265,1225,4.0,960056462
265,1230,4.0,960059119
265,1231,4.0,960056928
265,1233,5.0,960056214
265,1235,4.0,960059833
265,1237,5.0,960056005
265,1238,4.0,960060192
265,1242,4.0,960057026
265,1243,4.0,960060498
265,1244,3.0,960059446
265,1247,5.0,960056180
265,1250,4.0,960059781
265,1251,4.0,960056181
265,1252,4.0,960055912
265,1254,5.0,960056098
265,1263,4.0,960060099
265,1265,4.0,960056675
265,1266,5.0,960060979
265,1270,3.0,960056990
265,1276,4.0,960056325
265,1280,2.0,960056600
265,1281,4.0,960059751
265,1283,5.0,960059402
265,1293,4.0,960056462
265,1296,4.0,960055626
265,1299,4.0,960059578
265,1303,4.0,960059675
265,1304,4.0,960056462
265,1307,4.0,960057166
265,1617,4.0,960055558
265,1633,3.0,960060687
265,1648,3.0,960060764
265,1673,3.0,960060787
265,1674,4.0,960057026
265,1682,3.0,960060164
265,1684,3.0,960060269
265,1834,4.0,960060458
265,1940,4.0,960060192
265,1944,5.0,960056278
265,1945,5.0,960059219
265,1948,5.0,960060951
265,1949,4.0,960060393
265,1950,4.0,960059613
265,1953,4.0,960056462
265,1954,3.0,960060393
265,1955,4.0,960060545
265,1956,4.0,960057103
265,1957,4.0,960057026
265,1960,4.0,960057067
265,1964,4.0,960059446
265,1997,3.0,960060884
265,2019,4.0,960059219
265,2020,4.0,960059985
265,2025,2.0,960060146
265,2028,4.0,960055626
265,2068,4.0,960056990
265,2076,3.0,960057194
265,2130,4.0,960056325
265,2132,5.0,960056420
265,2186,5.0,960056005
265,2194,4.0,960061048
265,2300,5.0,960055940
265,2303,4.0,960059639
265,2349,3.0,960057145
265,2352,4.0,960057103
265,2396,5.0,960056420
265,2583,4.0,960060951
265,2692,2.0,960056722
265,2716,4.0,960060073
265,2731,4.0,960060036
265,2732,5.0,960056181
265,2759,3.0,960060830
265,2764,3.0,960060979
265,2791,4.0,960056928
265,2847,4.0,960056098
265,2858,5.0,960056533
265,2917,5.0,960056928
265,2919,3.0,960057067
265,2929,5.0,960060830
265,2948,2.0,960059781
265,2951,5.0,960059911
265,2969,4.0,960060787
265,2972,1.0,960057026
265,2988,4.0,960061070
265,3035,4.0,960059403
265,3068,4.0,960057145
265,3072,4.0,960055558
265,3083,3.0,960056131
265,3089,4.0,960059473
265,3095,4.0,960056005
265,3098,3.0,960060343
265,3101,4.0,960060515
265,3125,2.0,960061153
265,3134,5.0,960059186
265,3148,4.0,960056698
265,3163,2.0,960055940
265,3167,4.0,960060545
265,3171,4.0,960059781
265,3194,3.0,960059403
265,3200,5.0,960060073
265,3201,5.0,960059964
265,3255,3.0,960061153
265,3260,2.0,960060146
265,3307,3.0,960055847
265,3361,4.0,960056956
265,3408,4.0,960057273
265,3418,5.0,960060458
265,3421,4.0,960061107
265,3435,5.0,960055727
265,3462,5.0,960055912
265,3467,4.0,960059446
265,3468,4.0,960059219
265,3481,4.0,960057250
265,3537,4.0,960057331
265,3545,5.0,960056278
265,3629,4.0,960055727
265,3653,4.0,960059307
265,3654,4.0,960061048
265,3671,5.0,960060002
265,3685,5.0,960057145
265,3730,4.0,960055727
265,3735,4.0,960059186
265,3738,3.0,960060343
265,3742,4.0,960056041
265,5060,4.0,960056131
266,14,4.0,840452329
266,34,3.0,840452291
266,36,5.0,840703429
266,39,5.0,840703309
266,50,4.0,840703309
266,62,4.0,840452291
266,105,3.0,840452329
266,150,5.0,840452108
266,185,3.0,840703238
266,225,3.0,840703288
266,282,4.0,840452329
