266,292,3.0,840703189
266,296,3.0,840452108
266,300,5.0,840703263
266,306,3.0,840703428
266,307,3.0,840703428
266,308,3.0,840703428
266,318,4.0,840452329
266,339,3.0,840703213
266,349,3.0,840452155
266,356,4.0,840452291
266,364,5.0,840703263
266,367,4.0,840703289
266,377,4.0,840703289
266,380,3.0,840452109
266,434,2.0,840703189
266,454,3.0,840703263
266,457,5.0,840703189
266,480,4.0,840703238
266,500,3.0,840703309
266,527,5.0,840452291
266,586,3.0,840703344
266,587,4.0,840703344
266,588,3.0,840452154
266,590,5.0,840452108
266,592,3.0,840452108
266,593,4.0,840703153
266,595,3.0,840703153
266,838,5.0,840703429
267,47,4.5,1175984548
267,50,4.0,1175984023
267,260,4.5,1175984069
267,296,5.0,1175984399
267,318,5.0,1175984030
267,441,5.0,1175983608
267,593,4.0,1175984033
267,849,2.5,1175982871
267,1089,4.5,1175984444
267,1120,4.5,1175983570
267,1193,4.5,1175984026
267,1208,4.0,1175984533
267,1213,4.5,1175984414
267,1466,3.5,1175983356
267,2076,2.5,1175982862
267,2236,4.5,1175983843
267,2329,5.0,1175983999
267,2858,5.0,1175983998
267,2890,3.5,1175983333
267,2915,3.5,1175982879
267,2959,5.0,1175984003
267,3317,4.0,1175982909
267,3361,4.0,1175982888
267,3404,2.0,1175983888
267,3484,3.5,1175983818
267,3755,3.5,1175983578
267,4226,4.5,1175984017
267,4878,4.0,1175984430
267,5283,3.5,1179208425
267,6620,3.5,1175983766
267,7361,4.5,1175983991
267,8784,5.0,1175982932
267,30749,4.0,1175984410
267,37384,4.0,1179208426
267,46578,4.5,1175984433
267,46976,4.0,1175984740
267,47610,4.5,1175984755
267,48385,3.0,1175984763
267,48516,4.5,1175983955
267,49272,4.0,1175984748
267,50794,4.0,1179208359
268,1,5.0,1314894068
268,2,3.5,1314894727
268,6,2.5,1314894615
268,10,3.0,1314894283
268,11,3.5,1314894958
268,17,3.0,1314894685
268,19,2.0,1314890790
268,21,2.5,1314894611
268,32,3.0,1314888953
268,34,4.5,1314894252
268,39,3.5,1314894403
268,47,4.0,1314894139
268,48,2.5,1314910317
268,50,3.5,1314894111
268,104,3.5,1314894977
268,110,4.5,1314894053
268,111,3.0,1314894641
268,150,4.5,1314894059
268,153,2.0,1314894183
268,163,3.0,1314896717
268,165,3.5,1314894169
268,173,2.5,1314895511
268,193,2.0,1314888553
268,223,3.0,1314894682
268,231,3.5,1314894209
268,235,4.5,1314895152
268,253,3.0,1314894369
268,260,5.0,1314894051
268,288,3.0,1314894644
268,293,4.0,1314894647
268,296,5.0,1314894033
268,317,3.5,1314895149
268,318,3.5,1314894046
268,339,3.5,1314894618
268,344,3.0,1314890787
268,349,2.5,1314894243
268,353,3.0,1314895157
268,356,5.0,1314894036
268,357,2.0,1314894355
268,364,5.0,1314894166
268,367,2.0,1314894213
268,368,3.5,1314895059
268,370,3.0,1314896708
268,377,4.5,1314894132
268,380,4.0,1314894094
268,410,3.5,1314891057
268,420,1.5,1314895471
268,434,3.0,1314894397
268,442,3.0,1314894961
268,454,3.5,1314894401
268,457,4.0,1314894056
268,466,5.0,1314896742
268,474,2.5,1314894955
268,480,4.5,1314894043
268,500,3.0,1314894198
268,508,3.5,1314894915
268,527,5.0,1314894089
268,539,5.0,1314894344
268,541,2.0,1314894362
268,551,4.5,1314894889
268,553,3.0,1314895467
268,555,1.5,1314896714
268,586,5.0,1314894395
268,587,3.0,1314894324
268,588,4.5,1314894108
268,589,5.0,1314894063
268,592,4.0,1314894071
268,593,5.0,1314894039
268,594,5.0,1314895014
268,595,4.5,1314894172
268,597,2.5,1314894240
268,608,3.5,1314894119
268,648,3.5,1314894143
268,733,3.0,1314894249
268,736,3.0,1314894188
268,750,4.5,1314894755
268,780,3.0,1314894074
268,784,2.0,1314895488
268,786,3.0,1314895043
268,788,2.0,1314894880
268,832,3.0,1314895507
268,858,4.5,1314894164
268,904,4.0,1314895302
268,905,5.0,1314911211
268,906,4.0,1314911361
268,908,3.0,1314895349
268,912,5.0,1314894671
268,919,5.0,1314894696
268,923,5.0,1314895085
268,924,4.5,1314889053
268,936,3.5,1314911369
268,942,3.5,1314911238
268,953,5.0,1314911389
268,954,5.0,1314911286
268,955,1.5,1314911417
268,969,4.5,1314911267
268,1022,4.5,1314888496
268,1029,4.0,1314888500
268,1036,5.0,1314894352
268,1073,4.0,1314894304
268,1079,5.0,1314894918
268,1080,2.5,1314894864
268,1089,3.0,1314894604
268,1090,3.5,1314895481
268,1093,4.0,1314888556
268,1097,3.5,1314894245
268,1099,4.0,1314911703
268,1101,4.0,1314894808
268,1127,5.0,1314890730
268,1136,4.5,1314894297
268,1148,4.0,1314910276
268,1193,3.5,1314894327
268,1196,5.0,1314894116
268,1197,5.0,1314894266
268,1198,5.0,1314894124
268,1200,4.5,1314894432
268,1203,5.0,1314888946
268,1206,3.0,1314894691
268,1208,4.0,1314894731
268,1210,4.0,1314894077
268,1213,3.5,1314894624
268,1214,5.0,1314894347
268,1219,4.0,1314894994
268,1220,3.0,1314894882
268,1222,4.5,1314894838
268,1225,4.5,1314894877
268,1230,5.0,1314895345
268,1234,4.5,1314896739
268,1235,4.5,1314888564
268,1240,4.5,1314894258
268,1242,4.0,1314911365
268,1246,4.0,1314894909
268,1247,4.0,1314895297
268,1252,3.5,1314895680
268,1258,5.0,1314894746
268,1259,4.5,1314894845
268,1262,4.5,1314911202
268,1265,4.5,1314894292
268,1266,4.5,1314911320
268,1270,5.0,1314894135
268,1278,5.0,1314895675
268,1288,4.5,1314895464
268,1291,4.5,1314894339
268,1304,5.0,1314895342
268,1307,5.0,1314894758
268,1367,2.5,1314888922
268,1370,3.0,1314895501
268,1374,4.0,1314895330
268,1380,4.0,1314895169
268,1387,5.0,1314894783
268,1391,1.5,1314895083
268,1393,4.5,1314894702
268,1394,3.0,1314895650
268,1407,5.0,1314895088
268,1485,4.0,1314895052
268,1500,3.0,1314896734
268,1513,3.0,1314888527
268,1517,3.5,1314894694
268,1527,3.0,1314894423
268,1544,3.0,1314896754
268,1552,3.5,1314910292
268,1573,4.5,1314895018
268,1580,4.0,1314894199
268,1608,3.0,1314896751
268,1610,3.5,1314894795
268,1617,3.0,1314894372
268,1625,3.5,1314895658
268,1639,3.5,1314896721
268,1641,2.5,1314895327
268,1663,1.5,1314888531
268,1676,4.0,1314895646
268,1682,4.0,1314894707
268,1704,4.0,1314894409
268,1721,2.5,1314894202
268,1732,4.5,1314894990
268,1784,4.5,1314894760
268,1805,3.5,1314888566
268,1917,2.0,1314894705
268,1923,4.0,1314894608
268,1934,3.5,1314911604
268,1954,2.5,1314910302
268,1961,3.5,1314894440
268,1968,5.0,1314894780
268,1994,4.0,1314888503
268,2000,4.5,1314895120
268,2011,3.0,1314894948
268,2012,3.0,1314894833
268,2028,5.0,1314894180
268,2054,3.0,1314895074
268,2072,1.5,1314888882
268,2080,3.5,1314911800
268,2081,2.5,1314910284
268,2085,4.0,1314888925
268,2115,4.0,1314894841
268,2124,3.0,1314891170
268,2140,2.0,1314888560
268,2144,2.5,1314888535
268,2174,3.5,1314894827
268,2194,5.0,1314895496
268,2248,2.0,1314888506
268,2268,3.0,1314895653
268,2291,4.5,1314894830
268,2302,3.0,1314896705
268,2313,3.5,1314911350
268,2321,4.0,1314910308
268,2329,2.5,1314894816
268,2352,3.0,1314911815
268,2353,2.5,1314895669
268,2355,3.5,1314894811
268,2396,4.0,1314894634
268,2398,4.5,1314911770
268,2406,3.5,1314896747
268,2502,2.5,1314894939
268,2542,2.5,1314910300
268,2571,4.5,1314894105
268,2572,3.5,1314888908
268,2599,3.0,1314910285
268,2617,3.5,1314895125
268,2628,2.0,1314894275
268,2640,4.0,1314895291
268,2648,4.0,1314911381
268,2654,4.0,1314911781
268,2683,4.0,1314894443
268,2692,3.5,1314895295
268,2699,3.0,1314896710
268,2700,3.5,1314895069
268,2706,4.5,1314894679
268,2710,3.0,1314894872
268,2716,4.5,1314894358
268,2723,3.0,1314888539
268,2762,3.5,1314894174
268,2791,5.0,1314895010
268,2797,4.5,1314894885
268,2858,3.0,1314894121
268,2916,3.5,1314894868
268,2918,5.0,1314894752
268,2947,4.0,1314911713
268,2959,4.5,1314894192
268,2968,3.5,1314888515
268,2987,4.5,1314894740
268,2997,2.5,1314894412
268,3052,3.0,1314895332
268,3082,3.0,1314888544
268,3114,4.0,1314894724
268,3147,4.5,1314894951
268,3256,3.0,1314888511
268,3363,4.0,1314911610
268,3408,3.5,1314895324
268,3420,2.0,1314888898
268,3471,4.5,1314911723
268,3481,2.5,1314895492
268,3504,4.5,1314911257
268,3507,4.0,1314911397
268,3578,5.0,1314894287
268,3623,3.0,1314895144
268,3707,1.0,1314890079
268,3751,3.0,1314895289
268,3793,3.5,1314894437
268,3897,5.0,1314895007
268,3928,4.0,1314890336
268,3948,4.0,1314895504
268,3977,4.0,1314895164
268,3986,2.5,1314889882
268,3991,1.0,1314888931
268,3996,4.0,1314894637
268,4011,4.0,1314895643
268,4022,3.5,1314895063
268,4027,2.0,1314895056
268,4034,3.5,1314895140
268,4184,3.5,1314911575
268,4226,5.0,1314894415
268,4306,4.5,1314894322
268,4370,2.5,1314890193
268,4767,3.0,1314890351
268,4878,4.5,1314895475
268,4886,4.5,1314894768
268,4896,2.0,1314895633
268,4963,4.0,1314894804
268,4973,3.5,1314894849
268,4993,5.0,1314894255
268,4995,4.0,1314894893
268,5049,3.0,1314889729
268,5349,4.0,1314894799
268,5377,2.0,1314890536
268,5378,3.0,1314895478
268,5418,4.5,1314895097
268,5445,4.0,1314894710
268,5712,4.0,1314911806
268,5902,4.0,1314891050
268,5945,2.0,1314890532
268,5952,4.5,1314894301
268,5989,3.5,1314895636
268,6333,5.0,1314910294
268,6365,3.5,1314895484
268,6377,4.5,1314894819
268,6383,2.0,1314889027
268,6502,4.0,1314889445
268,6539,5.0,1314894737
268,6711,2.0,1314910314
268,6874,4.0,1314895000
268,6953,3.5,1314889066
268,6979,2.5,1314911778
268,7073,4.5,1314911414
268,7121,3.5,1314891042
268,7147,4.5,1314910707
268,7153,4.5,1314894406
268,7293,3.0,1314889863
268,7361,4.5,1314895003
268,7438,5.0,1314895350
268,7444,3.5,1314888981
268,7706,1.5,1314911324
268,8167,3.5,1314911403
268,8360,4.0,1314910540
268,8368,3.0,1314910631
268,8492,3.0,1314911340
268,8636,4.5,1314910305
268,8810,1.5,1314890198
268,8961,4.5,1314895137
268,25750,4.5,1314911099
268,27373,3.0,1314889871
268,31156,3.0,1314890343
268,31193,5.0,1314911563
268,33493,4.0,1314910526
268,33794,4.0,1314895638
268,35836,5.0,1314889698
268,43936,3.0,1314889006
268,44191,3.5,1314910641
268,45722,2.0,1314910610
268,46578,3.5,1314910597
268,47518,3.0,1314890765
268,48516,5.0,1314910593
268,49272,5.0,1314910688
268,51662,4.5,1314889575
268,52435,5.0,1314911310
268,53000,3.5,1314889451
268,53953,3.5,1314888991
268,54190,3.5,1314890976
268,54286,4.5,1314910679
268,54997,4.0,1314889688
268,55282,2.0,1314889570
268,55820,5.0,1314910663
268,56367,4.5,1314910533
268,56949,1.5,1314889281
268,58559,5.0,1314911074
268,58803,3.0,1314889062
268,59315,4.5,1314911448
268,60487,4.5,1314911392
268,65135,3.5,1314911295
268,68135,3.0,1314889008
268,68157,4.5,1314910546
268,68358,4.5,1314910669
268,68954,2.0,1314910600
268,69757,4.5,1314888886
268,72378,2.0,1314889058
268,72998,4.5,1314910590
268,77846,3.5,1314888951
268,78469,3.5,1314890189
268,78499,4.5,1314910638
268,79132,4.5,1314910627
268,80463,4.5,1314910685
268,80831,4.0,1314911615
268,81562,5.0,1314888957
268,81845,4.0,1314910713
268,81847,4.0,1314911569
268,82459,5.0,1314910459
268,83374,1.5,1314910992
268,83613,2.0,1314910750
268,84152,3.5,1314910798
268,84392,3.5,1314910792
268,84601,3.0,1314910982
268,84615,3.0,1314910997
268,84772,3.0,1314910836
268,84944,4.0,1314910796
268,84954,3.5,1314891180
268,85022,3.0,1314911006
268,85131,1.5,1314911002
268,85316,4.0,1314911442
268,85367,2.0,1314910854
268,85397,1.0,1314911018
268,85414,5.0,1314910481
268,85510,0.5,1314910976
268,85788,4.0,1314911010
268,85796,1.5,1314910850
268,85881,3.5,1314910832
268,86014,3.0,1314910847
268,86293,2.5,1314910838
268,86835,1.5,1314911014
268,86852,3.0,1314910842
268,87192,3.0,1314910747
268,87232,4.5,1314911445
268,87306,4.5,1314910453
268,87430,2.0,1314910767
268,87520,2.5,1314910772
268,87529,0.5,1314911027
268,87869,3.5,1314910742
268,88125,5.0,1314910435
268,88140,3.5,1314888760
268,88267,4.5,1314910758
268,88405,3.5,1314910762
268,89300,3.5,1314910607
269,1057,3.0,883223516
269,1183,4.0,883223543
269,1422,3.0,883223796
269,1464,5.0,883223660
269,1483,2.0,883223566
269,1584,1.0,883223474
269,1597,4.0,883223712
269,1614,3.0,883223712
269,1617,5.0,883223594
269,1619,4.0,883223474
269,1625,4.0,883223594
269,1639,4.0,883223594
269,1641,5.0,883223566
269,1645,3.0,883223618
269,1653,3.0,883223474
269,1667,3.0,883223660
269,1673,4.0,883223594
269,1676,1.0,883223686
269,1683,4.0,883223543
269,1687,3.0,883223712
269,1690,3.0,883223730
269,1711,2.0,883223796
269,1721,4.0,883223516
269,1722,4.0,883223594
269,1729,4.0,883223566
270,47,4.0,1469278482
270,50,4.0,1469256693
270,223,4.0,1469278482
270,260,4.0,1469282203
270,296,4.5,1469278482
270,1196,4.5,1469282207
270,1199,4.0,1469278482
270,1208,4.0,1469278481
270,1210,4.0,1469282204
270,1682,4.5,1469278482
270,1704,4.0,1469278482
270,1732,4.5,1469278482
270,2291,4.0,1469278482
270,2502,4.0,1469256721
270,2571,5.0,1469278298
270,2712,4.0,1469278482
270,2959,5.0,1469256684
270,2997,4.0,1469278481
270,3535,4.0,1469278482
270,3793,4.0,1469305978
270,3897,3.5,1469306009
270,3949,5.0,1469278342
270,4011,4.5,1469278482
270,4226,5.0,1469278482
270,4308,3.0,1469278482
270,4344,2.5,1469306270
270,4734,4.0,1469278482
270,4878,4.0,1469256718
270,4887,3.0,1469306892
270,4973,4.0,1469278327
270,4979,4.0,1469278482
270,4993,5.0,1469278482
270,4995,4.5,1469305964
270,5283,2.5,1469278482
270,5378,3.0,1469305997
270,5445,3.5,1469305980
270,5507,3.5,1469306365
270,5903,4.0,1469306181
270,5952,5.0,1469278481
270,5991,4.0,1469306120
270,6283,4.5,1469306790
270,6373,2.5,1469306094
270,6377,4.0,1469278401
270,6537,2.5,1469306137
270,6773,4.0,1469306646
270,6863,3.5,1469306071
270,6874,5.0,1469278335
270,7153,5.0,1469305954
270,7254,2.5,1469306080
270,7346,1.5,1469306868
270,7361,4.5,1469305960
270,7371,4.0,1469306704
270,7373,3.5,1469306252
270,7438,4.0,1469278359
270,7445,4.0,1469306291
270,8641,4.0,1469278482
270,8807,3.5,1469306513
270,8874,5.0,1469306032
270,27660,4.0,1469306672
270,27904,4.0,1469306633
270,31696,3.5,1469306300
270,32587,4.5,1469278365
270,33493,3.5,1469306026
270,33794,4.0,1469305968
270,34405,5.0,1469306118
270,36535,3.5,1469278482
270,44191,4.5,1469278331
270,45720,2.5,1469306353
270,45728,4.5,1469278482
270,46578,4.0,1469278482
270,47200,3.5,1469306879
270,47997,3.5,1469306887
270,48385,3.0,1469306108
270,48501,4.5,1469278481
270,48516,4.0,1469278482
270,48774,4.5,1469306060
270,48780,5.0,1469278388
270,51255,5.0,1469306101
270,51662,4.5,1469306043
270,52281,4.5,1469306499
270,52328,3.5,1469306720
270,52973,3.5,1469278482
270,52975,4.0,1469278482
270,53519,4.5,1469306703
270,53996,2.5,1469306211
270,54503,3.5,1469278482
270,54995,4.5,1469306764
270,55118,4.0,1469306600
270,56367,4.0,1469306039
270,56757,4.5,1469306438
270,57368,3.5,1469306486
270,57640,3.5,1469306744
270,57669,4.0,1469306240
270,58559,4.5,1469278297
270,59315,4.0,1469278384
270,59387,4.5,1469278482
270,60069,4.0,1469278482
270,60074,3.5,1469282281
270,60684,4.5,1469306187
270,61132,3.0,1469306453
270,61323,4.0,1469306324
270,63876,4.0,1469306728
270,66509,3.5,1469278482
270,66934,5.0,1469306559
270,67734,3.5,1469278482
270,67997,4.0,1469278482
270,68157,4.5,1469278308
270,68237,4.5,1469306234
270,68319,2.0,1469306470
270,68358,3.5,1469278482
270,68659,3.5,1469278482
270,69122,2.5,1469306084
270,69526,2.0,1469306772
270,69757,3.5,1469278482
270,70286,5.0,1469306052
270,71535,3.5,1469306160
270,72011,2.5,1469306435
270,72998,3.5,1469278482
270,73266,3.0,1469278482
270,73881,3.0,1469278481
270,76093,3.0,1469306154
270,76251,4.0,1469306219
270,77561,3.5,1469306226
270,79132,5.0,1469278290
270,79695,1.5,1469278482
270,80241,3.5,1469278482
270,80549,3.5,1469278482
270,81132,4.0,1469278482
270,81229,3.0,1469306780
270,81591,4.0,1469278482
270,86332,3.0,1469306354
270,86833,3.0,1469278482
270,87232,4.0,1469278482
270,88129,4.5,1469306373
270,88140,4.0,1469306447
270,88163,3.5,1469278482
270,88405,3.0,1469278482
270,89343,4.0,1469278481
270,89745,3.5,1469278481
270,89804,3.5,1469278482
270,90405,3.0,1469306909
270,91500,3.5,1469278482
270,91529,4.0,1469278413
270,91542,3.0,1469278409
270,93510,3.0,1469278482
270,93512,3.0,1469278482
270,93840,4.0,1469278482
270,94466,5.0,1469278482
270,94677,2.5,1469278482
270,94864,2.5,1469278482
270,94959,4.0,1469278482
270,95088,3.5,1469278482
270,95167,3.5,1469306801
270,95307,3.0,1469278482
270,95510,3.5,1469278482
270,97752,4.5,1469278482
270,97913,4.0,1469278482
270,97938,3.5,1469278482
270,98809,3.5,1469306280
270,99007,3.5,1469278482
270,99114,4.0,1469306058
270,101285,3.5,1469278482
270,101864,3.5,1469278482
270,102123,2.5,1469278481
270,103228,3.5,1469306914
270,103253,3.5,1469278482
270,103341,4.0,1469278482
270,104243,2.5,1469278482
270,104841,4.5,1469278482
270,106002,3.5,1469278482
270,106487,3.5,1469306380
270,106489,3.0,1469306523
270,106918,2.5,1469278482
270,106920,4.5,1469278482
270,107406,4.0,1469278482
270,108548,3.0,1469278482
270,108932,4.0,1469278482
270,109187,4.0,1469278482
270,109374,4.0,1469278482
270,109487,3.5,1469278320
270,110102,4.0,1469278482
270,110730,2.5,1469278481
270,111113,3.0,1469278482
270,111360,2.0,1469278482
270,111362,3.5,1469306386
270,111443,3.0,1469278482
270,111759,3.5,1469278482
270,112175,4.0,1469278482
270,112183,4.5,1469278482
270,112552,4.5,1469278482
270,112852,4.0,1469278482
270,113345,2.5,1469278481
270,113741,3.5,1469278481
270,114670,3.5,1469278481
270,114707,3.5,1469278481
270,115122,4.0,1469278482
270,115149,3.5,1469278482
270,115617,3.0,1469306314
270,115680,3.5,1469278481
270,115713,4.5,1469306326
270,116823,3.5,1469306794
270,117871,3.0,1469278482
270,118696,3.0,1469306927
270,119141,2.0,1469278481
270,119145,4.0,1469306627
270,120466,2.5,1469278481
270,122882,4.0,1469278481
270,122886,4.0,1469256835
270,122892,4.0,1469306620
270,122900,4.0,1469306989
270,122904,3.5,1469306639
270,122920,4.0,1469256942
270,122924,3.0,1469257690
270,128360,4.0,1469256935
270,134130,4.5,1469256734
270,135133,3.0,1469257043
270,135532,2.5,1469278255
270,136864,3.5,1469278247
270,138036,4.0,1469256992
270,139620,4.0,1469278481
270,140174,4.5,1469256806
270,142488,4.5,1469256805
270,147006,3.0,1469278481
270,147010,4.0,1469278482
270,147426,3.5,1469278481
270,148168,4.0,1469278481
270,149354,3.5,1469278251
270,149572,3.0,1469278481
270,152077,4.5,1469256986
271,16,3.5,1107784970
271,32,4.0,1107785074
271,50,3.5,1107785309
271,104,2.0,1107784941
271,110,4.0,1107785277
271,260,5.0,1107785257
271,296,4.5,1107785462
271,318,3.5,1107785267
271,337,3.0,1107784947
271,457,4.0,1107785365
271,588,3.5,1107785059
271,589,4.5,1107785209
271,593,5.0,1107785363
271,653,2.5,1107784933
271,1036,4.5,1107785316
271,1090,5.0,1107785104
271,1101,2.0,1107784976
271,1196,4.5,1107785247
271,1197,5.0,1107785322
271,1198,4.5,1107785249
271,1200,4.5,1107785223
271,1207,4.5,1107785119
271,1208,4.0,1107784928
271,1210,4.5,1107785078
271,1220,2.5,1107784931
271,1225,3.5,1107784925
271,1230,2.5,1107784952
271,1240,5.0,1107785284
271,1270,4.0,1107785373
271,1291,3.0,1107785259
271,1304,3.0,1107784968
271,1374,3.0,1107785108
271,1375,2.0,1107785121
271,1377,2.0,1107785126
271,1517,4.0,1107784961
271,1544,2.5,1107785139
271,1552,2.5,1107785112
271,1584,2.5,1107785114
271,1645,2.5,1107785135
271,1653,4.5,1107785097
271,1674,3.5,1107785099
271,1721,4.0,1107785056
271,1909,2.5,1107785070
271,1917,1.0,1107784958
271,1923,3.5,1107785051
271,2028,4.0,1107785352
271,2174,4.0,1107784963
271,2194,4.0,1107785288
271,2329,4.0,1107785344
271,2571,5.0,1107785202
271,2628,2.5,1107785081
271,2657,4.0,1107785072
271,2761,4.5,1107785156
271,2762,4.5,1107785271
271,2792,4.5,1107785150
271,2797,3.0,1107784965
271,2985,3.5,1107785085
271,3114,4.0,1107785356
271,3578,5.0,1107785369
271,3623,3.0,1107785062
271,3793,4.5,1107784978
271,4306,4.0,1107784974
271,4993,4.0,1107785205
271,5060,2.5,1107785048
271,5464,4.5,1107785228
271,5782,4.5,1107785230
271,5952,4.5,1107785192
271,6333,4.5,1107785189
271,7153,5.0,1107785199
271,8360,4.5,1107785226
271,8636,5.0,1107785252
271,8961,4.5,1107785303
272,1,4.0,1453587590
272,260,4.0,1453587427
272,480,3.5,1453587581
272,592,4.0,1453587590
272,1198,4.0,1453587430
272,1291,3.5,1453587425
272,2115,4.0,1453587725
272,3793,4.0,1453587646
272,4232,3.5,1453588341
272,4367,4.0,1453588084
272,4993,5.0,1453587484
272,5218,3.0,1453588567
272,5349,3.5,1453587657
272,5504,3.5,1453588363
272,6333,4.0,1453587595
272,8636,3.5,1453587659
272,8972,5.0,1453588033
272,33794,4.0,1453587488
272,72641,3.5,1453587626
272,78637,3.5,1453588161
272,81847,2.0,1453588596
272,87232,4.0,1453587592
272,88125,4.0,1453588432
272,89745,4.0,1453587605
272,94777,1.5,1453588079
272,95510,5.0,1453587730
272,96079,4.5,1453587601
272,98243,4.0,1453588466
272,99112,3.0,1453588317
272,106489,5.0,1453587667
272,110102,3.0,1453587500
272,110553,4.0,1453588128
272,111362,3.5,1453587636
272,112852,4.0,1453587461
272,115617,4.0,1453587598
272,119145,0.5,1453587712
272,122892,3.5,1453587581
272,122900,5.0,1453588217
272,134853,3.5,1453588608
273,1,4.5,1466945564
273,150,3.5,1466946012
273,260,5.0,1466944219
273,296,4.5,1466945278
273,593,4.0,1466945260
273,778,4.0,1466945135
273,919,5.0,1466945800
273,1136,4.5,1466945795
273,1196,5.0,1466945401
273,1197,4.5,1466945739
273,1210,5.0,1466945449
273,1240,3.5,1466945585
273,1270,4.0,1466945568
273,1291,4.5,1466945465
273,1907,4.5,1466945943
273,2571,5.0,1466945253
273,2596,5.0,1466945158
273,2657,5.0,1466944127
273,2762,4.0,1466945778
273,2918,4.0,1466945591
273,2959,5.0,1466945043
273,3114,4.5,1466945635
273,3793,5.0,1466946283
273,4246,3.0,1466946018
273,4306,4.5,1466945557
273,4878,5.0,1466945200
273,4886,5.0,1466945825
273,4896,4.5,1466946192
273,4993,5.0,1466945414
273,5349,4.0,1466946226
273,5378,4.0,1466946309
273,5816,4.5,1466946328
273,5952,5.0,1466945451
273,6333,4.5,1466946325
273,6365,4.5,1466946298
273,6377,4.0,1466945578
273,6539,4.5,1466945638
273,6874,4.0,1466945272
273,6934,4.5,1466946353
273,7153,5.0,1466945514
273,8360,4.0,1466946337
273,8368,5.0,1466945895
273,8874,5.0,1466945832
273,8961,4.5,1466945632
273,31696,4.0,1466945997
273,33493,4.0,1466946347
273,33794,4.0,1466945815
273,39183,4.0,1466944177
273,40815,4.5,1466946217
273,44191,5.0,1466945265
273,51255,4.5,1466945743
273,54259,5.0,1466944394
273,58559,5.0,1466945256
273,59315,4.0,1466946117
273,61024,3.5,1466944347
273,68157,4.0,1466945879
273,68358,4.0,1466945835
273,69844,4.5,1466945955
273,72998,3.0,1466946101
273,73017,4.0,1466946186
273,74458,3.5,1466945436
273,78499,4.5,1466945865
273,79132,4.5,1466945458
273,80463,4.0,1466946208
273,81834,4.5,1466945936
273,88125,4.5,1466946198
273,89745,3.5,1466945274
273,91500,5.0,1466946157
273,91529,4.0,1466946111
273,93510,4.0,1466944248
273,96821,4.5,1466944067
273,99149,5.0,1466944089
273,102123,4.5,1466944296
273,103228,4.0,1466944108
273,104841,1.0,1466946176
273,105593,4.0,1466945121
273,107083,4.0,1466945061
273,107516,3.5,1466945170
273,109374,4.5,1466946145
273,109487,3.5,1466945404
273,110102,4.5,1466945287
273,112852,4.0,1466945267
273,114028,5.0,1466944538
273,115617,4.0,1466945975
273,115713,4.0,1466946122
273,116660,4.0,1466944163
273,119141,3.5,1466944327
273,119145,4.5,1466945283
273,122882,5.0,1466946086
273,122886,5.0,1466945263
273,122892,3.0,1466945289
273,122904,5.0,1466944501
274,22,2.5,1074104221
274,198,3.5,1074104320
274,293,4.0,1074104702
274,296,4.0,1074104982
274,319,4.0,1074104970
274,342,3.5,1074104164
274,345,2.5,1074104302
274,471,5.0,1074104142
274,543,2.5,1074104236
274,555,3.5,1074104991
274,608,5.0,1074105023
274,778,4.0,1074105201
274,866,3.5,1074105139
274,1089,4.0,1074105193
274,1199,4.0,1074104212
274,1215,4.0,1074105147
274,1241,4.0,1074105555
274,1242,3.0,1074104223
274,1449,4.0,1074105144
274,1500,3.0,1074104718
274,1653,4.0,1074104999
274,1676,3.0,1074104182
274,1682,3.0,1074104722
274,1732,5.0,1074105318
274,2012,3.5,1074104140
274,2054,3.0,1074104312
274,2268,2.0,1074104150
274,2502,3.0,1074104860
274,2617,2.5,1074104277
274,2858,3.5,1074104867
274,2890,4.5,1074104842
274,2959,4.0,1074104698
274,2997,3.5,1074105003
274,3265,3.5,1074105196
274,3471,2.0,1074104310
274,3481,4.0,1074104265
274,3897,3.5,1074104209
274,4306,3.0,1074104286
274,6242,3.5,1074104716
275,1,5.0,1350254117
275,3,4.0,1326919897
275,16,4.5,1350771182
275,39,4.5,1386885563
275,50,3.5,1350771191
275,101,4.5,1371674285
275,110,5.0,1345335389
275,231,5.0,1386885382
275,293,5.0,1345335285
275,333,4.5,1386885747
275,344,4.5,1386885314
275,356,5.0,1345335302
275,364,5.0,1371674366
275,367,5.0,1386885365
275,377,4.0,1350771098
275,441,5.0,1326920022
275,457,4.5,1350168624
275,480,5.0,1350254126
275,500,5.0,1386885370
275,585,3.5,1326919961
275,589,5.0,1351543308
275,608,4.0,1350771037
275,648,4.5,1386885337
275,745,4.5,1350254094
275,785,3.5,1326919944
275,858,4.5,1386885318
275,1042,4.0,1326919987
275,1059,3.5,1326919968
275,1060,5.0,1345335454
275,1198,5.0,1386885327
275,1240,4.0,1350771042
275,1252,4.5,1386885657
275,1265,5.0,1345335901
275,1270,5.0,1326920449
275,1307,4.5,1350259146
