311,3418,2.5,1093021959
311,3435,3.5,1076969109
311,3436,2.5,1077051759
311,3448,3.5,1094585535
311,3450,3.0,1094585528
311,3451,3.0,1091465364
311,3466,3.0,1115160490
311,3467,2.5,1077051556
311,3468,3.5,1077052008
311,3478,4.5,1076968446
311,3479,3.5,1091465529
311,3489,2.0,1080681548
311,3494,3.5,1076968411
311,3505,4.0,1091465375
311,3507,3.0,1091465468
311,3510,3.5,1091465262
311,3512,4.0,1077051994
311,3516,1.5,1091465229
311,3555,3.5,1076969077
311,3578,3.5,1076968128
311,3591,3.0,1094585490
311,3623,3.5,1094585376
311,3624,3.5,1080681701
311,3633,2.0,1076968440
311,3634,3.5,1077052510
311,3639,3.5,1094585495
311,3649,3.5,1093022207
311,3654,4.0,1091465440
311,3675,4.0,1093022158
311,3699,3.5,1094585506
311,3735,3.5,1094585499
311,3740,3.0,1077051958
311,3745,3.5,1076969054
311,3751,3.5,1076969042
311,3753,3.0,1077051947
311,3791,4.5,1076968462
311,3801,4.0,1077052484
311,3811,2.5,1077052647
311,3827,3.0,1080681707
311,3844,3.0,1093022172
311,3893,4.0,1076969035
311,3952,4.0,1094585477
311,3977,2.5,1080681696
311,3978,3.5,1077052274
311,3980,3.5,1062101994
311,3996,4.0,1077052573
311,4002,3.0,1094585468
311,4008,3.0,1080681055
311,4012,1.5,1076968618
311,4018,3.5,1093022027
311,4019,3.5,1076969021
311,4022,4.0,1076968144
311,4025,3.0,1076968965
311,4027,4.5,1080680977
311,4033,3.5,1080681713
311,4034,4.0,1077052589
311,4041,4.0,1077052279
311,4062,4.5,1077052307
311,4080,3.0,1076968623
311,4085,4.5,1076968975
311,4111,3.5,1091465456
311,4132,3.5,1076968457
311,4161,3.0,1077051892
311,4187,3.5,1091465243
311,4203,3.5,1076968611
311,4219,2.0,1080681283
311,4225,4.5,1076968451
311,4246,3.5,1094585464
311,4263,3.5,1077051537
311,4277,3.5,1093022321
311,4291,3.0,1115160668
311,4292,3.0,1076968380
311,4310,3.0,1077051896
311,4317,1.5,1076969710
311,4327,3.5,1077052296
311,4329,3.5,1076968652
311,4333,3.5,1080681127
311,4339,3.5,1115160571
311,4351,3.5,1076969681
311,4357,4.0,1080681323
311,4359,4.0,1093022162
311,4360,3.0,1076968985
311,4361,3.5,1094585459
311,4369,2.5,1077051904
311,4370,3.0,1094585473
311,4427,4.0,1077052540
311,4432,3.0,1077052789
311,4447,3.5,1076969766
311,4462,3.0,1076969001
311,4464,3.0,1077051531
311,4465,3.5,1077052251
311,4478,3.0,1077051582
311,4480,3.0,1076968631
311,4489,3.5,1076969694
311,4503,3.0,1077051628
311,4508,3.0,1091465216
311,4526,3.0,1080681273
311,4535,4.0,1080681328
311,4537,4.0,1115160527
311,4558,3.5,1076969687
311,4585,3.5,1093022303
311,4603,3.0,1076968658
311,4623,3.5,1077052261
311,4638,3.0,1076969010
311,4639,3.0,1094585449
311,4661,4.0,1062101983
311,4700,4.0,1093022370
311,4704,3.5,1115160511
311,4757,3.5,1076968390
311,4787,3.5,1093022182
311,4795,3.0,1091465146
311,4802,3.0,1115160474
311,4848,3.0,1076968919
311,4855,3.0,1076969662
311,4912,3.5,1115160516
311,4936,2.5,1091465496
311,4963,5.0,1076968950
311,4972,3.5,1080681455
311,4995,4.0,1076968944
311,5048,2.0,1076968581
311,5049,3.5,1091465551
311,5060,2.0,897488961
311,5103,3.5,1077052236
311,5218,4.5,1094585437
311,5267,3.5,1076969645
311,5299,4.5,1091465052
311,5303,2.0,1077052216
311,5349,4.0,1076968885
311,5357,3.0,1076968836
311,5377,3.0,1076968844
311,5418,5.0,1062016121
311,5420,3.0,1076969619
311,5445,3.5,1091465089
311,5459,2.5,1093021974
311,5502,3.5,1076968864
311,5601,3.0,1115160538
311,5620,3.0,1147824724
311,5644,3.5,1080681399
311,5707,3.0,1091465191
311,5718,3.0,1083950122
311,5836,4.0,1076968807
311,5938,2.5,1115160562
311,5943,4.0,1076969614
311,5957,3.0,1076969590
311,5989,3.5,1115160416
311,6059,3.0,1077052194
311,6092,2.0,1080681619
311,6156,3.0,1076969583
311,6157,3.0,1076968396
311,6225,3.0,1061928092
311,6227,2.5,1061928136
311,6231,3.5,1062619396
311,6232,3.0,1061928109
311,6233,2.5,1061928123
311,6235,3.5,1061928099
311,6237,3.5,1061928115
311,6238,3.0,1061928127
311,6239,3.0,1062619349
311,6240,3.0,1062619358
311,6245,3.5,1061928073
311,6260,3.0,1061928047
311,6276,3.0,1062619289
311,6281,4.0,1062014487
311,6303,3.0,1091465368
311,6308,2.5,1061927986
311,6314,2.5,1061927974
311,6315,1.5,1062015641
311,6318,2.0,1061927950
311,6355,3.0,1062619167
311,6356,3.5,1061927912
311,6357,3.5,1061927904
311,6378,4.5,1062016087
311,6386,3.5,1062619069
311,6390,3.5,1062619052
311,6412,3.0,1062618993
311,6413,3.0,1062619004
311,6422,3.0,1062618985
311,6423,4.0,1061927827
311,6424,1.5,1062015269
311,6428,3.0,1062618965
311,6429,3.5,1062618944
311,6431,3.0,1061927803
311,6432,3.5,1061927797
311,6436,1.5,1062015636
311,6446,3.5,1061927768
311,6448,3.0,1080681432
311,6450,4.5,1061927746
311,6452,3.5,1061927755
311,6458,3.0,1062100796
311,6466,3.0,1061927689
311,6468,2.5,1061927727
311,6470,3.0,1065211205
311,6473,3.5,1062100767
311,6477,3.5,1061927654
311,6480,3.5,1061927665
311,6484,3.5,1061927673
311,6498,2.0,1065211177
311,6516,3.5,1062100663
311,6521,2.5,1062100682
311,6522,3.0,1062100711
311,6525,2.5,1061927589
311,6527,3.5,1065211101
311,6533,3.5,1061927573
311,6535,0.5,1061927531
311,6537,3.0,1061927515
311,6539,4.0,1061927507
311,6561,3.0,1062100594
311,6562,3.5,1062100605
311,6565,4.5,1062016061
311,6585,2.0,1065211043
311,6613,2.5,1062538169
311,6630,4.0,1061927392
311,6636,4.0,1061927375
311,6638,2.0,1062538128
311,6646,3.0,1061927339
311,6658,3.5,1062100485
311,6659,3.0,1062538071
311,6662,3.5,1062100474
311,6663,3.5,1062100469
311,6678,2.0,1065210914
311,6686,4.0,1062538040
311,6718,3.5,1062537975
311,6724,3.0,1062537955
311,6732,3.0,1062537944
311,6735,3.5,1062537918
311,6743,4.0,1062537899
311,6753,3.5,1091465129
311,6777,4.0,1064962264
311,6785,3.5,1064962255
311,6787,4.0,1064962270
311,6788,2.0,1064962282
311,6791,2.0,1077052653
311,6797,3.5,1064962226
311,6810,3.0,1064962190
311,6813,3.0,1065210708
311,6822,3.0,1065210676
311,6829,4.0,1064962149
311,6832,3.0,1065210649
311,6850,3.0,1065210591
311,6852,3.0,1065210540
311,6856,3.0,1065210602
311,6873,4.0,1083950011
311,6979,4.0,1091465352
311,6986,4.5,1091465119
311,7018,3.5,1091465273
311,7036,3.0,1076968784
311,7059,3.5,1102466339
311,7085,3.5,1091465105
311,7107,3.0,1076969557
311,7121,3.0,1102466390
311,7178,3.5,1077051632
311,7198,3.0,1077051743
311,7207,3.0,1077051697
311,7212,3.5,1077051608
311,7247,3.5,1077051601
311,7250,2.0,1077051525
311,7255,4.0,1083950217
311,7263,3.0,1115160499
311,7283,3.0,1077051665
311,7305,2.5,1077051499
311,7311,3.0,1077051468
311,7357,4.0,1083950040
311,7367,3.0,1080680848
311,7386,4.0,1083949937
311,7394,3.0,1083950055
311,7493,3.5,1091465100
311,7560,3.5,1091465124
311,7584,3.5,1102466377
311,7614,4.0,1115160581
311,7649,3.5,1091465583
311,7702,3.5,1115160658
311,7782,3.0,1102465854
311,7787,4.5,1083950236
311,7791,2.5,1102465831
311,7822,3.5,1102465797
311,7916,3.5,1102465733
311,7944,3.5,1102465704
311,7980,3.5,1091465043
311,8008,3.0,1091465096
311,8009,3.5,1102465650
311,8039,3.0,1102465621
311,8057,3.0,1102465594
311,8094,3.5,1102465581
311,8169,3.5,1102465517
311,8183,3.5,1102465510
311,8187,3.5,1102465502
311,8190,4.0,1091465028
311,8263,3.5,1102465442
311,8268,3.0,1102465430
311,8337,4.0,1091465164
311,8385,3.0,1091465391
311,8451,3.5,1102465325
311,8460,3.5,1102465309
311,8463,2.5,1102465292
311,8482,2.5,1102465281
311,8487,3.0,1102465270
311,8493,2.5,1091465136
311,8502,3.5,1102465253
311,8524,3.5,1102465238
311,8529,4.0,1091464957
311,8533,4.0,1091464935
311,8535,4.0,1094585721
311,8584,3.0,1102465190
311,8611,3.0,1102465150
311,8612,3.0,1102465146
311,8614,3.5,1102465133
311,8616,3.5,1102465127
311,8617,3.5,1102466414
311,8618,3.0,1102465119
311,8622,4.0,1091464948
311,8623,3.5,1102465111
311,8633,3.5,1102465092
311,8636,4.5,1091464941
311,8644,4.0,1091464927
311,8657,3.5,1102465063
311,8661,3.5,1102465047
311,8665,5.0,1091465780
311,8672,3.5,1102465032
311,8695,3.0,1102464998
311,8718,2.5,1102464968
311,8745,3.5,1102464920
311,8772,3.5,1102464877
311,8808,3.5,1093022376
311,8819,2.5,1102464804
311,8820,2.5,1102464797
311,8821,2.5,1102464788
311,8850,2.5,1102464732
311,8880,3.0,1102464677
311,8916,4.0,1102464625
311,8920,3.5,1102464613
311,8921,2.5,1102464606
311,8929,4.0,1102464592
311,8972,3.5,1102464521
311,8983,3.5,1147824793
311,8984,4.0,1102984824
311,9004,3.5,1102464468
311,9005,2.5,1102466430
311,26242,3.5,1147824502
311,27821,4.0,1115160846
311,32139,4.0,1115160635
311,32296,2.0,1115160812
311,32598,4.0,1115160769
311,39292,4.5,1147824660
311,40819,4.5,1147824602
311,41566,3.5,1147824527
311,42011,2.5,1147824463
311,45186,4.5,1147824177
311,45208,0.5,1147824192
312,1,5.0,959933200
312,2,2.0,959935514
312,6,5.0,959931608
312,7,1.0,959934156
312,10,1.0,959931688
312,11,3.0,959933834
312,17,3.0,959934746
312,21,2.0,959931319
312,25,4.0,959934644
312,28,5.0,959934644
312,32,2.0,959939065
312,34,2.0,959993015
312,36,4.0,959933117
312,39,5.0,959933924
312,45,5.0,959933896
312,50,5.0,959937256
312,52,3.0,959933805
312,57,3.0,959993223
312,85,4.0,959934721
312,95,2.0,959931670
312,99,5.0,959938819
312,105,5.0,959934810
312,111,5.0,959931004
312,112,2.0,959931646
312,125,5.0,959933805
312,141,2.0,959934241
312,162,4.0,959938850
312,171,4.0,959933777
312,176,3.0,959933200
312,187,3.0,959930966
312,190,5.0,959993274
312,198,1.0,959931319
312,203,4.0,959934359
312,206,5.0,959938850
312,208,1.0,959931843
312,218,3.0,959934287
312,224,2.0,959933834
312,231,4.0,959934288
312,235,3.0,959933556
312,246,4.0,959938797
312,247,4.0,959934767
312,249,2.0,959934871
312,260,2.0,959931255
312,265,4.0,959934663
312,288,1.0,959931843
312,290,3.0,959993155
312,292,3.0,959931772
312,296,5.0,959932443
312,306,4.0,959932464
312,316,2.0,959931772
312,318,4.0,959932508
312,321,2.0,959993015
312,322,3.0,959933985
312,339,2.0,959934123
312,344,1.0,959934241
312,348,4.0,959933465
312,349,4.0,959931593
312,352,3.0,959933985
312,353,1.0,959931670
312,356,2.0,959934721
312,357,4.0,959934006
312,363,5.0,959938850
312,367,2.0,959933947
312,368,1.0,959933985
312,372,4.0,959934096
312,377,5.0,959931593
312,380,5.0,959931628
312,410,3.0,959934177
312,440,3.0,959933777
312,441,5.0,959934026
312,457,4.0,959931572
312,464,3.0,959931861
312,474,3.0,959931375
312,480,1.0,959931572
312,485,2.0,959931861
312,492,3.0,959933924
312,500,1.0,959934071
312,509,5.0,959934704
312,527,5.0,959933086
312,529,3.0,959993203
312,532,4.0,959934177
312,539,3.0,959934045
312,541,5.0,959935398
312,551,3.0,959934006
312,556,4.0,959938819
312,562,4.0,959933872
312,581,5.0,959938850
312,585,5.0,959934331
312,586,1.0,959934331
312,587,3.0,959933924
312,588,3.0,959933777
312,589,5.0,959931296
312,592,3.0,959931362
312,593,5.0,959992994
312,597,5.0,959933896
312,605,3.0,959934906
312,608,5.0,959932532
312,639,3.0,959934288
312,648,4.0,959931709
312,663,5.0,959934344
312,708,3.0,959933834
312,733,3.0,959931418
312,736,4.0,959931731
312,780,1.0,959931670
312,786,2.0,959931731
312,788,3.0,959935514
312,818,4.0,959934489
312,858,4.0,959932443
312,866,5.0,959934746
312,896,3.0,959932415
312,919,3.0,959933086
312,922,3.0,959935417
312,923,3.0,959932486
312,926,5.0,959932557
312,1046,5.0,959932508
312,1047,5.0,959931402
312,1057,5.0,959934177
312,1059,4.0,959934836
312,1060,4.0,959933465
312,1073,3.0,959935483
312,1089,5.0,959937256
312,1094,4.0,959934682
312,1095,3.0,959993155
312,1097,3.0,959935483
312,1111,4.0,959938977
312,1123,3.0,959938850
312,1127,3.0,959931362
312,1176,4.0,959933086
312,1179,4.0,959935417
312,1183,2.0,959934704
312,1188,3.0,959933834
312,1191,5.0,959939016
312,1192,5.0,959938977
312,1193,4.0,959930966
312,1196,4.0,959931231
312,1198,2.0,959931209
312,1199,3.0,959939235
312,1200,4.0,959931277
312,1208,4.0,959932532
312,1213,5.0,959933006
312,1214,5.0,959931231
312,1217,3.0,959933028
312,1218,4.0,959931231
312,1221,4.0,959932486
312,1222,4.0,959931255
312,1228,4.0,959932557
312,1231,4.0,959933028
312,1240,5.0,959931255
312,1244,4.0,959939330
312,1264,5.0,959931209
312,1267,4.0,959935398
312,1291,2.0,959931340
312,1299,5.0,959935577
312,1320,1.0,959931793
312,1339,4.0,959934871
312,1344,4.0,959935435
312,1370,4.0,959931628
312,1385,4.0,959931646
312,1391,3.0,959931822
312,1392,4.0,959933584
312,1393,2.0,959934682
312,1396,3.0,959939065
312,1405,3.0,959934205
312,1438,1.0,959931731
312,1466,3.0,959937286
312,1500,3.0,959933556
312,1513,4.0,959934156
312,1517,2.0,959933834
312,1527,1.0,959931593
312,1544,3.0,959931861
312,1566,2.0,959934006
312,1569,4.0,959934045
312,1573,3.0,959939091
312,1580,2.0,959931438
312,1584,4.0,959939091
312,1610,4.0,959931402
312,1612,2.0,959933510
312,1614,3.0,959934123
312,1616,3.0,959931843
312,1617,4.0,959935398
312,1641,1.0,959933924
312,1653,4.0,959939065
312,1673,5.0,959993155
312,1674,4.0,959935620
312,1676,1.0,959931670
312,1683,3.0,959934767
312,1687,2.0,959931793
312,1701,3.0,959934123
312,1719,5.0,959932557
312,1721,2.0,959934823
312,1729,2.0,959937286
312,1734,5.0,959933985
312,1747,3.0,959934026
312,1777,2.0,959933985
312,1784,5.0,959933853
312,1797,2.0,959938977
312,1821,4.0,959934906
312,1831,1.0,959931886
312,1875,3.0,959933584
312,1876,2.0,959939109
312,1882,1.0,959932376
312,1883,2.0,959933896
312,1885,3.0,959933200
312,1897,4.0,959934663
312,1912,3.0,959931296
312,1916,2.0,959931593
312,1917,1.0,959931709
312,1918,2.0,959931709
312,1923,2.0,959933584
312,1956,4.0,959935620
312,2002,3.0,959931754
312,2020,4.0,959935620
312,2022,3.0,959935650
312,2071,3.0,959930966
312,2105,4.0,959935514
312,2124,4.0,959933947
312,2167,2.0,959931418
312,2174,3.0,959935483
312,2247,3.0,959931004
312,2252,2.0,959934096
312,2289,5.0,959933465
312,2291,4.0,959934746
312,2302,3.0,959933853
312,2303,5.0,959932508
312,2331,4.0,959933537
312,2333,3.0,959993057
312,2353,2.0,959931438
312,2384,2.0,959933537
312,2391,4.0,959937256
312,2395,5.0,959933805
312,2396,3.0,959933171
312,2424,1.0,959934138
312,2427,2.0,959931402
312,2436,3.0,959934026
312,2499,4.0,959933200
312,2539,3.0,959934138
312,2571,4.0,959931277
312,2580,4.0,959937286
312,2599,4.0,959933171
312,2628,1.0,959931130
312,2671,4.0,959934071
312,2683,2.0,959934096
312,2692,5.0,959931255
312,2700,4.0,959933584
312,2723,2.0,959931772
312,2759,2.0,959933465
312,2762,2.0,959931078
312,2770,3.0,959933872
312,2797,3.0,959935483
312,2808,1.0,959931911
312,2858,5.0,959931078
312,2890,3.0,959993057
312,2908,5.0,959931078
312,2916,2.0,959931572
312,2919,4.0,959935650
312,2943,2.0,959934644
312,2959,5.0,959931099
312,2968,3.0,959935483
312,2985,3.0,959931362
312,2997,4.0,959931078
312,3006,3.0,959931078
312,3019,5.0,959935595
312,3044,3.0,959934704
312,3046,4.0,959933805
312,3067,5.0,959935620
312,3107,3.0,959931670
312,3113,2.0,959931160
312,3114,3.0,959933153
312,3160,3.0,959933006
312,3253,2.0,959933947
312,3256,5.0,959931438
312,3267,2.0,959931319
312,3274,2.0,959931754
312,3358,3.0,959933584
312,3404,2.0,959931296
312,3418,5.0,959931545
312,3424,4.0,959935620
312,3471,4.0,959933100
312,3498,4.0,959939349
312,3527,1.0,959931340
312,3528,2.0,959934945
312,3578,5.0,959931362
312,3623,1.0,959931507
312,3702,5.0,959931277
313,1,4.0,1105354580
313,2,3.0,1101033291
313,5,3.5,1105355064
313,10,3.5,1105354679
313,19,2.5,1105354923
313,25,3.0,1105354786
313,32,3.0,1101033175
313,34,4.0,1105354644
313,47,4.0,1105354631
313,110,5.0,1105354565
313,135,4.0,1101033638
313,150,3.5,1105354563
313,165,3.5,1105354615
313,186,3.0,1101033008
313,198,3.5,1101033081
313,208,2.0,1105354773
313,215,3.5,1101034071
313,253,4.0,1105354740
313,266,3.5,1101033905
313,288,2.5,1105354821
313,318,5.0,1105354569
313,339,3.5,1105354752
313,344,2.5,1105354598
313,345,3.5,1101033059
313,355,3.0,1101033625
313,356,4.5,1101033896
313,357,3.5,1105354716
313,364,5.0,1101033255
313,367,3.5,1105354687
313,376,4.0,1105355097
313,377,3.5,1105354585
313,380,4.0,1101033909
313,381,3.5,1168879130
313,457,4.5,1105354540
313,480,4.0,1105354520
313,500,3.5,1101033270
313,520,3.5,1101033046
313,527,5.0,1101033181
313,539,4.5,1101033922
313,552,3.5,1168878813
313,586,3.0,1105354830
313,587,3.0,1168878664
313,588,4.5,1101033165
313,589,3.5,1105353824
313,590,4.0,1105354559
313,595,4.0,1105354621
313,597,3.0,1101033915
313,648,4.0,1105354605
313,733,4.5,1105354664
313,736,3.0,1101033262
313,778,4.0,1105355003
313,784,2.0,1101033238
313,788,3.5,1101034175
313,832,4.0,1105355172
313,904,4.0,1105355246
313,910,4.0,1101033595
313,1059,3.5,1101033569
313,1079,4.0,1105354918
313,1088,4.0,1131563301
313,1090,4.0,1101033011
313,1097,4.0,1105354695
313,1127,3.5,1105355033
313,1183,2.0,1105354935
313,1198,4.0,1105354657
313,1201,2.0,1168878094
313,1219,3.5,1105355084
313,1240,3.5,1105353833
313,1246,3.5,1105355156
313,1258,3.5,1105355137
313,1270,4.0,1105354661
313,1287,5.0,1101033548
313,1345,3.0,1124136576
313,1350,3.0,1169979961
313,1387,4.0,1105354907
313,1393,3.0,1101033911
313,1407,3.0,1105355144
313,1485,4.0,1101033026
313,1518,4.0,1105353876
313,1544,3.5,1105355253
313,1573,3.5,1105355059
313,1580,4.0,1105354801
313,1594,3.0,1168879066
313,1597,5.0,1101033113
313,1608,3.0,1105355232
313,1615,4.0,1168879374
313,1625,4.5,1101033077
313,1641,3.5,1105355109
313,1682,3.5,1101033220
313,1721,5.0,1101033204
313,1732,3.0,1101033021
313,1784,4.0,1105354978
313,1801,3.5,1101034030
313,1835,3.0,1101033513
313,1894,3.5,1101033506
313,1917,4.0,1105355121
313,1923,4.0,1101033160
313,1954,4.0,1171729496
313,1961,4.0,1105354883
313,2006,4.0,1101033916
313,2011,3.0,1105355165
313,2012,3.0,1105355211
313,2028,4.0,1105354707
313,2080,4.0,1124136253
313,2081,4.0,1124136803
313,2194,4.5,1126291311
313,2353,4.5,1101033061
313,2384,4.5,1101033476
313,2394,5.0,1124136790
313,2396,3.0,1101033932
313,2409,4.0,1171729500
313,2410,3.5,1171729506
313,2420,3.5,1133022976
313,2421,3.5,1133022979
313,2422,3.5,1133022980
313,2424,3.0,1101033980
313,2490,3.0,1124137127
313,2571,4.0,1105354721
313,2605,3.5,1124136533
313,2617,4.0,1105355257
313,2671,4.5,1101033899
313,2687,4.0,1124136502
313,2700,4.0,1105355205
313,2706,2.5,1105355031
313,2710,3.5,1105355069
313,2712,2.5,1101033187
313,2724,2.5,1168878763
313,2762,3.5,1101033184
313,2770,3.5,1101033090
313,2858,3.5,1105354669
313,2959,2.5,1105355020
313,2978,3.5,1101033858
313,2997,2.0,1105354870
313,3052,1.5,1101033102
313,3101,4.0,1101033073
313,3114,4.0,1105355075
313,3147,4.5,1124136217
313,3176,3.0,1101033050
313,3252,4.0,1101033399
313,3301,3.5,1101033422
313,3386,2.0,1101033405
313,3408,4.0,1105353999
313,3578,4.5,1105353992
313,3617,3.0,1105354360
313,3623,4.0,1101033169
313,3744,4.0,1133022745
313,3753,3.5,1105353918
313,3755,4.0,1101034532
313,3798,3.5,1101034508
313,3827,4.0,1133022592
313,3897,4.5,1101032998
313,3948,4.0,1124137118
313,3969,3.5,1101033367
313,3977,4.0,1124137103
313,3999,3.0,1101033351
313,4014,4.0,1101034221
313,4015,2.0,1101033364
313,4018,3.5,1101034317
313,4020,4.0,1101034544
313,4022,4.0,1105353968
313,4025,3.5,1133022549
313,4069,4.0,1101034414
313,4161,2.5,1133022718
313,4226,3.5,1101033190
313,4246,4.5,1101033347
313,4270,4.0,1105354412
313,4299,3.5,1101033303
313,4306,4.0,1105354099
313,4308,5.0,1105354160
313,4310,5.0,1101034321
313,4344,2.0,1133022515
313,4369,2.5,1105354465
313,4370,0.5,1101033327
313,4643,2.5,1133022724
313,4718,2.5,1101033331
313,4720,3.0,1101034472
313,4776,3.5,1105354087
313,4814,3.0,1101033748
313,4816,4.0,1168878919
313,4821,3.5,1133022185
313,4823,4.0,1101034312
313,4848,1.0,1101033300
313,4865,3.0,1105354398
313,4886,4.5,1168878351
313,4901,3.0,1105353961
313,4963,4.0,1105353952
313,4973,3.5,1143233338
313,4979,0.5,1101033325
313,4992,3.0,1101033754
313,4993,4.5,1101033172
313,4994,4.0,1101034397
313,4995,4.5,1126291220
313,5014,4.5,1105353937
313,5026,3.0,1105354195
313,5151,2.0,1101033720
313,5152,4.0,1133022392
313,5218,5.0,1101033314
313,5266,3.5,1124136465
313,5299,3.0,1101034215
313,5349,4.5,1105353986
313,5389,3.5,1133021953
313,5400,3.0,1101034513
313,5418,4.5,1105354014
313,5445,3.5,1105354027
313,5459,3.5,1133022729
313,5481,2.5,1124136441
313,5502,3.5,1101034445
313,5528,2.0,1101033701
313,5574,4.0,1133022618
313,5620,3.5,1101034325
313,5669,4.5,1101033334
313,5673,0.5,1101033320
313,5679,5.0,1105354376
313,5785,2.5,1168879256
313,5810,3.5,1124136473
313,5872,2.5,1133022505
313,5903,3.0,1168878898
313,5952,4.5,1101033310
313,5989,4.5,1105354105
313,5991,3.0,1101033282
313,5995,5.0,1130952560
313,6155,3.5,1101033693
313,6156,3.5,1101033709
313,6157,3.0,1133022253
313,6213,3.0,1105354477
313,6281,4.0,1101034547
313,6287,3.0,1101033697
313,6323,4.0,1101034453
313,6373,4.0,1101033660
313,6377,4.5,1105354172
313,6378,4.0,1126291247
313,6503,4.0,1101033667
313,6534,3.5,1105354366
313,6537,3.5,1105353814
313,6539,4.5,1101034468
313,6550,3.0,1168879237
313,6565,5.0,1124136240
313,6617,4.0,1168879226
313,6711,4.0,1101034242
313,6873,3.0,1101034424
313,6874,3.5,1133022542
313,6927,3.0,1101034358
313,6944,3.5,1168879207
313,6947,2.5,1126291348
313,6986,4.0,1124136264
313,7090,2.0,1133022447
313,7143,5.0,1124136223
313,7147,3.5,1105354168
313,7153,5.0,1124137048
313,7154,4.0,1101034394
313,7158,2.5,1145779228
313,7162,4.0,1105354141
313,7163,3.0,1101034505
313,7173,3.0,1101034417
313,7320,4.0,1131563303
313,7324,3.5,1133022122
313,7325,2.0,1168879187
313,7361,2.5,1124136290
313,7438,3.5,1133022434
313,7439,4.0,1105353856
313,7458,4.0,1133022400
313,8093,2.0,1133022603
313,8360,4.5,1124136782
313,8361,3.0,1133022137
313,8369,3.0,1133022765
313,8529,3.0,1101034225
313,8576,3.5,1105354074
313,8622,4.5,1105355378
313,8636,3.5,1101034464
313,8644,4.0,1105353912
313,8665,4.0,1124137027
313,8783,2.5,1106766487
313,8798,4.0,1124136425
313,8830,2.5,1133022366
313,8831,2.5,1131563276
313,8860,3.0,1133022565
313,8874,3.5,1133022459
313,8907,3.5,1168879506
313,8908,5.0,1130952611
313,8917,2.0,1133022173
313,8949,3.0,1126981159
313,8957,3.5,1133021876
313,8961,4.5,1133021798
313,8963,0.5,1143233256
313,8970,3.0,1130952543
313,8984,3.5,1105353776
313,27788,2.5,1126981177
313,30707,4.0,1168878424
313,30822,4.0,1133021854
313,31878,3.0,1133021823
313,32029,3.5,1133022496
313,33166,3.5,1168878442
313,33437,4.0,1145779209
313,33615,4.0,1130952655
313,33794,3.0,1133021776
313,35836,3.5,1168878865
313,36525,3.0,1145779190
313,37727,3.0,1168879464
313,37733,3.0,1145779249
313,44022,4.0,1168879445
313,45210,3.0,1168878327
313,45501,2.5,1168878134
313,46578,3.5,1168878527
314,1,2.0,1437338091
314,260,5.0,1437338205
314,318,5.0,1437338217
314,356,4.5,1437338070
314,480,4.5,1437338076
314,593,4.5,1437338080
314,1036,4.0,1437338223
314,1196,5.0,1437338208
314,1198,5.0,1437338214
314,1270,3.5,1437338099
314,1291,5.0,1437338212
314,1676,4.5,1437338268
314,2542,4.0,1437338271
314,2571,4.5,1437338095
314,50872,2.5,1437338186
314,58559,5.0,1437338637
314,79132,4.5,1437338648
314,92259,5.0,1437338632
314,109487,5.0,1437338296
314,112183,3.5,1437338369
314,112552,4.5,1437338173
314,112556,5.0,1437338287
314,112852,4.5,1437338356
314,114935,4.0,1437338388
314,115210,5.0,1437338391
314,115569,4.0,1437338353
314,115617,4.0,1437338347
314,115713,4.0,1437338345
314,116797,4.0,1437338305
314,117176,4.0,1437338373
314,119145,4.0,1437338381
314,122882,5.0,1437338283
314,122892,4.0,1437338367
314,127098,4.0,1437338299
315,39,1.0,1046663491
315,260,1.0,1046663515
315,497,4.0,1046663943
315,922,4.0,1046663870
315,953,4.0,1046663466
315,1253,1.0,1046663943
315,1270,5.0,1046663990
315,1278,5.0,1046663943
315,1573,5.0,1046663466
315,1726,1.0,1046663515
315,1944,3.0,1046663888
315,2028,5.0,1046663491
315,2109,3.0,1046663515
315,2300,5.0,1046663870
315,2546,1.0,1046663435
315,2762,3.0,1046663491
315,2947,3.0,1046663466
315,3099,1.0,1046663990
315,3671,5.0,1046663466
315,3735,5.0,1046663870
315,4587,2.0,1046663435
315,5015,1.0,1046663870
315,5377,3.0,1046663888
315,5464,1.0,1046663913
315,5788,1.0,1046663913
315,5879,3.0,1046663751
315,5880,1.0,1046663682
315,5881,1.0,1046663682
315,5882,1.0,1046663723
315,5902,5.0,1046663657
315,5941,2.0,1046663682
315,5943,1.0,1046663723
