315,5944,1.0,1046663723
315,5945,4.0,1046663682
315,5952,3.0,1046663627
315,5954,5.0,1046663657
315,5957,1.0,1046663703
315,5958,2.0,1046663703
315,5959,1.0,1046663627
315,5991,3.0,1046663627
315,6001,2.0,1046663913
315,6003,2.0,1046663627
315,6006,1.0,1046663682
315,6012,1.0,1046663723
315,6013,1.0,1046663751
315,6014,1.0,1046663751
315,6057,1.0,1046663775
315,6058,3.0,1046663703
315,6060,1.0,1046663751
315,6154,1.0,1046663775
315,6155,2.0,1046663703
315,6156,2.0,1046663627
315,6157,3.0,1046663703
315,6183,2.0,1046663870
315,6188,5.0,1046663627
316,260,4.0,1460822646
316,541,3.0,1460822805
316,589,3.5,1460822688
316,593,2.0,1460822698
316,1036,3.5,1460822680
316,1136,4.5,1460822801
316,1148,4.0,1460823163
316,1196,4.0,1460822650
316,1198,4.0,1460822652
316,1210,4.0,1460822659
316,1240,4.0,1460822695
316,1291,4.0,1460822661
316,2571,3.5,1460822655
316,3300,3.0,1460823050
316,3481,4.0,1460823298
316,3578,4.0,1460822964
316,3623,4.0,1460822984
316,3717,3.0,1460822896
316,3751,3.5,1460822994
316,3755,2.5,1460822903
316,3793,4.0,1460822968
316,3827,3.0,1460823090
316,3967,3.5,1460823036
316,3996,3.0,1460823275
316,4011,3.5,1460822862
316,4025,3.0,1460822943
316,4246,3.0,1460823007
316,4306,3.5,1460822966
316,4310,3.0,1460822953
316,4344,3.5,1460823444
316,4367,3.5,1460823040
316,4638,2.5,1460823401
316,4643,3.0,1460822924
316,4718,3.0,1460822930
316,4734,4.0,1460823069
316,4816,3.5,1460823034
316,4886,3.5,1460822734
316,4896,4.0,1460822990
316,4963,4.0,1460822976
316,4993,4.0,1460822671
316,4995,3.0,1460822807
316,5010,1.5,1460822810
316,5349,3.5,1460823280
316,5377,3.5,1460823346
316,5378,4.0,1460822986
316,5418,5.0,1460822728
316,5445,3.5,1460822977
316,5459,3.0,1460822885
316,5481,3.5,1460822927
316,5816,4.0,1460823300
316,5872,3.0,1460823080
316,5952,4.0,1460822670
316,5956,3.0,1460823044
316,6157,3.5,1460823093
316,6218,3.5,1460823047
316,6365,3.5,1460822988
316,6373,3.5,1460822893
316,6377,3.0,1460822971
316,6378,3.0,1460822717
316,6539,4.0,1460822969
316,6541,3.5,1460823108
316,6863,3.5,1460822911
316,6874,4.0,1460822974
316,6934,4.0,1460823311
316,6942,3.5,1460822916
316,7153,4.0,1460822658
316,7438,4.0,1460823282
316,8368,4.0,1460822719
316,8528,4.0,1460823452
316,8665,4.0,1460822794
316,8874,5.0,1460823148
316,8961,4.0,1460822732
316,8972,3.5,1460823455
316,8984,4.0,1460823411
316,26614,4.0,1460823154
316,27611,2.0,1460823142
316,30793,3.0,1460823361
316,33493,4.0,1460823308
316,33679,3.5,1460823374
316,33794,3.5,1460823184
316,34048,2.5,1460823392
316,34162,3.5,1460823380
316,34405,4.0,1460822804
316,39183,2.0,1460823439
316,40815,4.0,1460823326
316,44191,4.0,1460823177
316,45499,4.0,1460823397
316,45722,4.0,1460823332
316,48385,3.0,1460823355
316,49272,4.0,1460823553
316,50872,3.0,1460823324
316,51255,4.0,1460823200
316,51662,4.0,1460823318
316,54001,4.0,1460823157
316,54272,3.5,1460823432
316,54286,4.5,1460822704
316,56174,3.0,1460823377
316,58559,3.0,1460822673
316,59315,4.0,1460822689
316,59369,2.0,1460822778
316,59784,3.5,1460823425
316,60069,3.0,1460822722
316,63082,3.5,1460823516
316,68157,4.0,1460823315
316,68358,4.0,1460822692
316,68954,4.0,1460822691
316,69844,4.0,1460822793
316,73017,4.0,1460822741
316,76251,3.5,1460822715
316,77561,4.0,1460823430
316,78034,3.5,1460823489
316,78499,3.5,1460823370
316,79132,3.5,1460822686
316,81834,4.0,1460822796
316,81845,3.0,1460822856
316,84772,4.5,1460823212
316,87232,3.5,1460822724
316,88125,4.5,1460822775
316,88140,4.5,1460822737
316,89745,4.5,1460822708
316,91500,3.5,1460823175
316,91542,4.0,1460823557
316,91630,4.0,1460822813
316,94070,4.0,1460823477
316,96079,4.5,1460822739
316,97913,3.0,1460822791
316,98809,4.0,1460823169
316,102445,4.0,1460823201
316,102903,4.0,1460823173
316,103341,4.0,1460823214
316,108190,3.0,1460823167
316,109374,4.5,1460823457
316,110102,4.0,1460822789
316,111362,4.0,1460823562
316,111759,3.0,1460822868
316,112852,4.0,1460822701
316,122886,4.0,1460822676
316,122900,3.5,1460823145
316,129428,3.5,1460823483
316,134130,4.0,1460822873
317,150,4.0,847633374
317,153,2.0,847633434
317,165,4.0,847633433
317,185,4.0,847633596
317,208,4.0,847633596
317,231,3.0,847633469
317,292,3.0,847633521
317,296,1.0,847633375
317,316,5.0,847633469
317,318,4.0,847633521
317,329,5.0,847633521
317,344,2.0,847633433
317,349,3.0,847633469
317,356,4.0,847633469
317,380,4.0,847633375
317,454,4.0,847633631
317,457,5.0,847633433
317,480,4.0,847633520
317,588,3.0,847633433
317,590,3.0,847633374
317,592,3.0,847633374
317,595,3.0,847633469
318,1,1.0,862902604
318,5,3.0,862902663
318,6,3.0,862902663
318,9,4.0,862902803
318,36,3.0,862902663
318,41,3.0,862902858
318,95,4.0,862902604
318,260,1.0,862902663
318,376,3.0,862902714
318,494,3.0,862902663
318,605,3.0,862903225
318,608,3.0,862902663
318,648,4.0,862902604
318,653,3.0,862902714
318,673,4.0,862902909
318,704,5.0,862903068
318,711,2.0,862902909
318,731,3.0,862903293
318,733,3.0,862902663
318,736,3.0,862902604
318,737,4.0,862902803
318,743,3.0,862902803
318,760,2.0,862903604
318,761,1.0,862902909
318,778,4.0,862902803
318,780,5.0,862902604
318,782,3.0,862903129
318,783,3.0,862902803
318,784,4.0,862902714
318,786,4.0,862902663
318,788,3.0,862902714
318,798,4.0,862903194
318,799,3.0,862903009
318,805,4.0,862902751
318,830,3.0,862902980
318,832,4.0,862902803
318,849,3.0,862902980
318,852,4.0,862902803
318,991,3.0,862903194
318,996,3.0,862903224
318,1004,4.0,862903225
318,1041,3.0,862903129
318,1047,4.0,862903009
318,1057,4.0,862903358
318,1059,3.0,862902980
318,1061,3.0,862902980
318,1133,3.0,862903604
318,1210,1.0,862902803
318,1356,4.0,862902751
318,1363,3.0,862903194
318,1367,2.0,862902909
318,1391,1.0,862902980
318,1393,4.0,862902858
318,1416,2.0,862903099
318,1429,5.0,862903267
318,1432,4.0,862903428
318,1438,4.0,862903267
318,1479,4.0,862903479
318,1499,5.0,862903528
319,11,4.0,834759704
319,17,3.0,834759756
319,39,3.0,834759561
319,95,3.0,834759756
319,110,4.0,834759497
319,141,5.0,834759756
319,153,4.0,834759426
319,196,4.0,834759704
319,253,3.0,834759479
319,316,4.0,834759445
319,344,3.0,834759426
319,349,3.0,834759426
319,356,3.0,834759671
319,380,3.0,834759389
319,435,2.0,834759633
319,480,4.0,834759730
319,553,3.0,834759671
319,589,3.0,834759802
319,592,3.0,834759389
319,593,4.0,834759479
320,296,4.5,1424366551
320,318,4.0,1424366411
320,356,4.0,1424366509
320,527,4.0,1424366416
320,541,5.0,1424366884
320,904,4.5,1424366807
320,908,4.0,1424366936
320,912,5.0,1424366786
320,924,3.5,1424366900
320,1172,5.0,1424366533
320,1206,4.5,1424366734
320,1704,4.0,1424366430
320,2010,4.0,1424366898
320,2324,3.5,1424366498
320,2571,4.5,1424366427
320,2762,3.5,1424366433
320,2858,3.0,1424366512
320,3147,3.5,1424366522
320,3578,3.5,1460751890
320,4226,4.0,1424366793
320,4306,3.5,1460751884
320,4343,2.0,1460752160
320,4643,3.5,1460752010
320,4874,3.5,1460752076
320,4886,3.5,1460751896
320,4973,3.5,1424366500
320,5445,4.0,1460751904
320,5881,3.0,1460752293
320,5945,3.5,1460752129
320,5995,4.0,1424366515
320,6874,4.0,1460751900
320,6942,4.0,1460751996
320,7438,4.0,1460751910
320,8622,3.5,1460752032
320,27831,3.5,1460752281
320,30707,4.0,1460751966
320,30749,4.0,1424366798
320,30793,3.5,1460752024
320,39183,2.0,1460752092
320,41285,3.5,1460752219
320,44191,4.0,1460751923
320,44555,4.5,1460751369
320,56367,3.5,1424366603
320,60069,2.5,1460751930
320,60397,3.0,1460752409
320,63082,4.0,1424366972
320,64614,4.0,1460752036
320,68237,4.0,1460752074
320,68358,4.0,1460751978
320,68954,3.5,1460751940
320,81845,4.0,1424366940
320,85414,4.0,1460752139
320,96610,3.5,1460752164
320,104841,4.0,1460752132
320,109487,4.0,1460751969
320,115713,4.0,1432825064
320,116797,4.5,1424366789
320,134130,4.0,1460751392
321,1,3.0,939420838
321,21,5.0,939420702
321,50,4.0,939420971
321,164,4.0,939399601
321,232,5.0,939400966
321,293,4.0,939421228
321,296,5.0,939400862
321,319,5.0,939421228
321,348,4.0,939401242
321,350,3.0,939399601
321,551,5.0,939420207
321,562,3.0,939401033
321,568,4.0,939420702
321,593,3.0,939420971
321,608,4.0,939420971
321,707,4.0,939400777
321,800,4.0,939399420
321,837,4.0,939401165
321,913,5.0,939398171
321,930,4.0,939398171
321,942,3.0,939398171
321,1131,4.0,939398445
321,1132,3.0,939398445
321,1148,4.0,939401033
321,1150,5.0,939398768
321,1171,4.0,939420777
321,1172,5.0,939398768
321,1179,3.0,939400777
321,1188,4.0,939420838
321,1196,1.0,939398278
321,1217,5.0,939398446
321,1224,4.0,939398532
321,1228,5.0,939398278
321,1246,2.0,939398768
321,1249,4.0,939421228
321,1264,5.0,939398446
321,1265,4.0,939420777
321,1284,5.0,939398171
321,1464,5.0,939399601
321,1500,4.0,939420838
321,1580,3.0,939420702
321,1617,4.0,939400777
321,1625,4.0,939400625
321,1645,4.0,939399601
321,1683,4.0,939420971
321,1689,3.0,939400625
321,1711,3.0,939400625
321,1713,4.0,939400966
321,1732,5.0,939399420
321,1760,3.0,939420702
321,1883,5.0,939401099
321,1892,2.0,939399420
321,1909,2.0,939399420
321,1918,1.0,939420207
321,1923,2.0,939401033
321,1961,2.0,939398445
321,2020,3.0,939398532
321,2065,4.0,939398446
321,2066,5.0,939398171
321,2068,4.0,939398278
321,2069,3.0,939398278
321,2076,5.0,939398446
321,2194,2.0,939398445
321,2243,3.0,939398532
321,2278,2.0,939421164
321,2289,4.0,939401165
321,2302,3.0,939420777
321,2312,2.0,939398532
321,2352,3.0,939398768
321,2384,4.0,939401165
321,2395,4.0,939420207
321,2396,5.0,939400966
321,2605,1.0,939421164
321,2919,4.0,939398768
321,2940,5.0,939398171
322,164,3.0,974698800
322,451,4.0,974698993
322,903,5.0,974698657
322,906,5.0,974698657
322,910,3.0,974697728
322,912,4.0,974697780
322,924,5.0,974698657
322,931,5.0,974698657
322,942,4.0,974698657
322,1086,5.0,974698728
322,1092,4.0,974698993
322,1212,5.0,974698574
322,1459,2.0,974698993
322,1589,3.0,974698993
322,1608,2.0,974697780
322,1617,5.0,974698574
322,1625,2.0,974698870
322,1627,4.0,974698993
322,1721,3.0,974697728
322,1732,4.0,974698870
322,1913,5.0,974698574
322,1964,4.0,974698657
322,1968,2.0,974697680
322,2024,4.0,974698800
322,2076,2.0,974698728
322,2206,3.0,974698728
322,2467,5.0,974698800
322,2686,3.0,974698800
322,3072,4.0,974697637
322,3176,3.0,974698993
322,3251,3.0,974698993
322,3386,2.0,974698800
322,3445,4.0,974698870
322,3706,5.0,974698870
322,3730,4.0,974698574
322,3788,3.0,974698800
322,3897,5.0,974698401
322,3925,4.0,974698322
322,3950,4.0,974698172
322,3952,5.0,974698172
322,3959,3.0,974698096
322,3963,5.0,974698096
322,3981,3.0,974697953
323,186,3.5,1150487585
323,225,3.0,1150487447
323,236,4.0,1150487529
323,315,3.5,1150487590
323,318,4.5,1150487770
323,494,3.0,1150487437
323,527,4.5,1150487711
323,784,4.0,1150487480
323,832,4.0,1150487464
323,858,4.5,1150487750
323,912,5.0,1150487777
323,920,5.0,1150487430
323,1250,4.5,1150487631
323,1639,2.5,1150487558
323,2006,2.0,1150487640
323,2054,3.5,1150487454
323,2081,3.5,1150487566
323,3176,3.5,1150487607
323,4034,3.0,1150487515
323,4973,5.0,1150487785
323,4995,4.5,1150487633
323,5445,3.0,1150487473
323,6539,4.5,1150487651
324,1,4.0,1451524648
324,2,4.0,1451524483
324,19,3.0,1451524520
324,32,3.5,1451524254
324,34,5.0,1451524308
324,62,3.5,1451524516
324,73,4.5,1451527890
324,110,4.0,1451524229
324,111,3.5,1451524657
324,141,4.0,1451524426
324,150,4.0,1451525052
324,185,3.0,1451524398
324,208,1.0,1451524326
324,260,3.5,1451526226
324,318,4.0,1451519630
324,356,4.0,1451519729
324,364,3.5,1451526209
324,367,4.0,1451524284
324,500,4.0,1451524282
324,527,3.0,1451519636
324,551,4.0,1451524538
324,588,4.0,1451524258
324,590,3.5,1451524249
324,592,4.0,1451524244
324,593,4.0,1451524234
324,1197,4.5,1451524278
324,1200,3.0,1451524345
324,1225,4.0,1451524529
324,1246,4.0,1451524524
324,1265,4.0,1451524299
324,1517,3.5,1451524477
324,1682,4.0,1451524353
324,1704,3.5,1451519722
324,1917,3.0,1451524480
324,1961,4.0,1451524385
324,2028,4.0,1451519698
324,2174,4.0,1451524542
324,2502,4.0,1451524509
324,2571,4.0,1451519692
324,2762,3.5,1451519709
324,2791,3.5,1451524555
324,2918,4.0,1451524471
324,3114,4.0,1451524422
324,3578,3.5,1451528111
324,3752,3.0,1451528398
324,3753,2.5,1451528232
324,3755,3.5,1451528284
324,3793,3.5,1451528129
324,3911,3.5,1451528303
324,3988,4.5,1451528572
324,4022,4.0,1451528211
324,4025,2.5,1451528317
324,4148,3.0,1451528476
324,4226,3.5,1451528123
324,4306,4.0,1451528118
324,4638,4.0,1451523605
324,4643,3.0,1451528363
324,4874,3.0,1451528539
324,4886,3.5,1451524384
324,4896,4.0,1451524561
324,4973,3.5,1451524338
324,4993,2.5,1451528100
324,4995,3.5,1451524416
324,5010,2.5,1451523472
324,5218,3.0,1451528251
324,5266,3.5,1451528503
324,5349,3.5,1451524420
324,5459,3.5,1451523462
324,5481,3.5,1451523557
324,5502,2.5,1451523485
324,5816,3.5,1451523310
324,5945,3.0,1451524087
324,5952,3.0,1451528105
324,5989,3.5,1451528171
324,6287,1.5,1451528764
324,6333,3.5,1451523301
324,6377,3.5,1451528139
324,6539,4.0,1451528132
324,6541,4.0,1451528664
324,6753,4.0,1451528023
324,6787,3.5,1451526358
324,6807,4.0,1451526872
324,6863,4.0,1451528318
324,6870,3.5,1451528377
324,6934,3.5,1451528265
324,6957,3.5,1451524184
324,7147,3.5,1451523380
324,7254,3.0,1451528307
324,7361,4.0,1451524410
324,7419,4.0,1451525526
324,7438,1.5,1451526815
324,7458,4.0,1451523922
324,7502,3.0,1451519656
324,8368,3.5,1451523411
324,8376,4.0,1451523618
324,8464,2.5,1451528410
324,8528,3.5,1451524015
324,8529,3.0,1451524083
324,8641,3.0,1451524034
324,8644,3.5,1451523476
324,8810,3.5,1451528828
324,8865,3.0,1451528960
324,8961,4.0,1451528146
324,8970,3.0,1451523911
324,8972,3.5,1451528618
324,26649,3.5,1451525514
324,27002,3.5,1451525090
324,30707,3.5,1451523451
324,30812,3.0,1451528552
324,30825,3.0,1451528714
324,34048,2.5,1451528506
324,34150,3.5,1451528780
324,35836,2.5,1451528294
324,38038,3.5,1451527954
324,38499,4.0,1451525745
324,40629,3.5,1451525471
324,41569,3.0,1451528563
324,45722,4.0,1451528287
324,46972,3.5,1451528945
324,52435,4.5,1451527821
324,53996,2.5,1451528535
324,54001,3.5,1451528490
324,55908,3.0,1451526529
324,56367,3.5,1451525750
324,58559,3.5,1451524328
324,59387,5.0,1451525028
324,59615,4.0,1451528644
324,64614,3.5,1451524895
324,66934,3.5,1451526253
324,68099,4.5,1451525719
324,68319,3.0,1451528858
324,70286,3.5,1451525464
324,72998,3.5,1451528247
324,77561,3.5,1451528601
324,77846,4.0,1451526684
324,79132,3.5,1451524512
324,86332,3.5,1451528822
324,86345,3.5,1451524852
324,88744,3.5,1451528900
324,91500,3.5,1451528599
324,91529,3.5,1451526364
324,92259,2.5,1451519647
324,98124,3.5,1451525560
324,98809,3.0,1451528732
324,99114,3.5,1451528426
324,106100,3.5,1451525111
324,106487,3.0,1451528907
324,109487,3.5,1451528367
324,116797,4.0,1451526328
324,117176,3.5,1451526024
324,149532,3.0,1451519751
325,31,4.5,1356316520
325,105,2.0,1356316532
325,277,1.5,1356316525
325,585,4.0,1356316527
325,724,1.5,1356316545
325,914,1.5,1356316525
325,1022,1.5,1356316544
325,1061,3.5,1356316549
325,1129,3.0,1356316550
325,1172,2.0,1356316546
325,1339,2.5,1356316514
325,1371,3.5,1356316515
325,1562,1.0,1356316539
325,1569,4.0,1356316516
325,2193,1.0,1356316540
325,2694,2.0,1356316541
325,3039,3.0,1356316542
325,3072,2.0,1356316547
325,3911,2.0,1356316512
325,4085,4.5,1356316518
326,60,4.0,966009905
326,314,5.0,966009951
326,337,2.0,966009788
326,590,3.0,966009930
326,653,1.0,966009905
326,919,4.0,966009930
326,933,4.0,966009788
326,969,5.0,966009982
326,986,3.0,966009951
326,1073,5.0,966010015
326,1127,4.0,966010015
326,1193,2.0,966009788
326,1196,4.0,966009930
326,1197,5.0,966009930
326,1210,4.0,966009982
326,1254,4.0,966009905
326,1259,2.0,966009930
326,1287,3.0,966009930
326,1291,4.0,966009982
326,1374,3.0,966009788
326,1396,5.0,966009788
326,1580,2.0,966009982
326,1931,4.0,966009951
326,2450,1.0,966009905
326,2987,4.0,966010015
326,3308,3.0,966009788
326,3412,4.0,966009930
327,32,4.0,1225363971
327,47,3.5,1225363967
327,223,5.0,1225363960
327,231,4.5,1225363953
327,260,4.5,1225363950
327,288,3.0,1225363946
327,296,5.0,1225363942
327,364,4.0,1225363931
327,500,3.5,1225363929
327,539,3.0,1225363926
327,592,3.0,1225363917
327,608,5.0,1225363913
327,1196,4.0,1225363909
327,1200,5.0,1225363905
327,1220,5.0,1225364145
327,1259,4.0,1225364121
327,1265,3.0,1225363902
327,1274,5.0,1225364111
327,1347,4.0,1225363658
327,1375,4.5,1225364095
327,1376,4.0,1225364098
327,1479,4.0,1225364084
327,1589,4.0,1225363733
327,1704,4.5,1225363895
327,1722,4.0,1225364079
327,1805,4.5,1225364075
327,1923,3.5,1225363893
327,1954,5.0,1225364072
327,2001,4.0,1225364064
327,2268,4.0,1225364058
327,2371,4.0,1225363692
327,2394,3.5,1225363701
327,2572,4.0,1225364053
327,2600,2.0,1225363744
327,2628,4.0,1225363890
327,2640,5.0,1225364050
327,2688,4.0,1225363695
327,2763,4.0,1225364048
327,2826,4.0,1225363643
327,2840,4.0,1225363774
327,2916,4.0,1225364045
327,3033,5.0,1225364032
327,3087,4.0,1225363756
327,3247,3.0,1225363679
327,3257,3.0,1225363711
327,3273,4.0,1225363724
327,3285,4.5,1225363764
327,3499,3.5,1225364022
327,3623,4.5,1225364021
327,4018,3.5,1225364015
327,4027,5.0,1225364013
327,4310,4.5,1225364010
327,4369,4.5,1225363718
327,4643,3.0,1225364008
327,4878,5.0,1225364005
327,6373,2.5,1225363671
327,6502,5.0,1225363999
327,6537,3.5,1225363993
327,6863,2.5,1225363996
327,6874,5.0,1225363989
327,6934,4.5,1225363987
327,7143,4.5,1225363977
327,8360,4.0,1225363975
328,1,4.0,1147996106
328,25,3.0,1148006147
328,34,4.0,1147996835
328,110,4.0,1148005847
328,141,3.5,1148006136
328,150,4.0,1148005838
328,151,3.5,1147995739
328,163,3.5,1147995765
328,246,3.0,1147997185
328,260,4.0,1147996590
328,300,3.0,1148006198
328,316,3.5,1148006049
328,318,4.5,1147996930
328,356,3.0,1148005830
328,364,3.5,1148000620
328,380,3.5,1148005854
328,432,2.5,1147995652
328,457,3.0,1147997263
328,480,3.5,1148005827
328,588,3.5,1148000624
328,593,3.0,1148005820
328,595,3.5,1148000617
328,608,3.0,1147996612
328,648,2.5,1148006024
328,720,4.5,1147996017
328,736,3.5,1148006053
328,745,4.5,1147995987
328,780,3.5,1148005860
328,899,4.0,1147996989
328,904,4.0,1147995769
328,908,4.0,1147995684
328,910,4.0,1147996672
328,919,4.0,1147996597
328,938,2.5,1147998775
328,1022,4.0,1147997723
328,1032,3.0,1147997752
328,1073,4.0,1148006097
328,1079,3.0,1147996615
328,1085,3.0,1147999926
328,1103,3.0,1147997579
328,1136,3.0,1147996355
328,1148,4.5,1147996112
328,1196,4.5,1147996535
328,1197,3.5,1147996423
328,1198,3.5,1147996198
328,1200,3.5,1147996649
328,1203,4.0,1147996505
328,1207,4.5,1147996884
328,1213,3.0,1147996791
328,1214,3.5,1147996682
328,1223,4.5,1147996260
328,1231,3.0,1147996833
328,1259,3.5,1147997023
328,1265,3.5,1147996670
328,1266,3.5,1147996632
328,1270,3.5,1148006062
328,1278,3.5,1147995774
328,1283,3.5,1147997384
328,1288,4.0,1147995753
328,1291,3.5,1147996953
328,1387,3.0,1147996269
328,1394,3.0,1147996801
328,1449,3.0,1147996910
328,1485,1.5,1147995674
328,1527,3.5,1148006222
328,1580,4.0,1148006122
328,1617,3.5,1147996642
328,1721,2.5,1148006128
328,1943,3.5,1147999966
328,2043,4.0,1147999958
328,2054,3.5,1147995711
328,2080,3.5,1147997689
328,2081,3.5,1148000539
328,2087,3.5,1147997762
328,2096,4.0,1147997726
328,2105,3.0,1148006461
328,2137,3.0,1148006401
328,2139,3.0,1148000532
328,2141,3.5,1148000546
328,2142,3.0,1148000669
328,2194,3.0,1147997029
328,2294,3.0,1148000644
328,2355,3.5,1147997180
328,2406,3.5,1147995744
328,2599,4.0,1147995727
328,2628,1.0,1148006150
328,2640,3.0,1147995693
328,2700,1.0,1147995686
328,2716,3.5,1148006179
328,2761,3.0,1147995994
328,2762,3.5,1147996957
328,2804,3.0,1147996183
328,2858,4.0,1148006067
328,2918,3.5,1147996743
328,2941,3.5,1147998831
328,2947,3.5,1147996459
328,2948,3.5,1147996786
328,2987,4.0,1148000529
328,3034,3.0,1147997301
328,3037,1.5,1147997191
328,3114,4.0,1147995909
328,3359,3.5,1147996654
328,3363,3.0,1147996752
328,3396,3.5,1147996202
328,3471,3.5,1147996942
328,3507,4.0,1147996544
328,3508,3.5,1147996351
328,3516,2.5,1147997797
328,3615,2.5,1148000940
328,3675,3.0,1147997757
328,3681,3.0,1147996516
328,3751,3.5,1148000748
328,3897,3.5,1147996961
328,3911,3.0,1147996693
328,3996,3.0,1147996698
328,4016,3.0,1148000775
328,4027,4.0,1147997209
328,4306,4.0,1148000733
328,4322,3.0,1147996096
328,4329,3.0,1147996796
328,4357,4.5,1147997782
328,4366,3.0,1148000917
328,4406,3.5,1147996247
328,4446,3.0,1148000928
328,4802,3.5,1147997623
328,4886,4.0,1148000721
328,4990,3.0,1148000923
328,5085,3.0,1147998815
328,5159,3.0,1148000672
328,5168,3.5,1147998764
328,5218,3.5,1148000780
328,5444,3.5,1148000768
328,5618,4.5,1148000725
328,5690,4.0,1148000505
328,5782,3.5,1147997294
328,5882,3.0,1148000810
328,6231,3.5,1147999904
328,6237,3.5,1147997803
328,6239,3.0,1147998690
328,6358,4.0,1147997873
328,6377,3.5,1147996238
328,6773,5.0,1148000736
328,6785,4.0,1147998778
328,6889,1.5,1148000944
328,6947,3.5,1147997243
328,6970,4.5,1147997433
328,6979,3.0,1147997222
328,7099,2.0,1148000500
328,7395,3.5,1147998796
328,7614,3.5,1147998698
328,7697,3.5,1147999990
328,7826,3.0,1147996404
328,8360,4.0,1148000744
328,8368,4.0,1147996828
328,8372,3.0,1148000991
328,8464,3.5,1147997327
328,8502,3.0,1148000105
328,8623,4.0,1147996340
328,8798,3.5,1147997012
328,8874,2.0,1147996483
328,8907,3.5,1148000953
328,8961,3.5,1147996149
328,8965,1.5,1148000847
328,26662,4.0,1148000491
328,32031,3.5,1148000823
328,33615,2.5,1148000827
328,33660,2.0,1147997308
328,34405,4.5,1147996210
328,38038,4.5,1147996101
328,40815,4.0,1147996915
329,1,5.0,867072004
329,3,3.0,867072039
329,5,3.0,867072039
329,6,5.0,867072039
329,7,4.0,867072073
329,25,5.0,867072005
329,32,3.0,867072004
329,95,3.0,867072005
329,104,3.0,867072073
329,260,5.0,867072039
329,494,3.0,867072039
329,648,4.0,867072004
329,653,3.0,867072073
329,708,4.0,867072073
329,733,4.0,867072039
329,736,4.0,867072004
329,780,4.0,867072004
329,786,3.0,867072039
329,802,5.0,867072073
329,1073,3.0,867072039
329,1210,4.0,867072117
329,1356,5.0,867072073
330,16,3.0,948574059
330,22,3.0,948576623
330,25,3.0,948577275
330,32,4.0,948578017
330,41,5.0,948577200
330,50,4.0,948731488
330,58,4.0,948577603
330,80,5.0,948577126
330,110,4.0,948575949
330,132,1.0,948576723
330,150,2.0,948577776
330,164,3.0,948576623
330,165,2.0,948576723
330,207,4.0,948576143
330,213,5.0,948577039
330,231,2.0,948731347
330,232,4.0,948577631
330,246,5.0,948577543
330,265,5.0,948577232
330,293,5.0,948576522
330,300,3.0,948578017
330,301,5.0,948574126
330,318,4.0,948577379
330,337,3.0,948577507
330,342,4.0,948575236
330,349,3.0,948576522
330,350,4.0,948574412
330,373,5.0,948576522
330,389,4.0,948577776
330,457,4.0,948575949
330,480,3.0,948575888
330,483,4.0,948577275
330,497,4.0,948575236
330,508,3.0,948577847
330,527,5.0,948577164
330,589,3.0,948576522
330,593,1.0,948577340
330,595,4.0,948576914
330,628,3.0,948576522
330,707,2.0,948576723
330,899,4.0,948576871
330,924,1.0,948574466
330,994,4.0,948577507
330,1028,1.0,948576871
330,1032,3.0,948576914
330,1035,5.0,948574126
330,1081,3.0,948575358
330,1094,5.0,948577200
330,1172,5.0,948575236
330,1176,2.0,948577701
330,1179,3.0,948577543
330,1188,3.0,948577442
330,1198,2.0,948574126
330,1249,5.0,948576522
330,1252,3.0,948574467
330,1285,4.0,948575236
330,1401,4.0,948577847
330,1407,1.0,948576674
330,1428,5.0,948731410
330,1459,3.0,948574412
330,1466,3.0,948577408
330,1575,5.0,948577442
330,1580,4.0,948575845
330,1608,3.0,948576763
330,1610,3.0,948576763
330,1617,2.0,948574520
330,1639,1.0,948577897
330,1683,5.0,948578017
330,1694,4.0,948577728
330,1704,4.0,948577603
330,1777,1.0,948731214
330,1892,4.0,948731380
330,1904,3.0,948575027
330,1913,4.0,948574412
330,1914,4.0,948577701
330,1950,4.0,948574412
330,1966,2.0,948577898
330,2028,4.0,948575752
330,2102,3.0,948576871
330,2278,3.0,948575752
330,2336,5.0,948577275
330,2353,3.0,948576417
330,2467,4.0,948574412
330,2565,3.0,948576871
