388,2002,3.0,946521266
388,2005,5.0,946521820
388,2006,4.0,946521584
388,2009,3.0,973839782
388,2011,3.0,946523740
388,2012,3.0,946509801
388,2013,4.0,946509381
388,2020,4.0,946526462
388,2022,4.5,1053316123
388,2023,4.0,946528959
388,2028,5.0,946510258
388,2067,4.0,946510028
388,2072,3.0,946524285
388,2076,4.0,993142382
388,2090,4.0,946522144
388,2108,4.0,946523412
388,2109,4.0,946523662
388,2112,4.0,946522793
388,2114,4.0,946528850
388,2115,5.0,946520784
388,2133,2.0,973839856
388,2134,3.0,946523982
388,2140,3.0,946522316
388,2146,2.0,946529214
388,2162,1.0,946530111
388,2166,4.0,946528875
388,2169,1.0,973840335
388,2174,5.0,946523412
388,2188,1.0,946508880
388,2194,5.0,946520673
388,2245,4.0,946523727
388,2248,5.0,946523232
388,2249,4.0,946523809
388,2250,3.0,946529090
388,2253,2.0,946524230
388,2263,3.0,946534556
388,2265,1.0,946521934
388,2268,5.0,946522771
388,2271,2.0,996044240
388,2273,4.0,946534486
388,2278,4.0,946522793
388,2280,3.0,946522810
388,2282,3.0,946528837
388,2289,4.0,946523121
388,2302,5.0,965182784
388,2314,3.0,965182545
388,2321,4.0,946523348
388,2334,3.0,946521149
388,2335,3.0,946524155
388,2336,4.0,966437864
388,2353,3.0,946520742
388,2359,4.0,965182335
388,2369,2.0,946523809
388,2370,4.0,946521266
388,2372,3.0,946523912
388,2373,3.0,965185228
388,2374,3.0,946524131
388,2375,3.0,946524285
388,2376,2.0,946521291
388,2378,3.0,946524079
388,2379,2.0,946524344
388,2380,1.0,965185330
388,2381,1.0,965185310
388,2382,3.0,946524459
388,2389,1.0,946522906
388,2391,4.0,946522669
388,2395,4.0,946509425
388,2402,2.0,965185249
388,2404,3.0,946521365
388,2411,3.0,946521338
388,2413,3.0,946532221
388,2416,2.0,946523982
388,2420,4.0,946529149
388,2423,4.0,946523982
388,2425,4.0,965182119
388,2427,5.0,946510419
388,2428,1.0,946509253
388,2435,3.0,946529104
388,2458,3.0,946524270
388,2470,3.0,946521654
388,2472,3.0,946523998
388,2476,3.0,946521065
388,2478,4.0,946524155
388,2490,3.0,946509381
388,2494,4.0,947227203
388,2502,4.0,946509342
388,2513,4.0,946531530
388,2529,5.0,946520646
388,2530,4.0,946521034
388,2541,3.0,946509140
388,2560,2.0,965182512
388,2571,5.0,946520615
388,2574,2.0,946509342
388,2579,3.0,1008268025
388,2580,5.0,946509253
388,2599,5.0,946509199
388,2610,4.0,946526437
388,2628,2.0,1030322959
388,2639,3.0,946528997
388,2640,4.0,946533914
388,2683,4.0,946508880
388,2692,3.0,946508541
388,2706,4.0,946508880
388,2707,4.0,1047201148
388,2710,3.0,946509004
388,2712,3.0,946509199
388,2716,5.0,966437990
388,2717,3.0,946531099
388,2728,5.0,946527026
388,2730,5.0,946527834
388,2734,4.0,946529214
388,2735,3.0,946521413
388,2745,5.0,946509535
388,2750,4.0,946523325
388,2761,4.0,965182201
388,2762,4.0,1097625407
388,2770,3.0,954582475
388,2782,4.0,946531033
388,2791,5.0,946523166
388,2792,3.0,965185072
388,2794,4.0,946524188
388,2795,4.0,965184821
388,2796,2.0,965185149
388,2797,4.0,946523280
388,2802,2.0,946533457
388,2804,2.0,973840204
388,2815,3.0,946521380
388,2826,2.0,954582556
388,2840,2.0,946534511
388,2858,4.0,973839944
388,2885,4.0,954582475
388,2890,5.0,965182119
388,2912,3.0,965182366
388,2915,3.0,946523325
388,2916,4.0,946520784
388,2918,5.0,946523184
388,2919,4.0,965184768
388,2930,4.5,1114896909
388,2943,3.0,946528837
388,2944,5.0,946509960
388,2952,5.0,973840647
388,2953,1.0,946524403
388,2959,3.0,965182285
388,2966,5.0,965181752
388,2976,3.0,965181792
388,2979,2.0,965183056
388,2985,5.0,946522793
388,2986,3.0,946521200
388,2990,2.0,946521104
388,2997,5.0,946509004
388,3006,5.0,986260550
388,3019,4.0,994453108
388,3033,4.0,946523982
388,3034,4.0,946522056
388,3036,5.0,946521606
388,3046,2.0,946523483
388,3052,3.0,973840377
388,3060,4.0,946523248
388,3071,5.0,946527850
388,3072,3.0,946523232
388,3077,4.0,1012456278
388,3081,4.0,946509464
388,3090,5.0,946527144
388,3095,5.0,946526437
388,3098,4.0,946527193
388,3100,4.0,946527797
388,3101,4.0,946534321
388,3104,3.0,946520592
388,3105,4.0,946527504
388,3117,4.0,965181806
388,3145,1.0,965181775
388,3150,5.0,966927397
388,3160,4.0,965182022
388,3174,2.0,965181775
388,3197,2.0,965185092
388,3198,3.0,965185439
388,3203,5.0,965184781
388,3210,2.0,994030777
388,3241,3.0,984300733
388,3246,4.5,1053316197
388,3250,3.0,965182705
388,3252,4.0,965182842
388,3254,3.0,965183296
388,3255,4.0,965182720
388,3256,4.0,965182738
388,3259,4.0,965183182
388,3263,4.0,965182466
388,3271,4.0,965182303
388,3298,4.0,966437899
388,3317,4.0,986260308
388,3342,5.0,951159820
388,3355,4.0,973839295
388,3360,4.0,1114897015
388,3386,5.0,965182089
388,3421,5.0,1066722919
388,3424,4.0,965184794
388,3426,3.0,965182652
388,3441,4.0,965185054
388,3448,5.0,973840591
388,3452,3.0,965181589
388,3481,4.5,1167703847
388,3499,5.0,965182303
388,3500,2.0,965183581
388,3504,4.5,1114897240
388,3509,3.0,973839240
388,3510,4.0,977245217
388,3526,4.0,965184844
388,3527,5.0,965184821
388,3528,2.0,965183199
388,3535,3.0,965181626
388,3539,4.0,993487326
388,3556,4.0,978159019
388,3557,3.0,965182928
388,3571,3.0,977245242
388,3578,4.0,997649625
388,3614,4.0,965182889
388,3617,3.0,978371023
388,3624,3.0,973839080
388,3683,5.0,994480772
388,3686,4.0,965183215
388,3697,4.0,965183131
388,3698,4.0,965185029
388,3704,4.0,965185371
388,3720,3.0,991606971
388,3724,4.5,1199226031
388,3747,5.0,1005420389
388,3752,3.0,979464307
388,3753,2.0,965181612
388,3755,3.0,977163722
388,3783,5.0,986260262
388,3852,4.0,986260664
388,3896,1.0,973839141
388,3897,5.0,973838986
388,3902,4.5,1053316068
388,3911,4.0,993142409
388,3948,4.0,1097625977
388,3949,2.0,991411716
388,3950,3.0,993404351
388,3952,3.0,986260217
388,3983,4.0,1000015915
388,3993,3.0,991606947
388,3994,3.0,1005420434
388,3996,4.0,984300679
388,3998,3.0,977163679
388,4007,4.5,1114896977
388,4011,2.0,995388888
388,4017,4.0,998591415
388,4022,4.0,978371003
388,4027,4.0,978416251
388,4029,3.0,994030740
388,4033,4.0,995868971
388,4034,5.0,986260513
388,4035,4.0,993665885
388,4037,5.0,978158931
388,4047,4.0,978158978
388,4055,3.0,999248439
388,4085,4.0,1114897216
388,4103,5.0,1114898483
388,4117,4.0,998591471
388,4211,5.0,1114897195
388,4223,3.0,998591438
388,4226,5.0,991606993
388,4235,4.0,1020828830
388,4239,3.0,991974199
388,4297,4.0,994558471
388,4312,3.0,1017378806
388,4326,4.5,1114896932
388,4351,4.0,991975567
388,4370,5.0,1024472308
388,4378,4.0,1017378827
388,4389,3.0,1008835743
388,4391,4.0,1000015889
388,4446,2.0,1006152888
388,4448,3.0,1008630332
388,4489,4.0,1072682254
388,4537,4.5,1114897038
388,4564,3.5,1053316581
388,4616,3.5,1114898523
388,4641,5.0,997051243
388,4643,1.0,997649338
388,4688,5.0,1114897763
388,4718,3.0,1012027203
388,4720,4.0,1022307058
388,4723,4.0,1027558997
388,4737,2.0,1014098545
388,4776,4.0,1024796772
388,4783,4.0,1066722747
388,4816,3.0,1016259811
388,4846,3.0,1020326560
388,4848,4.0,1003004222
388,4855,4.5,1114896996
388,4865,4.0,1021749111
388,4873,3.0,1021749091
388,4881,4.0,1005420349
388,4888,4.0,1020326510
388,4896,3.0,1167703989
388,4963,4.0,1008630374
388,4965,4.0,1008487964
388,4967,3.0,1019353060
388,4975,1.0,1027349246
388,4977,4.0,1012093742
388,4979,4.0,1028642163
388,4993,5.0,1044494397
388,4995,3.0,1025899891
388,5010,5.0,1011683096
388,5013,5.0,1027090728
388,5015,4.0,1035442041
388,5026,2.0,1012027245
388,5028,4.0,1014616812
388,5060,5.0,946509924
388,5064,4.0,1032327288
388,5074,3.0,1013845763
388,5103,3.5,1114898655
388,5107,3.0,1027558972
388,5225,5.0,1018236835
388,5266,4.0,1018734971
388,5297,4.0,1030340576
388,5315,2.0,1030947625
388,5349,4.0,1089481350
388,5378,3.0,1030323030
388,5388,3.0,1022376655
388,5417,4.0,1027349290
388,5418,4.0,1024788813
388,5425,2.0,1023561710
388,5445,4.0,1024941805
388,5464,3.0,1027211134
388,5505,3.0,1046479013
388,5508,4.0,1030999212
388,5527,3.0,1042126048
388,5666,2.0,1040192834
388,5669,4.0,1061482686
388,5670,4.5,1056995673
388,5673,4.0,1037056127
388,5680,4.0,1050973941
388,5686,3.0,1050973972
388,5791,2.0,1039073196
388,5808,2.0,1046902164
388,5876,3.5,1066722617
388,5902,4.5,1053316058
388,5945,3.5,1056496972
388,5952,4.5,1072682165
388,5956,3.0,1047201078
388,5989,4.5,1056497014
388,5995,5.0,1042505680
388,6016,4.0,1076803231
388,6101,4.5,1114898046
388,6159,1.5,1084581534
388,6215,4.0,1056842759
388,6223,1.0,1059711593
388,6281,3.5,1058584319
388,6287,2.0,1050973920
388,6296,3.5,1065414842
388,6333,4.0,1051941002
388,6337,3.5,1067204445
388,6365,4.0,1055662214
388,6373,2.5,1062885084
388,6378,3.5,1055662276
388,6384,3.5,1071910951
388,6440,5.0,1056496966
388,6539,4.0,1058655673
388,6552,4.5,1061792831
388,6565,3.5,1077406095
388,6612,4.0,1066722724
388,6620,4.5,1062884732
388,6638,4.0,1066722855
388,6708,4.0,1097479392
388,6711,4.5,1065414859
388,6754,2.5,1104298768
388,6760,4.0,1091210537
388,6773,4.5,1085989847
388,6796,4.0,1066722730
388,6811,2.0,1066722877
388,6832,3.0,1066722847
388,6863,4.0,1114898800
388,6867,4.0,1088270089
388,6870,4.0,1077406010
388,6874,4.0,1066532691
388,6881,4.0,1079933683
388,6932,4.5,1069317196
388,6934,4.0,1071347441
388,6947,4.5,1070755624
388,6953,4.0,1072826845
388,6957,4.0,1072826833
388,6974,4.0,1096957574
388,6979,4.5,1114896953
388,7025,4.5,1114898388
388,7090,4.0,1105855252
388,7139,4.0,1072583014
388,7143,2.5,1072682126
388,7151,4.0,1087361738
388,7153,4.0,1072583077
388,7158,3.5,1084581512
388,7162,4.0,1088799357
388,7177,4.0,1092410892
388,7325,3.5,1079933638
388,7348,4.0,1112169908
388,7361,4.0,1082848176
388,7367,3.0,1104298828
388,7438,2.0,1090183657
388,8207,5.0,1114896939
388,8337,4.0,1114897132
388,8361,3.5,1099770701
388,8451,4.0,1114898649
388,8464,4.0,1087093182
388,8527,3.0,1112169888
388,8528,4.0,1088270131
388,8622,4.0,1090106529
388,8636,4.5,1090183696
388,8640,3.0,1090106549
388,8645,3.5,1114898633
388,8665,4.0,1091312747
388,8783,3.5,1091999799
388,8784,3.0,1160404392
388,8798,4.0,1104298841
388,8800,3.5,1114896846
388,8807,3.5,1124050419
388,8873,3.5,1101593171
388,8949,5.0,1100381747
388,8983,4.0,1106005465
388,26729,4.5,1177872304
388,27721,4.5,1104821581
388,27846,3.5,1154063228
388,27850,2.5,1114897006
388,27904,3.5,1154063211
388,30707,4.0,1114896886
388,30749,4.0,1114896822
388,30812,3.5,1104298719
388,30822,4.0,1112169847
388,30825,3.5,1104298752
388,32298,3.5,1112169929
388,33162,3.0,1116109493
388,33493,4.0,1118527843
388,33794,4.5,1119458306
388,33817,3.5,1120088786
388,34162,4.5,1122278619
388,35836,4.5,1154228523
388,37240,4.0,1143429998
388,37382,2.5,1143760255
388,37741,4.5,1141434683
388,38061,3.0,1154063247
388,38886,4.5,1134863972
388,39292,3.5,1143429907
388,39414,4.0,1131422901
388,40583,4.0,1134863929
388,41566,3.0,1167703396
388,41997,4.5,1135725076
388,42418,4.5,1137969678
388,44397,3.5,1143429984
388,44555,4.5,1229027041
388,45447,3.5,1167703367
388,45722,4.0,1156377909
388,45950,4.0,1154228443
388,46578,4.0,1156377921
388,47629,3.0,1187550128
388,48082,4.0,1160958135
388,48696,4.0,1182628058
388,49822,3.5,1167799651
388,49824,2.5,1229026839
388,49961,3.5,1198964351
388,50872,4.5,1198964476
388,51884,3.5,1177872275
388,53125,3.5,1182628095
388,53894,4.5,1187550165
388,54272,4.0,1187550052
388,54286,3.5,1187550082
388,55820,4.0,1198964331
388,55830,3.5,1229026867
388,58559,4.0,1229026930
388,60756,4.0,1229027003
389,2,4.0,829491840
389,5,4.0,829491839
389,10,4.0,829491840
389,19,1.0,829492315
389,22,3.0,829495183
389,23,2.0,829492315
389,54,4.0,829492315
389,62,4.0,829491840
389,74,4.0,829491839
389,95,5.0,829491839
389,110,5.0,829492315
389,135,4.0,829491839
389,150,4.0,829492315
389,151,4.0,829492316
389,153,3.0,829492315
389,160,3.0,829492316
389,161,4.0,829492316
389,163,1.0,829492316
389,168,4.0,829492316
389,172,3.0,829492316
389,173,2.0,829492316
389,185,4.0,829495183
389,204,3.0,829492316
389,207,4.0,829492316
389,208,4.0,829492316
389,225,2.0,829492316
389,231,1.0,829492316
389,236,3.0,829492316
389,237,3.0,829492316
389,238,3.0,829492316
389,248,4.0,829492316
389,252,4.0,829492316
389,253,2.0,829492316
389,256,3.0,829492316
389,266,4.0,829495183
389,274,3.0,829492316
389,276,3.0,829492316
389,292,4.0,829492316
389,316,4.0,829492316
389,318,5.0,829492316
389,333,5.0,829492316
389,339,3.0,829492316
389,344,2.0,829492315
389,349,4.0,829492315
389,380,5.0,829492316
389,381,2.0,829492316
389,432,3.0,829492315
389,434,5.0,829492315
389,588,4.0,829492315
389,590,5.0,829492316
389,595,4.0,829492315
390,1,4.0,867073566
390,3,5.0,867072842
390,7,3.0,867072884
390,9,3.0,867076328
390,10,3.0,867076126
390,11,5.0,867075845
390,14,2.0,867072919
390,15,3.0,867076269
390,17,4.0,867072803
390,21,5.0,867076176
390,32,1.0,867072802
390,43,3.0,867074211
390,44,3.0,867076269
390,52,3.0,867072918
390,62,3.0,867072803
390,65,2.0,867072979
390,92,2.0,867073966
390,95,3.0,867072802
390,102,3.0,867073883
390,104,1.0,867072884
390,110,3.0,867076005
390,112,4.0,867072884
390,135,2.0,867072919
390,141,5.0,867072802
390,153,3.0,867076269
390,165,4.0,867076176
390,168,3.0,867076243
390,173,3.0,867076294
390,185,3.0,867076243
390,204,3.0,867076243
390,208,3.0,867076127
390,227,3.0,867076294
390,260,5.0,867072842
390,296,5.0,867075838
390,303,3.0,867076328
390,315,3.0,867076328
390,316,4.0,867076176
390,339,5.0,867075841
390,349,3.0,867076269
390,357,3.0,867075839
390,377,5.0,867076005
390,379,3.0,867076243
390,380,5.0,867076008
390,423,3.0,867076327
390,434,3.0,867076010
390,438,3.0,867076351
390,440,3.0,867075844
390,457,3.0,867076126
390,480,5.0,867076002
390,494,4.0,867072842
390,507,3.0,867076294
390,517,4.0,867076269
390,539,5.0,867075842
390,541,3.0,867076243
390,548,3.0,867076328
390,589,3.0,867076003
390,592,3.0,867076211
390,608,4.0,867072842
390,609,3.0,867073074
390,613,3.0,867074211
390,628,2.0,867072919
390,637,2.0,867072919
390,640,3.0,867073029
390,647,2.0,867072979
390,648,2.0,867072802
390,653,4.0,867073609
390,656,3.0,867074252
390,667,2.0,867073883
390,673,1.0,867072979
390,694,1.0,867073940
390,708,4.0,867073609
390,710,2.0,867074211
390,719,2.0,867072949
390,733,4.0,867072841
390,736,4.0,867072802
390,742,1.0,867074367
390,778,2.0,867072949
390,780,5.0,867072802
390,785,3.0,867073029
390,786,4.0,867072842
390,788,3.0,867072884
390,798,3.0,867074292
390,801,3.0,867074367
390,802,4.0,867073609
390,809,3.0,867074344
390,810,2.0,867073939
390,813,3.0,867074680
390,818,2.0,867073940
390,830,4.0,867073074
390,832,3.0,867072949
390,837,3.0,867073966
390,838,4.0,867073939
390,849,3.0,867073883
390,852,3.0,867072949
390,858,5.0,867072949
390,861,4.0,867076294
390,870,1.0,867074763
390,880,1.0,867073883
390,891,1.0,867073940
390,991,2.0,867074292
390,1036,5.0,867076007
390,1042,4.0,867073940
390,1047,3.0,867073883
390,1049,4.0,867074211
390,1101,3.0,867076127
390,1113,3.0,867074383
390,1120,4.0,867074211
390,1129,3.0,867076243
390,1183,3.0,867073029
390,1196,5.0,867076002
390,1197,4.0,867075844
390,1198,5.0,867076002
390,1200,3.0,867076126
390,1201,3.0,867076211
390,1204,3.0,867076176
390,1210,5.0,867072919
390,1214,3.0,867076127
390,1221,5.0,867076211
390,1240,3.0,867076126
390,1242,2.0,867076211
390,1270,5.0,867075841
390,1275,3.0,867076176
390,1287,3.0,867076126
390,1291,3.0,867075844
390,1304,5.0,867076176
390,1320,3.0,867076294
390,1356,5.0,867073609
390,1363,3.0,867074252
390,1370,3.0,867076211
390,1371,3.0,867076211
390,1372,3.0,867076176
390,1373,3.0,867076243
390,1374,5.0,867076126
390,1375,3.0,867076176
390,1376,5.0,867076007
390,1377,3.0,867076243
390,1385,3.0,867076211
390,1393,5.0,867072979
390,1405,1.0,867075909
390,1409,4.0,867073723
390,1410,2.0,867074518
390,1429,4.0,867074292
390,1431,1.0,867074344
390,1459,3.0,867074406
390,1461,3.0,867074518
390,1463,4.0,867074777
390,1499,2.0,867074631
390,1513,3.0,867074680
390,1515,5.0,867074649
390,1527,3.0,867074406
390,1544,5.0,867074406
390,1562,3.0,867074905
390,2019,3.0,867076127
391,4,2.0,891534197
391,17,4.0,891533092
391,35,5.0,891533260
391,45,3.0,891533920
391,46,4.0,891534104
391,47,3.0,891533670
391,50,5.0,891533526
391,58,5.0,891532936
391,96,1.0,891532936
391,110,4.0,891533562
391,111,3.0,891534239
391,144,5.0,891533787
391,150,2.0,891533670
391,151,2.0,891533961
391,162,5.0,891533562
391,222,4.0,891534008
391,233,4.0,891534162
391,272,5.0,891533260
391,277,1.0,891533848
391,280,4.0,891533670
391,299,3.0,891532936
391,300,4.0,891533884
391,302,4.0,891533396
391,318,5.0,891533562
391,319,3.0,891532808
391,331,3.0,891533594
391,342,2.0,891533233
391,347,4.0,891534104
391,356,3.0,891533883
391,357,4.0,891533148
391,381,1.0,891533743
391,382,1.0,891534197
391,412,3.0,891534008
391,475,4.0,891533526
391,481,4.0,891534008
391,493,3.0,891533743
391,497,4.0,891533092
391,501,4.0,891532848
391,506,3.0,891533291
391,508,2.0,891534008
391,509,5.0,891534357
391,515,5.0,891533055
391,521,4.0,891533848
391,522,5.0,891534357
391,527,5.0,891533562
391,531,4.0,891533260
391,534,5.0,891533260
391,535,5.0,891533624
391,537,3.0,891533920
391,555,4.0,891533920
391,587,1.0,891534197
391,590,3.0,891533670
391,592,3.0,891534069
391,728,5.0,891532936
391,778,5.0,891534357
391,838,4.0,891533291
391,892,5.0,891533210
391,924,3.0,891533670
391,1097,1.0,891533787
391,1131,4.0,891532976
391,1132,5.0,891533006
391,1171,3.0,891533743
391,1172,5.0,891534357
391,1175,5.0,891532881
391,1180,5.0,891533210
391,1183,5.0,891533414
391,1185,5.0,891533092
391,1190,1.0,891533210
391,1193,5.0,891534357
391,1199,2.0,891533562
391,1202,5.0,891534357
391,1204,3.0,891533526
391,1206,3.0,891533210
391,1207,5.0,891534357
391,1208,5.0,891534357
391,1212,5.0,891534357
391,1224,4.0,891532936
391,1225,5.0,891533594
391,1237,5.0,891533961
391,1243,4.0,891533055
391,1245,3.0,891533961
391,1246,3.0,891533920
391,1249,4.0,891533396
391,1254,5.0,891533526
391,1262,3.0,891533701
391,1263,5.0,891533701
391,1268,4.0,891534070
391,1271,4.0,891533884
391,1273,5.0,891533624
391,1276,5.0,891533624
391,1277,4.0,891532976
391,1279,3.0,891533884
391,1283,4.0,891533594
391,1287,4.0,891533920
391,1290,4.0,891533701
391,1293,4.0,891533526
391,1296,5.0,891533112
391,1298,1.0,891533787
391,1301,5.0,891533594
391,1302,3.0,891533884
391,1306,1.0,891534162
391,1344,2.0,891533624
391,1357,4.0,891532848
391,1419,3.0,891533055
391,1596,3.0,891534410
391,1611,5.0,891534069
391,1617,5.0,891532748
391,1641,4.0,891532748
391,1643,5.0,891534455
391,1673,3.0,891534410
391,1721,1.0,891532748
391,1722,3.0,891534410
391,2019,5.0,891534357
392,169,1.5,1226176992
392,605,4.0,1226176964
392,1104,3.0,1226176844
392,1203,3.0,1226177143
392,1566,2.0,1226176907
392,2137,3.5,1226176873
392,2329,4.5,1226177160
392,2567,2.0,1226176936
392,2747,2.0,1226177019
392,2858,4.0,1226177156
392,2926,4.0,1226176984
392,2959,4.0,1226177270
392,3034,2.0,1226176943
392,3157,3.0,1226176916
392,3273,1.0,1226176860
392,3791,1.5,1226177002
392,4973,4.0,1226177152
392,6296,3.5,1226177035
392,7361,4.0,1226177336
392,8784,4.0,1226176813
392,46976,3.0,1226177023
392,47382,4.0,1226177308
392,56949,3.0,1226177294
392,58107,1.0,1226177310
392,58559,4.5,1226177264
393,16,2.5,1058471878
393,187,3.5,1058472448
393,235,4.5,1058471666
393,432,1.5,1058471886
393,435,2.0,1058471824
393,497,4.0,1058471850
393,585,2.0,1058473252
393,589,1.0,1058472166
393,594,2.5,1058471705
393,728,3.5,1058472358
393,753,3.5,1058472578
393,801,3.0,1058473278
393,920,3.5,1058471838
393,934,2.0,1058472418
393,1010,1.5,1058472676
393,1027,1.5,1058473262
393,1079,3.0,1058471682
393,1120,4.0,1058472195
393,1206,3.5,1058471814
393,1208,4.0,1058471871
393,1230,4.5,1058471722
393,1247,4.0,1058471889
393,1387,4.0,1058471697
393,1394,4.5,1058471897
393,1527,3.5,1058471831
393,1580,1.5,1058472377
393,1584,3.5,1058471819
393,1923,3.5,1058472201
393,1968,4.0,1058471657
393,2453,1.5,1058472672
393,2683,2.5,1058471811
393,2706,3.5,1058471863
393,2747,2.0,1058472608
393,3104,3.5,1058472141
393,3977,2.5,1058472591
393,4936,3.0,1058472487
393,5065,1.5,1058473293
393,5673,4.0,1058472148
393,5820,4.5,1058472096
393,5917,1.5,1058472568
393,5954,3.5,1058472106
393,5992,4.0,1058472154
393,5995,4.5,1058472089
393,6333,2.5,1058472005
393,6367,4.5,1058472021
393,6380,5.0,1058471996
393,6428,3.0,1058472420
393,6436,4.0,1058472218
393,6466,4.0,1058472363
393,6477,3.0,1058472384
393,6503,2.5,1058472040
394,31,2.0,1297524887
394,32,4.0,1298378877
394,39,3.0,1298379688
394,47,4.0,1298379179
394,50,4.5,1297525294
394,95,3.0,1298379707
394,110,2.5,1298378793
394,165,4.0,1298378968
394,185,3.5,1298379917
394,208,1.5,1298379803
394,246,2.5,1297524856
394,256,3.5,1297524871
394,260,3.0,1298378889
394,277,2.5,1297524876
394,288,3.5,1298379893
394,296,4.5,1298378819
394,316,3.0,1298379015
394,318,3.0,1297525296
394,333,3.5,1297524836
394,344,1.5,1298378785
394,355,0.5,1297524890
394,357,3.5,1298379617
394,364,3.0,1298378951
394,367,0.5,1298379281
394,377,3.0,1298378869
394,380,3.0,1298379000
394,454,3.0,1298379824
394,500,3.5,1298379427
394,515,3.0,1297524852
394,527,0.5,1297525234
394,529,3.0,1297524846
394,585,2.0,1297524893
394,589,3.0,1298379101
394,590,2.0,1298378901
394,592,3.5,1298378754
394,597,3.5,1298379340
394,608,5.0,1298379775
394,648,4.5,1298379363
394,733,4.0,1298379043
394,745,2.0,1297525155
394,750,3.5,1297525141
394,780,3.0,1298378956
394,838,4.5,1297525192
394,858,3.0,1298379411
394,899,3.5,1297524879
394,912,3.5,1297525265
394,914,3.5,1297524899
394,926,3.0,1297525299
394,1060,2.0,1297524913
394,1089,3.0,1298379567
394,1092,3.0,1297524813
394,1136,4.5,1297525144
394,1148,2.0,1297525158
394,1196,4.0,1298378936
394,1197,5.0,1298379277
394,1198,4.0,1297525136
394,1203,3.0,1297525243
394,1207,2.0,1297525262
394,1210,3.5,1298379530
394,1213,3.5,1298379513
394,1221,3.0,1297525268
394,1240,3.0,1298379161
394,1258,3.5,1298379922
394,1263,0.5,1297524895
394,1265,4.0,1298379026
394,1270,4.0,1298378747
394,1285,5.0,1297524817
394,1291,4.5,1298379228
394,1293,1.5,1297524907
394,1333,4.0,1297524822
394,1375,3.5,1297524840
394,1449,4.0,1297604284
394,1517,3.5,1298379588
394,1527,4.0,1298379396
394,1580,4.0,1298379093
394,1721,2.0,1298378961
394,1747,2.0,1297524830
394,1784,3.5,1298379293
394,1968,4.5,1298379683
394,2000,4.0,1298379945
394,2028,1.0,1298378829
394,2115,4.0,1298379419
394,2174,3.0,1298379864
394,2291,3.0,1298379598
394,2396,4.0,1298379784
394,2571,5.0,1298378974
394,2628,4.0,1298378860
394,2683,3.5,1298379193
394,2716,3.5,1298379167
394,2762,4.5,1298379110
394,2791,4.0,1298379649
394,2916,4.5,1298379366
394,2997,4.0,1298379033
394,3022,1.5,1297525167
394,3052,4.5,1298379931
394,3307,1.5,1297525164
394,3481,4.5,1298379798
394,3507,4.0,1297603435
394,3623,3.5,1298379536
394,3793,4.0,1298378941
394,3948,3.5,1298379874
394,3996,2.5,1298378898
394,4027,3.5,1298379870
394,4306,5.0,1298378932
394,4350,1.0,1297603765
394,4795,2.0,1297525178
394,4886,3.0,1298378769
394,4896,4.5,1298379235
394,4963,5.0,1298379351
394,4993,2.0,1298379006
394,5008,2.0,1297525240
394,5378,4.0,1298379097
394,5418,4.0,1298379053
394,5445,4.5,1298379058
394,5637,1.5,1297603666
394,5752,3.0,1297603671
394,5816,4.5,1298379584
394,5850,0.5,1297549437
394,5989,3.5,1298379183
394,6077,4.5,1297604697
394,6125,4.5,1297604675
394,6365,4.5,1298379213
394,6600,1.0,1297549404
394,6644,0.5,1297604043
394,6711,3.0,1298379010
394,6808,0.5,1297604002
394,6874,4.0,1298379035
394,7058,3.0,1297603770
394,7147,2.0,1298379667
394,7361,4.5,1298378823
394,7419,4.0,1297604034
394,7438,3.5,1298378778
394,7502,1.5,1297525251
394,7505,0.5,1297603192
394,7762,3.0,1297603004
394,7833,4.5,1297604385
394,7934,3.0,1297604014
394,8167,1.0,1297603355
