411,2439,3.0,944933263
411,2501,4.0,944933658
411,2541,1.0,944933914
411,2570,5.0,944933658
411,2707,4.0,944931606
411,2710,1.0,944931770
411,2762,4.0,944931405
411,2858,4.0,944931405
411,3006,5.0,944931515
411,3076,3.0,944929012
412,1,4.0,993088074
412,19,3.0,993091327
412,27,3.0,993089400
412,39,3.0,993088307
412,50,4.0,993087974
412,110,3.0,993088283
412,140,4.0,993088995
412,185,3.0,993090479
412,193,2.0,993092131
412,231,3.0,993090296
412,260,3.0,993086295
412,296,3.0,993088001
412,318,2.0,993087893
412,337,2.0,993088545
412,339,4.0,993089721
412,342,3.0,993090153
412,344,3.0,993089460
412,360,3.0,993091678
412,361,3.0,993088385
412,364,4.0,993088420
412,367,4.0,993089642
412,370,3.0,993091164
412,377,3.0,993088492
412,420,3.0,993091692
412,500,3.0,993088722
412,550,2.0,993086487
412,588,4.0,993088492
412,619,3.0,993091065
412,662,1.0,993090278
412,708,3.0,993086584
412,736,4.0,993089149
412,754,4.0,993091533
412,784,1.0,993090715
412,804,3.0,993090278
412,805,3.0,993088349
412,832,3.0,993089134
412,833,1.0,993091607
412,837,3.0,993089965
412,912,2.0,993086331
412,1027,3.0,993089134
412,1043,3.0,993086357
412,1060,3.0,993088618
412,1210,3.0,993086382
412,1265,2.0,993088088
412,1377,4.0,993090003
412,1393,5.0,993088243
412,1407,5.0,993088739
412,1409,1.0,993090362
412,1485,3.0,993088722
412,1513,4.0,993089935
412,1527,2.0,993088739
412,1544,2.0,993090729
412,1562,1.0,993092269
412,1569,4.0,993086407
412,1580,3.0,993088739
412,1608,2.0,993089435
412,1612,1.0,993090704
412,1644,4.0,993090951
412,1676,3.0,993090117
412,1682,4.0,993088397
412,1704,3.0,993088047
412,1721,4.0,993088141
412,1722,4.0,993088673
412,1760,2.0,993092421
412,1769,1.0,993089991
412,1777,3.0,993088492
412,1784,3.0,993088442
412,1805,1.0,993089419
412,1821,3.0,993090153
412,1833,1.0,993090876
412,1835,5.0,993088602
412,1876,5.0,993089072
412,1895,2.0,993088602
412,1909,4.0,993088452
412,1917,4.0,993089783
412,2026,2.0,993091327
412,2028,4.0,993087974
412,2029,3.0,993089814
412,2107,3.0,993091327
412,2126,2.0,993090863
412,2188,1.0,993090278
412,2231,1.0,993089400
412,2279,3.0,993091557
412,2294,3.0,993088673
412,2316,1.0,993090362
412,2338,3.0,993091666
412,2355,3.0,993088141
412,2387,1.0,993090704
412,2396,3.0,993088141
412,2428,1.0,993090466
412,2433,2.0,993090208
412,2443,5.0,993088246
412,2447,4.0,993089167
412,2485,4.0,993089616
412,2490,3.0,993089616
412,2505,2.0,993090448
412,2539,1.0,993089351
412,2541,5.0,993089178
412,2546,3.0,993090235
412,2567,3.0,993088995
412,2568,1.0,993092210
412,2571,4.0,993088013
412,2572,2.0,993088442
412,2580,4.0,993086258
412,2581,3.0,993089178
412,2598,1.0,993091164
412,2605,4.0,993090208
412,2617,2.0,993086609
412,2622,3.0,993089513
412,2683,5.0,993089120
412,2687,3.0,993088514
412,2700,5.0,993088243
412,2702,2.0,993090224
412,2706,3.0,993088442
412,2719,2.0,993091135
412,2722,3.0,993090937
412,2724,3.0,993090603
412,2762,5.0,993088013
412,2763,4.0,993089339
412,2770,1.0,993090466
412,2805,3.0,993090614
412,2827,2.0,993091330
412,2840,3.0,993089826
412,2858,3.0,993088047
412,2861,3.0,993089586
412,2881,3.0,993089642
412,2888,1.0,993091054
412,2959,4.0,993088060
412,2961,4.0,993089377
412,3006,1.0,993088332
412,3052,4.0,993088648
412,3053,1.0,993090662
412,3081,3.0,993088514
412,3082,4.0,993089513
412,3114,4.0,993088001
412,3146,3.0,993090224
412,3148,3.0,993088283
412,3173,2.0,993090755
412,3174,1.0,993088602
412,3186,5.0,993088492
412,3225,1.0,993092830
412,3253,1.0,993089010
412,3255,5.0,993088309
412,3257,5.0,993091088
412,3273,4.0,993087483
412,3300,2.0,993087604
412,3316,1.0,993087748
412,3354,1.0,993087731
412,3408,5.0,993087309
412,3409,3.0,993087559
412,3452,3.0,993087693
412,3484,3.0,993087483
412,3511,1.0,993087814
412,3512,2.0,993087322
412,3534,2.0,993087498
412,3535,1.0,993087367
412,3536,3.0,993087218
412,3578,5.0,993087185
412,3598,2.0,993086955
412,3616,1.0,993087731
412,3617,3.0,993087266
412,3623,3.0,993087367
412,3646,1.0,993087604
412,3717,3.0,993087483
412,3743,2.0,993087791
412,3744,3.0,993087693
412,3751,3.0,993087309
412,3752,2.0,993087587
412,3753,4.0,993087218
412,3755,5.0,993087383
412,3785,2.0,993087604
412,3793,4.0,993087309
412,3798,4.0,993087604
412,3825,5.0,993087407
412,3826,1.0,993087802
412,3861,2.0,993087483
412,3893,1.0,993087337
412,3896,4.0,993087322
412,3897,3.0,993087185
412,3916,4.0,993086504
412,3948,3.0,993087337
412,3968,2.0,993087587
412,3969,5.0,993086515
412,3977,4.0,993086621
412,3981,1.0,993087703
412,3986,3.0,993086487
412,3994,1.0,993087266
412,3996,4.0,993087149
412,3998,2.0,993087550
412,3999,2.0,993086976
412,4011,4.0,993087185
412,4015,3.0,993087748
412,4016,5.0,993086504
412,4018,3.0,993086597
412,4019,3.0,993086526
412,4022,3.0,993087218
412,4023,4.0,993092799
412,4025,2.0,993086634
412,4034,3.0,993086916
412,4054,5.0,993092808
412,4069,3.0,993087383
412,4143,3.0,993087841
412,4148,2.0,993087309
412,4149,2.0,993087827
412,4161,3.0,993087383
412,4223,2.0,993086785
412,4228,3.0,993086769
412,4238,4.0,993086450
412,4239,3.0,993086341
412,4246,4.0,993086818
412,4255,2.0,993086882
412,4270,4.0,993086818
412,4299,2.0,993086769
412,4305,2.0,993086769
412,4306,4.0,993086769
412,4308,5.0,993086769
412,4310,5.0,993086785
412,4344,3.0,993086450
412,4367,3.0,993086818
413,6,5.0,850890598
413,7,5.0,850890598
413,17,3.0,850890557
413,25,4.0,850890557
413,52,3.0,850890657
413,62,4.0,850890557
413,95,4.0,850890557
413,112,3.0,850890598
413,141,3.0,850890557
413,494,3.0,850890598
413,648,4.0,850890557
413,694,3.0,850890772
413,708,4.0,850890657
413,733,5.0,850890598
413,736,3.0,850890557
413,780,4.0,850890557
413,786,4.0,850890657
413,800,4.0,850890737
413,832,4.0,850890737
413,852,4.0,850890772
413,1073,4.0,850890657
413,1356,5.0,850890708
414,21,4.0,1039390453
414,24,2.0,1039390286
414,28,4.0,1039390382
414,46,2.0,1039390453
414,288,2.0,1039390286
414,346,3.0,1039388921
414,380,2.0,1039390571
414,439,1.0,1039390474
414,518,2.0,1039388961
414,524,3.0,1039390072
414,589,4.0,1039390645
414,612,3.0,1039390716
414,619,1.0,1039390171
414,700,2.0,1039390261
414,835,2.0,1039390382
414,907,4.0,1039388961
414,953,3.0,1039390537
414,969,5.0,1039390218
414,1056,3.0,1039390696
414,1113,2.0,1039390537
414,1221,5.0,1039388961
414,1244,4.0,1039390696
414,1321,4.0,1039390645
414,1466,3.0,1039390218
414,1507,3.0,1039390760
414,1552,1.0,1039390171
414,1636,1.0,1039390106
414,1668,2.0,1039390106
414,1684,4.0,1039390147
414,1876,1.0,1039390171
414,1912,4.0,1039390286
414,1952,4.0,1039390738
414,2028,2.0,1039390423
414,2134,3.0,1039388961
414,2141,3.0,1039388921
414,2250,3.0,1039388961
414,2337,2.0,1039390303
414,2359,3.0,1039390537
414,2369,4.0,1039390738
414,2427,3.0,1039390303
414,2793,1.0,1039390286
414,2942,3.0,1039390645
414,2962,3.0,1039390474
414,2983,4.0,1039390596
414,3097,3.0,1039390335
414,3099,3.0,1039388921
414,3101,3.0,1039388921
414,3102,3.0,1039390261
414,3113,1.0,1039390196
414,3240,2.0,1039390072
414,3268,1.0,1039390261
414,3395,3.0,1039390453
414,3481,3.0,1039388921
414,3534,2.0,1039390571
414,4021,4.0,1039390696
414,4025,2.0,1039390401
414,4081,1.0,1039390196
414,4130,1.0,1039390571
414,4148,1.0,1039390261
414,4161,1.0,1039390666
414,4177,2.0,1039390571
414,4181,4.0,1039390596
414,4203,1.0,1039390286
414,4316,1.0,1039390382
414,4333,3.0,1039390716
414,4345,2.0,1039390240
414,4367,3.0,1039390738
414,4420,2.0,1039390335
414,4527,3.0,1039390196
414,4550,2.0,1039390072
414,4559,1.0,1039390738
414,4578,2.0,1039390501
414,4623,2.0,1039390240
414,4881,4.0,1039390453
414,4932,3.0,1039390760
414,4973,5.0,1039390596
414,5646,4.0,1039390382
414,5651,3.0,1039390218
414,5816,4.0,1039390760
414,5834,3.0,1039390453
414,5969,2.0,1039390501
415,10,4.0,848984824
415,34,4.0,848984886
415,50,5.0,848984934
415,110,5.0,848984824
415,150,3.0,848984676
415,161,4.0,848984824
415,165,3.0,848984732
415,185,4.0,848984824
415,208,3.0,848984824
415,292,5.0,848984796
415,296,3.0,848984676
415,316,5.0,848984762
415,329,4.0,848984796
415,349,5.0,848984762
415,356,3.0,848984762
415,380,5.0,848984676
415,434,3.0,848984796
415,454,5.0,848984934
415,457,5.0,848984732
415,480,5.0,848984796
415,588,3.0,848984732
415,590,3.0,848984676
415,592,3.0,848984675
415,595,3.0,848984762
415,736,5.0,848984886
415,780,4.0,848984886
416,3,4.0,841447146
416,7,4.0,841447107
416,10,4.0,841446669
416,11,4.0,841446809
416,19,3.0,841446722
416,20,3.0,841447146
416,22,4.0,841446959
416,32,3.0,841446767
416,39,3.0,841446748
416,62,5.0,841446890
416,74,3.0,841447506
416,86,3.0,841447389
416,88,3.0,841447506
416,104,3.0,841447169
416,122,3.0,841447089
416,140,3.0,841447673
416,150,3.0,841446597
416,153,3.0,841446622
416,158,2.0,841447812
416,161,4.0,841446655
416,165,4.0,841446621
416,168,4.0,841446877
416,186,3.0,841446839
416,193,1.0,841446909
416,195,4.0,841447132
416,208,2.0,841446669
416,215,3.0,841447436
416,216,4.0,841447036
416,217,2.0,841447489
416,225,4.0,841446722
416,231,3.0,841446638
416,235,4.0,841446852
416,236,3.0,841447796
416,237,4.0,841446940
416,246,5.0,841447474
416,248,3.0,841447075
416,253,3.0,841446669
416,273,3.0,841446940
416,282,3.0,841446809
416,288,3.0,841446684
416,296,3.0,841446598
416,300,3.0,841446703
416,315,2.0,841446809
416,329,3.0,841446655
416,333,4.0,841446890
416,344,4.0,841446622
416,349,4.0,841446621
416,353,3.0,841446877
416,355,2.0,841446928
416,356,4.0,841446669
416,358,2.0,841447315
416,364,3.0,841446703
416,367,3.0,841446722
416,368,3.0,841446909
416,370,3.0,841446940
416,376,3.0,841447006
416,377,3.0,841446722
416,380,3.0,841446598
416,381,4.0,841447018
416,382,3.0,841447124
416,419,3.0,841447075
416,420,3.0,841446733
416,432,3.0,841446794
416,433,3.0,841447466
416,434,3.0,841446655
416,435,3.0,841446767
416,437,3.0,841447169
416,440,3.0,841446795
416,442,3.0,841446821
416,445,1.0,841447518
416,450,4.0,841447307
416,454,3.0,841446684
416,457,4.0,841446638
416,466,3.0,841446959
416,474,5.0,841446839
416,480,3.0,841446684
416,481,3.0,841447200
416,489,1.0,841447183
416,500,3.0,841446733
416,508,4.0,841446862
416,511,3.0,841447307
416,520,2.0,841446970
416,524,4.0,841447183
416,539,4.0,841446767
416,540,2.0,841447064
416,543,4.0,841447054
416,550,3.0,841447192
416,585,3.0,841446890
416,586,3.0,841446748
416,587,3.0,841446748
416,589,3.0,841446703
416,592,3.0,841446597
416,593,4.0,841446638
416,594,3.0,841446959
416,597,4.0,841446748
416,648,3.0,841446919
416,733,4.0,841447006
416,736,3.0,841446909
416,765,3.0,841447458
416,780,3.0,841446992
416,784,2.0,841447211
416,786,4.0,841447169
416,788,3.0,841447659
416,802,3.0,841447544
416,805,4.0,841447352
416,1012,5.0,841447686
416,1020,3.0,841447518
417,1,3.5,1112585993
417,104,2.5,1112466691
417,110,5.0,1112585177
417,158,0.5,1112466844
417,161,3.5,1112672392
417,165,3.0,1112747157
417,260,4.0,1112672233
417,261,3.5,1112672396
417,349,4.0,1112747042
417,356,4.0,1112585205
417,457,4.0,1112586264
417,529,4.5,1112672352
417,588,0.5,1112587463
417,608,4.0,1112586065
417,780,4.0,1112672278
417,832,5.0,1112466760
417,903,4.0,1112466859
417,920,3.0,1112585245
417,923,3.5,1112466737
417,1035,3.5,1112466812
417,1036,3.5,1112747159
417,1090,4.5,1112585040
417,1125,4.0,1112587585
417,1136,4.0,1112587228
417,1148,4.0,1112466897
417,1196,4.0,1112585174
417,1197,4.5,1112587073
417,1198,3.5,1112747069
417,1210,4.0,1112585202
417,1222,3.5,1112585196
417,1224,4.5,1112585225
417,1250,4.0,1112466870
417,1265,4.5,1112586232
417,1272,4.0,1112585180
417,1278,4.5,1112587249
417,1288,4.5,1112466774
417,1304,4.0,1112466724
417,1370,3.5,1112747161
417,1393,4.0,1112670612
417,1449,4.0,1112585880
417,1527,2.0,1112466546
417,1580,4.0,1112672321
417,1608,4.0,1112747039
417,1610,4.0,1112466642
417,1687,4.0,1112747169
417,1693,4.0,1112793266
417,1792,3.5,1112586281
417,1923,0.5,1112466554
417,1950,4.0,1112670630
417,1961,5.0,1112466551
417,2028,5.0,1112585168
417,2054,0.5,1112466783
417,2081,0.5,1112466863
417,2109,4.0,1112587403
417,2324,5.0,1112586305
417,2359,4.0,1112587140
417,2403,4.0,1112585629
417,2427,2.0,1112585356
417,2502,3.5,1112587086
417,2571,4.5,1112586925
417,2628,2.5,1112672236
417,2671,4.0,1112672330
417,2683,0.5,1112466563
417,2797,3.5,1112587412
417,3006,4.0,1112585096
417,3066,3.0,1112585254
417,3100,3.5,1112586323
417,3114,3.5,1112585996
417,3360,4.0,1112670596
417,3362,4.0,1112587294
417,3507,4.5,1112587246
417,3551,4.5,1112672411
417,3578,4.0,1112585082
417,3751,3.5,1112587449
417,3753,3.5,1112672313
417,3911,4.5,1112585867
417,3988,3.5,1112672408
417,3994,4.5,1112746861
417,3996,4.5,1112585931
417,4016,3.5,1112587600
417,4027,4.0,1112586094
417,4103,5.0,1112585232
417,4225,4.0,1112587324
417,4306,4.5,1112466695
417,4361,5.0,1112587425
417,4499,4.5,1112587149
417,4506,4.0,1112747273
417,4585,3.5,1113102216
417,4857,4.0,1112585745
417,4886,4.0,1112587211
417,4901,4.5,1112746965
417,4958,1.5,1112585379
417,4963,4.5,1112587090
417,4993,4.5,1112586031
417,5010,4.5,1112585229
417,5014,4.5,1112586396
417,5107,3.0,1112585446
417,5110,3.5,1112586121
417,5152,3.5,1112585256
417,5349,4.5,1112672480
417,5377,5.0,1112585891
417,5378,2.5,1112672234
417,5428,3.0,1112585799
417,5502,4.0,1112746876
417,5602,4.0,1112587495
417,5611,4.5,1112585110
417,5945,4.5,1112587196
417,5952,4.5,1112586035
417,5991,0.5,1112587468
417,5995,5.0,1112585139
417,6213,4.0,1112747192
417,6365,3.5,1112587034
417,6377,4.0,1112587070
417,6539,4.0,1112587077
417,6598,5.0,1112585690
417,6662,4.5,1112587362
417,6663,4.0,1112587384
417,6863,4.0,1112587164
417,6934,3.0,1112587042
417,6947,4.0,1112585216
417,7090,4.0,1112585949
417,7132,4.0,1112587275
417,7143,3.0,1112585220
417,7152,4.0,1112585712
417,7153,4.5,1112586033
417,7348,4.0,1112586252
417,7980,3.5,1112585207
417,8360,4.0,1112587083
417,8376,4.5,1112836778
417,8596,4.0,1112587420
417,8636,4.5,1112672482
417,8730,4.5,1112585284
417,8783,4.5,1112746891
417,8798,4.5,1112586338
417,8827,4.5,1112587215
417,8961,4.5,1112585653
417,8984,4.5,1112587107
417,30883,2.0,1112586139
417,32587,3.5,1113187399
418,1,3.5,1132180691
418,2,2.0,1132178551
418,10,2.5,1132178305
418,47,3.5,1132178233
418,48,3.0,1132180974
418,95,3.5,1132178363
418,150,4.0,1132178166
418,153,2.0,1132178218
418,158,4.0,1132176938
418,339,4.5,1132178340
418,344,2.5,1132698132
418,350,3.5,1132178607
418,356,4.5,1132178150
418,357,3.5,1132178296
418,364,4.5,1135358410
418,367,3.0,1132178265
418,377,3.0,1132178203
418,380,4.0,1132178172
418,434,3.5,1132178314
418,442,3.0,1132178601
418,480,5.0,1132178153
418,500,3.0,1132178260
418,586,4.0,1132178448
418,589,3.5,1132178177
418,590,3.5,1132698071
418,592,3.0,1132698067
418,597,5.0,1132178252
418,648,3.5,1132178198
418,673,1.5,1132177287
418,733,4.0,1132178246
418,736,4.0,1132178226
418,778,0.5,1132178665
418,780,4.5,1132178180
418,783,3.5,1132180927
418,805,4.0,1132176971
418,1032,2.0,1132180821
418,1088,5.0,1132177250
418,1092,3.0,1132177216
418,1240,2.5,1132178369
418,1380,3.5,1135031757
418,1407,3.5,1135031771
418,1416,2.5,1132180298
418,1446,3.5,1132179507
418,1527,3.5,1132178522
418,1562,1.5,1135029619
418,1566,3.0,1132180897
418,1580,4.0,1132178344
418,1645,3.5,1132180274
418,1688,4.0,1132180783
418,1704,3.5,1132178537
418,1721,4.5,1132178349
418,1722,3.0,1132177114
418,1835,4.0,1132180632
418,1882,3.5,1132180397
418,1923,2.5,1132178542
418,1961,3.5,1132178483
418,2080,3.5,1132180739
418,2167,3.5,1132180257
418,2324,4.5,1132179425
418,2470,3.0,1142087569
418,2471,3.5,1142087572
418,2571,4.0,1132178269
418,2572,5.0,1132177302
418,2617,4.0,1132180586
418,2687,5.0,1132180707
418,2701,1.0,1132177294
418,2706,4.0,1132178674
418,2762,3.5,1132178322
418,3155,3.5,1132178687
418,3408,4.0,1132178769
418,3452,4.5,1132696245
418,3512,3.0,1132696659
418,3578,4.5,1132178477
418,3717,5.0,1132179839
418,3744,3.0,1132696257
418,3825,5.0,1132179861
418,3999,3.5,1132696472
418,4018,3.5,1132696889
418,4034,1.5,1132176929
418,4054,3.5,1132697000
418,4069,3.5,1132696986
418,4085,3.5,1132177360
418,4090,2.5,1132180919
418,4155,3.0,1132697467
418,4161,2.5,1132696267
418,4232,2.0,1132696413
418,4246,2.5,1132177315
418,4254,3.5,1142087561
418,4270,3.5,1132180575
418,4306,3.5,1132178049
418,4308,0.5,1132177349
418,4310,4.0,1132696149
418,4344,2.0,1132696167
418,4347,3.5,1132179511
418,4367,3.5,1132179791
418,4369,5.0,1132179825
418,4638,4.0,1132696405
418,4639,4.0,1132696969
418,4887,4.0,1132696426
418,4896,5.0,1132177706
418,4901,3.5,1132697579
418,4963,4.5,1132178766
418,4975,1.5,1132697198
418,4993,5.0,1132179265
418,4995,4.5,1132178868
418,5151,3.0,1132697192
418,5218,5.0,1145867932
418,5313,1.5,1132180555
418,5349,2.5,1132695990
418,5387,4.5,1132179760
418,5414,5.0,1132180211
418,5444,5.0,1132179738
418,5445,3.5,1145914524
418,5459,3.5,1132696190
418,5507,3.5,1132696203
418,5628,4.0,1132179413
418,5816,4.5,1132177702
418,5872,3.5,1132696145
418,5952,4.5,1132179269
418,6218,4.0,1132179420
418,6365,3.5,1132178843
418,6377,5.0,1132177253
418,6537,3.0,1132696183
418,6539,3.5,1132177148
418,6595,4.0,1132696174
418,6874,1.5,1132696099
418,6934,3.5,1132696138
418,6942,5.0,1132178790
418,6952,3.5,1136824773
418,7005,2.0,1132180429
418,7149,4.5,1132178833
418,7153,5.0,1132177102
418,7154,4.0,1132696875
418,7265,3.0,1132697329
418,7293,4.0,1132178852
418,7325,3.5,1132696211
418,7381,3.5,1132696551
418,8360,3.0,1132178749
418,8361,4.5,1132696160
418,8368,4.5,1132177704
418,8371,3.0,1132696230
418,8529,5.0,1132178794
418,8622,3.5,1132178019
418,8907,4.5,1132177974
418,8916,4.0,1132177897
418,8961,4.0,1134475732
418,8972,4.5,1132695969
418,8984,4.0,1132696195
418,30822,4.0,1132177859
418,31427,4.5,1142087655
418,31903,5.0,1132179365
418,32587,3.5,1132696089
418,33085,1.0,1138211258
418,33145,4.0,1133507957
418,33615,3.5,1132868408
418,33679,4.0,1132178882
418,33794,4.0,1135029471
418,34162,4.0,1132177761
418,34532,3.5,1132177824
418,35957,4.0,1132177615
418,37727,4.0,1133507895
418,40339,3.5,1135358277
418,40614,4.0,1142087523
418,40815,4.5,1134475774
418,42007,3.5,1142087510
418,43836,1.5,1145048460
418,44022,4.5,1145048288
418,45447,4.5,1148507443
419,1,4.5,1110049948
419,21,3.5,1110050033
419,34,4.0,1110049997
419,50,4.0,1110050211
419,105,3.5,1110049610
419,342,4.5,1110049577
419,508,4.5,1110050281
419,527,4.5,1110050485
419,590,3.5,1110050258
419,647,3.5,1110049682
419,783,4.0,1110049648
419,858,3.5,1110050220
419,1293,4.5,1110049704
419,1304,4.5,1110050163
419,1641,4.5,1110050097
419,1682,3.0,1110050494
419,1722,2.5,1110049673
419,1784,3.0,1110049993
419,2001,2.5,1110049620
419,2054,3.0,1110049594
419,2167,3.5,1110049694
419,2302,4.5,1110049581
419,2321,3.0,1110049974
419,2539,4.0,1110049732
419,2762,4.5,1110050489
419,2959,2.0,1110050471
419,3039,3.5,1110049746
419,3114,3.5,1110049966
419,3408,3.5,1110050655
419,3481,3.5,1110050145
419,3623,2.5,1110049655
419,3751,3.0,1110050640
419,3911,3.0,1110049737
419,3948,4.0,1110050477
419,3977,3.5,1110049667
419,4886,3.5,1110049687
419,5299,3.5,1110050673
419,5377,3.0,1110050378
419,5572,3.5,1110050009
419,5876,4.5,1110050633
419,5991,3.0,1110050002
419,5992,4.0,1110050697
419,6218,4.0,1110050060
419,6331,4.5,1110050577
419,6539,2.5,1110050369
419,6870,4.5,1110050595
419,6942,3.5,1110049983
419,7153,3.5,1110050202
419,8360,3.5,1110050382
419,8961,4.5,1110050125
420,32,4.0,892821557
420,107,4.0,892822150
420,126,3.0,892823079
420,144,4.0,892822057
420,181,1.0,892823124
420,249,2.0,892824744
420,342,5.0,892821852
420,355,3.0,892823100
420,362,5.0,892822813
420,480,2.0,892822895
420,497,4.0,892821791
420,529,5.0,892821062
420,531,3.0,892823039
420,541,4.0,892820411
420,552,5.0,892822126
420,562,4.0,892821791
420,593,2.0,892821021
420,594,3.0,892822895
420,595,4.0,892822843
420,596,3.0,892822956
420,616,3.0,892822895
420,661,3.0,892823002
420,750,5.0,892820643
420,828,4.0,892823039
420,898,5.0,892820829
420,903,5.0,892820793
420,904,5.0,892820870
420,907,3.0,892820411
420,908,4.0,892820829
420,910,4.0,892820870
420,912,3.0,892820643
420,913,3.0,892821369
420,914,3.0,892821460
420,923,4.0,892820829
420,945,4.0,892820363
420,953,3.0,892820960
420,1017,3.0,892823002
420,1023,5.0,892822813
420,1025,5.0,892822813
420,1027,3.0,892822895
420,1028,5.0,892822922
420,1029,3.0,892822922
420,1031,4.0,892822956
420,1032,4.0,892822956
420,1035,5.0,892822895
420,1073,5.0,892822922
420,1079,5.0,892821791
420,1080,4.0,892821498
420,1097,4.0,892822843
420,1103,3.0,892821524
420,1104,4.0,892821295
420,1125,4.0,892821852
420,1136,4.0,892820683
420,1150,4.0,892821398
420,1188,5.0,892821852
420,1193,4.0,892820960
420,1196,4.0,892820643
420,1197,5.0,892820683
420,1198,4.0,892820583
420,1200,4.0,892823261
420,1207,3.0,892820545
420,1214,4.0,892821498
420,1217,4.0,892821146
420,1219,5.0,892823261
420,1220,5.0,892821936
420,1224,5.0,892820870
420,1225,5.0,892820683
420,1230,3.0,892821460
420,1231,4.0,892821062
420,1234,4.0,892821936
420,1235,4.0,892821936
420,1247,4.0,892824777
420,1250,3.0,892821339
420,1259,5.0,892821725
420,1264,5.0,892821090
420,1266,4.0,892823202
420,1269,3.0,892820683
420,1270,4.0,892821936
420,1272,3.0,892821460
420,1275,4.0,892824374
420,1278,4.0,892821976
420,1280,4.0,892824515
420,1282,3.0,892821557
420,1288,5.0,892821791
420,1291,3.0,892821751
420,1302,3.0,892821146
420,1303,4.0,892820683
420,1304,5.0,892821999
420,1307,4.0,892821936
420,1333,4.0,892823226
420,1374,4.0,892823226
420,1380,2.0,892822259
420,1394,2.0,892821976
420,1405,1.0,892822303
420,1411,4.0,892820363
420,1704,4.0,892820141
420,1721,2.0,892820141
420,5060,3.0,892821424
421,1,2.0,835170129
421,11,5.0,835170327
421,34,3.0,835170160
421,39,3.0,835170225
421,110,5.0,835170129
421,150,4.0,835169969
421,151,4.0,835170327
421,158,3.0,835170469
421,160,1.0,835170225
421,165,2.0,835170005
421,168,3.0,835170548
421,173,1.0,835170259
421,186,3.0,835170356
421,236,3.0,835170289
421,252,2.0,835170328
421,253,2.0,835170100
421,261,3.0,835170381
421,265,2.0,835170469
421,266,3.0,835170191
421,292,3.0,835170070
421,293,1.0,835170356
421,300,3.0,835170129
421,315,1.0,835170259
421,316,5.0,835170037
421,317,2.0,835170160
421,318,5.0,835170037
421,337,4.0,835170289
421,339,3.0,835170070
421,344,1.0,835170005
421,349,5.0,835170004
421,350,4.0,835170469
421,356,4.0,835170289
421,364,3.0,835170225
421,377,4.0,835170548
421,380,3.0,835169969
421,410,2.0,835170129
421,432,2.0,835170259
421,434,2.0,835170070
421,440,3.0,835170356
421,454,4.0,835170225
421,457,4.0,835170100
421,480,1.0,835170327
421,588,3.0,835170004
421,589,2.0,835170469
421,590,5.0,835169969
421,593,3.0,835170100
421,595,3.0,835170037
422,1,5.0,980859727
422,25,5.0,980859792
422,34,4.0,980859748
422,36,5.0,980859727
422,39,4.0,980860120
422,62,3.0,980860203
422,70,3.0,980860306
422,163,4.0,980860614
422,296,5.0,980859486
422,300,4.0,980860098
422,314,5.0,980860034
422,318,5.0,980859511
422,356,4.0,980859825
422,377,4.0,980860586
422,480,3.0,980859968
422,509,5.0,980860316
422,539,3.0,980860336
422,589,3.0,980859748
422,593,5.0,980859598
422,597,4.0,980860598
422,608,5.0,980859486
422,671,4.0,980859486
422,745,5.0,980859598
422,848,3.0,980860368
422,858,4.0,980859294
422,902,5.0,980859307
422,999,5.0,980860034
422,1060,4.0,980859698
422,1089,5.0,980859525
422,1092,4.0,980860353
422,1094,4.0,980860072
422,1148,5.0,980859539
422,1183,5.0,980860560
