460,3489,3.5,1072838359
460,3499,3.0,1072836693
460,3505,4.5,1072838964
460,3526,4.0,1072837463
460,3624,4.0,1072839072
460,3638,3.5,1072838603
460,3671,4.0,1072837173
460,3683,4.0,1072837032
460,3707,4.0,1072838310
460,3751,4.5,1072837373
460,3791,4.0,1072838446
460,3882,4.0,1072839097
460,3897,4.0,1072836615
460,3911,4.5,1072836512
460,3949,1.5,1072837142
460,3983,4.0,1072836750
460,3987,3.0,1072838689
460,3988,2.5,1072837948
460,3996,4.0,1072836473
460,4002,3.5,1072836685
460,4011,4.0,1072837272
460,4027,4.5,1072836571
460,4029,4.5,1072839031
460,4039,2.0,1072838708
460,4116,3.5,1072836464
460,4226,5.0,1072836360
460,4232,4.0,1072839207
460,4235,3.5,1072837301
460,4396,4.0,1072837863
460,4447,4.0,1072839086
460,4467,2.5,1072836847
460,4474,2.5,1072837961
460,4621,1.5,1072837684
460,4641,4.0,1072836790
460,4660,4.5,1072838486
460,4700,3.5,1072837622
460,4816,4.0,1072839060
460,4855,4.0,1072836960
460,4886,3.5,1072836858
460,4973,5.0,1072836566
460,4979,4.0,1072836604
460,4993,3.5,1072836526
460,5012,2.0,1072837919
460,5013,4.5,1072839146
460,5034,4.0,1072836851
460,5303,3.5,1072838551
460,5308,1.5,1072837748
460,5377,4.0,1072836413
460,5444,4.5,1072837150
460,5460,4.0,1072838395
460,5500,4.0,1072837313
460,5504,2.5,1072839210
460,5505,4.0,1072839225
460,5507,4.5,1072837933
460,5574,2.5,1072838510
460,5650,4.0,1072836517
460,5902,4.0,1072836645
460,5952,4.5,1072836378
460,5991,4.5,1072837473
460,6104,4.5,1072836350
460,6238,2.0,1072837810
460,6296,4.0,1072839374
460,6299,2.5,1072837443
460,6525,3.0,1072838057
460,6539,5.0,1072836403
460,6591,3.5,1072837217
460,6618,4.0,1072836325
460,6711,4.5,1072836398
460,6796,3.0,1072836435
460,6807,4.0,1072836321
460,6850,3.5,1072838294
460,6863,3.0,1072836145
460,6870,3.5,1072836153
460,6936,4.5,1072836132
460,6942,4.0,1072836166
460,6957,3.5,1072836173
460,6979,5.0,1072836768
460,7153,4.5,1072836125
461,1,3.5,1090907386
461,4,1.5,1090908852
461,6,4.0,1091067217
461,7,0.5,1091049760
461,10,2.0,1090907439
461,11,1.5,1090907986
461,16,3.0,1090908858
461,17,4.5,1091049784
461,18,1.5,1091959887
461,21,3.0,1091958515
461,22,2.0,1091958962
461,25,2.5,1090908000
461,29,3.5,1091959504
461,31,2.0,1091959143
461,34,3.5,1091958458
461,36,3.0,1091958547
461,39,4.5,1090908007
461,44,0.5,1090908838
461,47,5.0,1090907975
461,48,2.0,1091958954
461,50,4.0,1090908012
461,60,2.0,1091959553
461,62,2.5,1091958551
461,70,2.0,1090908842
461,71,0.5,1090907750
461,101,3.5,1090908846
461,104,3.5,1091958722
461,105,2.5,1091959001
461,110,4.0,1091958415
461,111,3.5,1091958595
461,122,1.5,1090907623
461,141,2.0,1090907982
461,144,1.5,1091959648
461,150,3.0,1090907363
461,153,0.5,1091049746
461,158,1.0,1090908806
461,160,1.5,1090908017
461,161,2.5,1091958488
461,163,3.0,1090907465
461,165,2.5,1091958446
461,168,2.0,1091958914
461,173,1.5,1091958758
461,176,2.5,1093224586
461,180,4.0,1090908822
461,185,2.0,1090908002
461,193,1.5,1090907641
461,196,2.0,1091958809
461,203,2.0,1091959587
461,204,1.5,1091959070
461,207,2.5,1091959533
461,208,2.0,1091958543
461,222,2.5,1090908810
461,223,3.5,1090907978
461,225,1.0,1091958687
461,230,3.0,1090908819
461,231,3.0,1090908009
461,235,4.5,1091049742
461,236,4.0,1091958815
461,237,0.5,1091959192
461,246,4.0,1090907261
461,249,3.5,1091959597
461,253,2.5,1091958519
461,257,2.0,1091959859
461,260,4.5,1091958419
461,266,1.5,1090907996
461,282,1.0,1093225236
461,288,2.5,1090907961
461,289,2.0,1090908798
461,293,4.0,1091049771
461,296,4.5,1091958401
461,300,3.0,1090907432
461,303,4.0,1090908773
461,315,1.5,1091958838
461,317,2.0,1090907934
461,318,5.0,1091067335
461,322,3.5,1090908794
461,329,1.5,1091958464
461,333,4.0,1090907428
461,338,1.0,1091959697
461,339,2.5,1090907955
461,349,2.0,1091958440
461,353,3.0,1090907472
461,355,1.0,1093225282
461,356,4.0,1091958405
461,357,2.0,1091958511
461,364,1.5,1091049697
461,367,3.0,1090907400
461,368,2.0,1090907965
461,370,2.0,1090907293
461,372,3.0,1090908790
461,377,4.0,1090907939
461,380,2.5,1090907342
461,381,1.0,1091959652
461,413,1.5,1090908783
461,416,1.5,1090907763
461,420,0.5,1091049709
461,429,3.0,1090907731
461,432,1.5,1091049729
461,434,1.5,1091958494
461,440,2.5,1091958585
461,442,1.5,1091958649
461,454,2.5,1090907357
461,457,2.5,1090907943
461,466,0.5,1090907264
461,474,2.5,1090907949
461,477,3.0,1091959668
461,480,5.0,1090907970
461,485,2.0,1091958903
461,493,2.0,1090908747
461,494,2.0,1093224374
461,497,3.0,1091958698
461,500,1.5,1091049718
461,508,2.5,1091958635
461,515,3.5,1090908762
461,520,2.0,1091958977
461,527,4.0,1091958434
461,529,3.5,1090907302
461,539,3.5,1090907888
461,540,0.5,1090908750
461,543,3.5,1091049684
461,551,4.5,1091067353
461,553,4.0,1090907347
461,555,3.5,1091067229
461,562,2.5,1091959523
461,585,2.5,1091959085
461,586,2.5,1091958582
461,587,3.0,1090907892
461,588,4.0,1091048437
461,589,5.0,1091054289
461,590,4.0,1091958412
461,592,3.0,1090907922
461,593,5.0,1091958398
461,594,3.0,1091958666
461,595,4.5,1090907912
461,596,3.0,1090907374
461,597,4.5,1091958472
461,608,4.0,1090907926
461,613,2.5,1090907594
461,628,3.0,1090907272
461,647,1.5,1091959097
461,648,2.0,1090907899
461,653,2.0,1091958716
461,708,1.5,1091049723
461,720,4.0,1091959466
461,724,2.0,1091959271
461,733,2.0,1091958470
461,736,1.0,1091049731
461,745,4.0,1091959126
461,778,4.0,1090907894
461,780,1.5,1091958424
461,783,1.5,1091049691
461,784,3.0,1091049734
461,785,4.0,1091049726
461,786,1.5,1090907919
461,802,1.5,1091958788
461,805,1.5,1091958853
461,818,2.0,1090908766
461,832,1.5,1090908734
461,852,3.5,1090907306
461,858,5.0,1091049702
461,866,3.0,1090908728
461,899,3.5,1090908723
461,910,1.5,1093225270
461,912,4.5,1091958616
461,916,4.0,1090908719
461,919,3.5,1090907904
461,920,4.0,1091958704
461,923,4.0,1090907220
461,926,3.5,1090908706
461,934,2.5,1090908713
461,953,4.5,1091049645
461,994,3.0,1090907601
461,999,1.5,1090908710
461,1027,1.5,1091959657
461,1035,5.0,1090908676
461,1036,4.5,1090907884
461,1037,1.5,1091959449
461,1042,4.0,1091959251
461,1047,3.0,1091959182
461,1051,2.0,1093224789
461,1059,2.5,1091959206
461,1060,4.0,1090908693
461,1061,4.0,1090908690
461,1073,4.0,1091067366
461,1088,3.0,1090908700
461,1089,4.5,1091049663
461,1090,3.0,1091049668
461,1092,2.5,1091959130
461,1094,3.0,1091958878
461,1097,3.5,1091958497
461,1101,3.5,1091048590
461,1103,2.5,1091959792
461,1104,2.5,1091959684
461,1120,3.5,1091959260
461,1127,2.5,1091958692
461,1129,3.5,1090908681
461,1148,4.5,1090908671
461,1175,4.0,1091959780
461,1179,3.5,1090908678
461,1183,2.5,1090907879
461,1186,2.5,1091959548
461,1188,4.0,1090908695
461,1193,3.5,1091958579
461,1196,5.0,1091048596
461,1197,5.0,1090907881
461,1198,5.0,1090907839
461,1200,5.0,1090907871
461,1203,3.0,1091959413
461,1206,4.0,1090907852
461,1207,4.5,1091049660
461,1208,3.5,1091049656
461,1210,4.5,1091048443
461,1213,4.0,1091958641
461,1214,5.0,1090907842
461,1215,4.5,1091067274
461,1219,4.0,1090908660
461,1220,3.5,1090908657
461,1221,5.0,1090907858
461,1222,3.5,1090908652
461,1223,4.0,1091959821
461,1225,4.0,1091049649
461,1230,3.0,1091958748
461,1240,4.0,1091958562
461,1242,3.0,1090908648
461,1247,3.0,1090908643
461,1249,4.0,1091959257
461,1252,4.0,1090907377
461,1257,4.0,1091959921
461,1258,3.5,1091958792
461,1259,3.5,1091067185
461,1261,4.5,1091067356
461,1263,3.0,1091959188
461,1265,3.5,1090907864
461,1266,3.5,1091958937
461,1270,5.0,1091052198
461,1282,2.5,1091959080
461,1284,3.0,1091959826
461,1285,3.5,1090908618
461,1287,4.0,1091959281
461,1288,4.5,1091958859
461,1291,3.5,1091958612
461,1304,3.0,1091958768
461,1307,5.0,1090907845
461,1320,2.0,1090908615
461,1321,4.0,1091067271
461,1345,3.5,1090908635
461,1347,4.0,1091959693
461,1350,3.5,1090907560
461,1356,2.5,1091958599
461,1357,3.0,1090908607
461,1370,1.5,1090907237
461,1377,2.0,1091049675
461,1378,2.0,1091959622
461,1380,4.5,1090908624
461,1381,3.5,1090908626
461,1385,1.5,1091959705
461,1387,4.0,1091067342
461,1388,1.0,1090908610
461,1393,3.0,1090907866
461,1394,3.0,1091958736
461,1405,2.0,1093224473
461,1407,3.0,1090908603
461,1411,2.5,1090908593
461,1416,2.0,1090908564
461,1438,1.5,1091959717
461,1476,3.0,1090908573
461,1479,1.0,1091959329
461,1485,3.0,1090907338
461,1500,5.0,1090907258
461,1517,3.0,1091067176
461,1527,2.0,1091067290
461,1537,3.5,1090908587
461,1544,1.0,1090907287
461,1552,2.5,1091048486
461,1556,0.5,1090908576
461,1562,0.5,1091959495
461,1569,1.5,1091959147
461,1573,3.0,1090908570
461,1580,2.0,1091958557
461,1584,2.0,1091048488
461,1586,2.0,1090907573
461,1587,2.5,1090908584
461,1590,2.0,1090908567
461,1597,1.5,1090908521
461,1603,0.5,1090908548
461,1608,1.5,1090908539
461,1610,4.5,1091054287
461,1614,2.5,1090908517
461,1617,5.0,1090907868
461,1621,3.0,1090907709
461,1625,3.5,1090907350
461,1639,3.5,1091067268
461,1641,2.5,1091958772
461,1644,1.0,1091959789
461,1645,2.0,1091959106
461,1673,4.0,1090908534
461,1678,2.5,1093224465
461,1682,2.5,1091067209
461,1688,2.5,1090907556
461,1690,2.0,1090908529
461,1704,4.5,1090907848
461,1711,0.5,1091959840
461,1717,1.5,1090908550
461,1721,4.0,1091048448
461,1722,1.5,1090908483
461,1729,3.5,1091959230
461,1732,3.5,1090908497
461,1735,1.5,1093224483
461,1748,3.5,1090907567
461,1777,3.0,1090908504
461,1779,1.5,1090908501
461,1784,3.5,1091958672
461,1792,1.0,1090908508
461,1805,2.0,1091959601
461,1831,1.0,1090908492
461,1882,0.5,1090908488
461,1895,3.5,1090909367
461,1907,2.0,1090908452
461,1909,2.0,1091959066
461,1912,4.5,1091959238
461,1918,2.0,1091959374
461,1921,3.0,1091959627
461,1923,3.0,1091048472
461,1954,3.5,1090908464
461,1958,2.0,1093224457
461,1960,3.0,1090908444
461,1961,3.0,1090907822
461,1968,4.5,1090907833
461,1970,1.0,1096527528
461,1972,1.0,1090909354
461,1982,3.5,1090907548
461,1983,1.5,1093224760
461,1994,3.5,1091959382
461,1995,1.0,1096527511
461,1997,4.5,1090908436
461,2000,4.0,1090908468
461,2001,3.0,1091959030
461,2002,2.0,1091959339
461,2003,3.5,1090908460
461,2005,4.0,1091959402
461,2011,2.5,1090907233
461,2012,2.5,1091958843
461,2028,3.5,1090907814
461,2067,2.5,1091959759
461,2076,3.5,1091959508
461,2081,5.0,1090908429
461,2088,0.5,1090908416
461,2092,0.5,1090909324
461,2094,2.5,1091959581
461,2100,2.5,1090908427
461,2105,2.5,1091959217
461,2108,2.0,1091959304
461,2115,4.0,1091958871
461,2118,3.5,1091067256
461,2122,2.0,1090909331
461,2124,2.0,1091959607
461,2125,2.0,1096527452
461,2134,3.5,1090908422
461,2139,2.0,1090908408
461,2144,4.5,1091052194
461,2145,3.5,1091959632
461,2167,3.0,1090908419
461,2174,3.0,1091958797
461,2193,3.0,1090908396
461,2194,3.5,1090908390
461,2231,3.0,1090908383
461,2240,2.5,1093224750
461,2245,3.0,1091959894
461,2248,3.5,1091067318
461,2262,1.0,1090909315
461,2268,2.5,1090907255
461,2269,2.0,1090909305
461,2273,3.0,1090907575
461,2278,3.0,1090908387
461,2288,2.5,1091067293
461,2291,4.0,1090907240
461,2294,1.5,1091959379
461,2302,2.5,1091958960
461,2320,2.0,1090907722
461,2329,3.0,1091959285
461,2333,3.5,1090908358
461,2335,3.0,1090908354
461,2336,2.0,1090907580
461,2346,2.0,1090909274
461,2355,3.5,1090907827
461,2369,3.5,1091959645
461,2373,1.5,1090907715
461,2376,1.5,1090909285
461,2389,0.5,1090909295
461,2394,2.0,1090908362
461,2395,4.0,1090907297
461,2396,3.0,1090907818
461,2409,3.0,1090908324
461,2410,3.5,1090907501
461,2420,3.5,1091959801
461,2422,1.5,1090909289
461,2424,1.5,1091959221
461,2427,1.0,1091959491
461,2446,1.0,1090907810
461,2455,4.0,1090908334
461,2470,2.0,1091959112
461,2473,1.0,1090909280
461,2485,2.5,1091959911
461,2496,2.5,1090908347
461,2497,1.0,1090909259
461,2502,4.0,1091959050
461,2505,1.0,1090909245
461,2513,2.0,1093224438
461,2539,2.0,1091959410
461,2541,2.5,1091959569
461,2542,4.0,1090908319
461,2571,4.5,1091958534
461,2580,3.5,1091067188
461,2581,2.0,1090908343
461,2599,3.5,1090908337
461,2616,3.5,1091959853
461,2628,1.5,1091958574
461,2640,4.0,1090908310
461,2641,3.5,1091959444
461,2642,1.0,1093224434
461,2643,0.5,1090909254
461,2671,3.5,1091959058
461,2687,2.0,1090908277
461,2699,2.5,1090908295
461,2700,4.5,1091958886
461,2706,2.5,1091958709
461,2710,2.5,1091958726
461,2716,4.5,1091052185
461,2717,1.0,1091959768
461,2719,1.5,1090908280
461,2722,2.5,1090908307
461,2723,3.0,1091959362
461,2734,1.5,1090909227
461,2735,2.0,1090908283
461,2761,4.5,1091067329
461,2762,4.5,1091958565
461,2770,1.5,1090907381
461,2787,2.0,1090907695
461,2791,5.0,1090907353
461,2792,2.5,1090908302
461,2797,3.5,1090908288
461,2804,3.5,1091067285
461,2858,2.0,1091958481
461,2871,2.0,1091959455
461,2872,3.5,1090907512
461,2881,1.0,1091959481
461,2891,2.5,1093224709
461,2908,2.5,1091959539
461,2915,3.0,1091067262
461,2916,3.0,1091067220
461,2918,4.5,1091958783
461,2953,0.5,1096527462
461,2959,5.0,1091067248
461,2968,3.0,1093225306
461,2985,4.5,1091048451
461,2986,1.0,1090907508
461,2987,4.0,1091067282
461,2989,1.5,1093224416
461,2997,4.0,1090907798
461,3005,2.0,1090908245
461,3006,3.5,1091959429
461,3016,3.5,1090907515
461,3020,2.0,1093224420
461,3033,3.0,1091959242
461,3039,5.0,1091052171
461,3044,2.5,1091067297
461,3081,2.5,1090908252
461,3082,1.0,1091959517
461,3087,2.0,1090908237
461,3101,2.5,1091959036
461,3107,3.0,1090907528
461,3113,1.0,1096527625
461,3114,3.5,1091958752
461,3147,3.5,1091959046
461,3155,2.0,1090909180
461,3157,2.0,1090908264
461,3160,3.5,1090908257
461,3175,3.0,1091067303
461,3176,2.5,1091958994
461,3182,3.0,1096527500
461,3186,2.5,1090909191
461,3203,3.5,1090907532
461,3210,4.0,1091067194
461,3246,3.5,1090907497
461,3249,1.5,1093224700
461,3250,2.0,1090909184
461,3251,1.5,1093224695
461,3253,4.0,1090908269
461,3255,3.0,1091959343
461,3256,2.5,1090908205
461,3259,1.0,1093224403
461,3263,2.5,1090908189
461,3270,4.0,1090909166
461,3317,3.0,1091959753
461,3334,3.5,1090907522
461,3354,0.5,1091959775
461,3408,4.0,1090907280
461,3409,2.5,1090908218
461,3418,4.0,1091959062
461,3424,3.0,1091959874
461,3438,3.5,1091052086
461,3452,2.5,1091052087
461,3478,2.5,1090907655
461,3480,2.0,1090909139
461,3481,4.0,1090908202
461,3489,1.0,1091959764
461,3499,3.5,1090908193
461,3504,3.5,1091052163
461,3510,1.5,1090907452
461,3513,2.0,1090909136
461,3527,3.5,1090908207
461,3528,1.5,1090909142
461,3535,3.0,1091959847
461,3536,3.0,1090908226
461,3578,3.5,1090907344
461,3591,3.5,1091052145
461,3608,4.0,1090908170
461,3617,2.0,1090907469
461,3623,1.5,1091048462
461,3699,2.5,1091052158
461,3701,2.0,1093224665
461,3702,3.5,1091052153
461,3703,4.0,1091052148
461,3712,2.0,1090909127
461,3723,3.0,1090909119
461,3751,4.0,1091958924
461,3752,2.5,1090908175
461,3755,2.0,1091959348
461,3785,0.5,1091959746
461,3791,4.0,1090907648
461,3793,2.0,1090908184
461,3798,2.5,1090908179
461,3841,0.5,1093225145
461,3863,1.0,1090907447
461,3868,4.0,1091067244
461,3893,2.5,1096527610
461,3895,0.5,1093224965
461,3896,3.5,1090909091
461,3897,4.0,1090908167
461,3911,3.0,1091959440
461,3948,2.5,1091959153
461,3949,4.0,1090908131
461,3959,3.5,1090909095
461,3967,2.5,1091959899
461,3968,1.0,1090907482
461,3977,3.5,1091959117
461,3980,1.5,1093224658
461,3993,2.5,1090909056
461,3994,2.5,1091959184
461,3996,4.0,1091958775
461,4002,3.0,1091049818
461,4010,3.5,1090909050
461,4011,4.5,1090908134
461,4019,1.5,1090908154
461,4020,3.0,1090907664
461,4022,3.5,1090907360
461,4025,2.5,1090908138
461,4027,4.0,1091959026
461,4033,3.5,1090909081
461,4034,2.5,1091048478
461,4062,1.5,1093224641
461,4066,3.5,1090909076
461,4069,1.0,1090909068
461,4084,3.5,1090909071
461,4085,4.5,1090908142
461,4091,2.0,1090909034
461,4105,4.0,1091067232
461,4128,3.5,1091049826
461,4132,4.0,1090907668
461,4148,3.0,1090908150
461,4159,0.5,1090909020
461,4210,4.0,1090907672
461,4214,3.5,1090909040
461,4226,4.5,1091048482
461,4238,1.5,1090909025
461,4246,4.5,1091049808
461,4291,2.0,1090909014
461,4306,3.0,1090907275
461,4308,4.0,1091959575
461,4310,1.0,1093224387
461,4321,4.0,1090908159
461,4343,1.0,1090907653
461,4370,2.0,1091049820
461,4447,3.5,1091049797
461,4465,3.0,1093224627
461,4478,3.0,1093224616
461,4564,1.0,1090908992
461,4571,3.5,1090908110
461,4603,0.5,1090907774
461,4621,2.5,1093224620
461,4638,1.5,1090908103
461,4666,1.5,1090908115
461,4673,3.0,1093224629
461,4720,3.5,1096527589
461,4734,2.5,1096527437
461,4792,0.5,1090908121
461,4816,2.0,1090907487
461,4846,3.0,1096527433
461,4865,3.0,1090907678
461,4876,0.5,1090907615
461,4878,3.0,1091067307
461,4896,3.5,1091959314
461,4951,2.5,1090908976
461,4963,3.0,1091959276
461,4973,4.5,1090908107
461,4975,1.0,1096527568
461,4979,4.5,1091049813
461,4993,4.5,1090908092
461,5010,3.0,1091052190
461,5013,2.5,1093224391
461,5015,1.5,1091049806
461,5025,1.5,1090908964
461,5049,3.5,1090908950
461,5066,1.5,1093224942
461,5103,3.0,1093224613
461,5254,3.0,1090908955
461,5308,2.0,1090908916
461,5349,4.0,1091959178
461,5357,3.0,1090908075
461,5377,3.5,1096527586
461,5378,0.5,1091049776
461,5388,4.0,1090908078
461,5418,3.5,1090908084
461,5445,3.5,1091959246
461,5500,5.0,1091067333
461,5502,3.0,1090908073
461,5540,3.5,1090908929
461,5617,3.5,1090907638
461,5618,4.0,1090908936
461,5679,4.5,1090907395
461,5754,2.0,1090908924
461,5782,4.0,1130133861
461,5810,3.5,1090908939
461,5816,3.0,1150092445
461,5952,4.5,1091959162
461,5989,3.0,1090908062
461,5991,2.5,1091049753
461,6003,2.0,1093224603
461,6016,3.5,1093225088
461,6058,2.0,1093224911
461,6157,1.5,1090907610
461,6201,2.5,1090908056
461,6250,1.5,1093224899
461,6323,2.0,1090908905
461,6333,3.5,1090908044
461,6365,2.0,1090908047
461,6377,4.5,1093224378
461,6476,3.0,1090908052
461,6502,4.0,1090908898
461,6503,1.0,1093224574
461,6534,2.5,1090907629
461,6539,3.5,1090908025
461,6796,2.5,1091052182
461,6857,3.5,1091067174
461,6874,4.0,1090908871
461,6934,2.0,1090908884
461,6942,4.0,1090908863
461,6944,2.5,1093224581
461,6947,3.0,1091067370
461,6979,3.5,1090908888
461,6983,3.5,1090908880
461,7022,3.5,1093224878
461,7036,3.0,1090907735
461,7090,3.5,1093225033
461,7153,5.0,1091049781
461,7171,2.5,1093225072
461,7373,3.5,1093225093
461,7386,4.5,1091052188
461,7438,4.0,1090908866
461,8368,4.5,1150092449
461,8464,3.5,1091052203
461,8636,4.5,1093225013
461,8665,4.0,1091958266
461,8722,1.0,1093225135
461,8783,3.5,1091958277
461,8798,4.5,1093225028
461,8807,3.0,1093225045
461,8874,4.0,1096527369
461,8961,4.5,1130133852
461,33679,3.5,1150092304
461,33794,4.0,1130133848
461,34048,3.5,1150092276
461,34405,4.0,1130133839
461,35836,4.0,1130133883
461,36519,3.5,1150092204
461,37733,3.5,1150091788
461,38038,4.5,1130133875
461,39183,3.5,1150091805
461,40629,3.5,1150092135
461,40815,4.5,1150092124
461,41566,3.0,1150091773
461,41569,4.0,1150091757
461,41716,3.5,1150092090
461,42728,3.0,1150092047
461,42730,3.0,1150092076
461,44191,3.5,1150091718
462,21,3.5,1115312737
462,104,4.5,1115312685
462,141,4.0,1115312652
462,180,3.0,1115312698
462,186,2.5,1115312258
462,246,4.0,1115312253
462,356,5.0,1115312512
462,357,3.0,1115312710
462,380,3.5,1115312581
462,440,2.0,1115312587
462,539,3.0,1115312628
462,543,2.5,1115312275
462,552,2.0,1115312284
462,587,3.5,1115312606
462,597,3.5,1115312616
462,785,3.5,1115312723
462,1042,2.0,1115312657
462,1265,3.0,1115312756
462,1372,3.0,1115312360
462,1376,3.0,1115312280
462,1396,2.5,1115312271
462,1476,3.0,1115312687
462,1500,3.0,1115312693
462,1517,5.0,1115312673
462,1580,4.0,1115312593
462,1625,5.0,1115312352
462,1639,3.0,1115312245
462,1784,3.5,1115312752
462,1923,5.0,1115312510
462,2001,5.0,1115312307
462,2100,3.5,1115312322
462,2108,3.0,1115312743
462,2302,4.0,1115312599
462,2321,3.5,1115312356
462,2324,4.0,1115312517
462,2353,3.5,1115312297
462,2596,1.0,1115312760
462,2657,3.0,1115312318
462,2671,2.0,1115312609
462,2699,3.0,1115312242
462,2706,4.5,1115312635
462,2858,5.0,1115312520
462,3052,3.0,1115312631
462,3174,3.0,1115312763
462,3175,2.0,1115312640
462,3176,3.5,1115312328
462,3253,4.0,1115312645
462,3255,3.0,1115312590
462,3261,3.5,1115312717
462,3977,3.0,1115312342
462,4321,3.5,1115312578
463,1,3.0,1049913385
463,7,4.0,1050499745
463,11,3.0,1049924343
463,17,4.0,1050499223
463,24,2.0,1050439270
463,25,3.0,1050499156
463,32,4.0,1050439203
463,39,3.0,1049924900
463,47,4.0,1049922469
463,48,3.0,1050499840
463,50,5.0,1049913552
463,52,4.0,1049913506
463,110,5.0,1049912928
463,132,2.0,1051643569
463,151,3.0,1050439020
463,160,1.0,1050439585
463,161,3.0,1050438983
463,168,3.0,1050499923
463,195,3.0,1050499745
463,222,4.0,1050499356
463,223,4.0,1049923845
463,225,3.0,1051643426
463,260,5.0,1049912928
463,266,4.0,1049912641
463,288,2.0,1051643535
463,292,3.0,1051643461
463,293,4.0,1050499156
463,296,3.0,1049913527
463,316,4.0,1050439429
463,318,5.0,1049913589
463,329,3.0,1050439353
463,339,3.0,1049924343
463,349,3.0,1051643331
463,350,3.0,1051643381
463,353,4.0,1049922660
463,356,3.0,1049924031
463,357,4.0,1049924002
463,377,3.0,1049922528
463,380,4.0,1049913914
463,442,2.0,1050439484
463,454,3.0,1051643381
463,457,3.0,1049913035
463,474,3.0,1049922649
463,480,4.0,1049913808
463,490,4.0,1051643301
463,509,3.0,1049912562
463,527,5.0,1049913608
463,539,3.0,1050499463
463,541,4.0,1051711344
463,551,4.0,1049924002
463,587,4.0,1050499745
463,588,4.0,1049913411
463,589,4.0,1049912983
463,590,5.0,1049913781
463,592,4.0,1049913831
463,593,5.0,1049913589
463,595,5.0,1049913411
463,597,2.0,1049912458
463,608,4.0,1049913631
463,610,4.0,1050439342
463,628,4.0,1051643257
463,647,3.0,1050439020
463,708,4.0,1050499651
463,733,3.0,1049922549
463,736,4.0,1050499784
463,786,1.0,1051643407
463,802,2.0,1050499553
463,832,3.0,1049922750
463,852,3.0,1050499553
463,858,5.0,1049912418
463,880,2.0,1050439606
463,904,4.0,1049922352
463,908,4.0,1049922352
463,914,4.0,1050499182
463,915,4.0,1049924031
463,916,4.0,1049924150
463,919,4.0,1050437796
463,920,4.0,1050438915
463,934,4.0,1049924281
463,1036,4.0,1049912983
463,1037,3.0,1050439528
463,1047,3.0,1051643302
463,1059,4.0,1050499307
463,1060,4.0,1049923908
463,1073,4.0,1049913808
463,1079,5.0,1049923865
463,1088,3.0,1050499697
463,1089,4.0,1049922382
463,1090,3.0,1050438959
463,1092,4.0,1051643302
463,1094,4.0,1050438959
463,1097,4.0,1050439234
463,1101,4.0,1050499441
463,1127,3.0,1049913889
463,1129,3.0,1049913946
463,1183,2.0,1050438983
463,1193,5.0,1049913608
463,1196,5.0,1049913725
463,1197,4.0,1049913012
463,1198,4.0,1049912458
463,1200,4.0,1049912948
463,1204,4.0,1049913752
463,1207,5.0,1049913536
463,1208,4.0,1050438898
463,1210,5.0,1049913035
463,1213,3.0,1049913645
463,1214,5.0,1049912817
463,1219,4.0,1049912817
463,1221,4.0,1049913552
463,1222,3.0,1050438983
463,1225,4.0,1049913589
463,1231,4.0,1051711318
463,1233,5.0,1049913589
463,1240,5.0,1049912983
463,1242,4.0,1050438927
463,1246,4.0,1051711660
463,1259,4.0,1049913764
463,1270,4.0,1050439203
463,1275,4.0,1050437828
463,1285,4.0,1049924814
463,1288,4.0,1049923796
463,1290,3.0,1050499553
463,1291,3.0,1049913035
463,1296,4.0,1050499463
463,1298,4.0,1050439086
463,1302,3.0,1051711442
463,1307,4.0,1049923880
463,1320,2.0,1050439396
463,1330,2.0,1051711851
463,1339,4.0,1050499713
463,1343,4.0,1051643331
463,1344,3.0,1049922406
463,1347,4.0,1051712004
463,1356,4.0,1049912677
463,1357,4.0,1050499426
463,1358,4.0,1049913619
463,1370,2.0,1049922750
463,1371,3.0,1050439369
463,1372,4.0,1049913977
463,1373,2.0,1049912677
463,1374,5.0,1049913844
463,1375,3.0,1050439370
463,1376,4.0,1049913889
463,1378,4.0,1051712195
463,1380,3.0,1049924932
463,1387,4.0,1049912817
463,1393,4.0,1050499307
463,1394,5.0,1049923865
463,1396,4.0,1050439234
463,1407,3.0,1049912875
463,1408,4.0,1050439035
463,1409,3.0,1050499697
463,1479,2.0,1050499724
463,1488,3.0,1051643438
463,1500,4.0,1049923880
463,1544,2.0,1050439528
463,1569,4.0,1050499356
463,1573,2.0,1049922819
463,1580,4.0,1049913889
463,1584,4.0,1050439251
463,1587,4.0,1051712437
463,1608,2.0,1049922869
463,1610,5.0,1049913035
463,1615,3.0,1051643353
463,1617,4.0,1049922367
463,1619,3.0,1050439020
463,1620,2.0,1051643257
463,1625,4.0,1049922469
463,1639,4.0,1050499223
463,1641,4.0,1049924256
463,1653,3.0,1049922649
463,1674,4.0,1049922424
463,1676,2.0,1050439110
463,1687,2.0,1051643493
463,1721,4.0,1050499369
