463,1732,3.0,1049922841
463,1748,4.0,1049922406
463,1777,4.0,1049924964
463,1889,3.0,1051643214
463,1892,3.0,1051643331
463,1909,2.0,1050439286
463,1914,4.0,1049912654
463,1921,4.0,1049922768
463,1957,4.0,1051711334
463,1959,4.0,1050499697
463,1960,4.0,1050438940
463,1961,3.0,1051711487
463,1962,4.0,1051711354
463,1965,3.0,1050439251
463,1968,4.0,1049912311
463,1974,3.0,1051712239
463,1982,4.0,1049912855
463,1983,3.0,1051712605
463,1984,1.0,1051712828
463,1994,4.0,1049922549
463,1997,4.0,1049912817
463,2000,4.0,1049924227
463,2001,4.0,1051711789
463,2006,3.0,1050437828
463,2011,2.0,1051711964
463,2012,1.0,1049912367
463,2013,4.0,1049913977
463,2020,4.0,1050499131
463,2028,4.0,1049912948
463,2054,3.0,1050439500
463,2058,3.0,1049922819
463,2081,4.0,1049913444
463,2088,1.0,1051712565
463,2100,3.0,1051643660
463,2105,4.0,1049913977
463,2115,3.0,1051711851
463,2119,1.0,1051712743
463,2122,2.0,1051712651
463,2134,3.0,1051712099
463,2138,4.0,1051643648
463,2141,3.0,1051712109
463,2143,3.0,1050499796
463,2144,3.0,1049924950
463,2145,3.0,1051711964
463,2146,4.0,1050499664
463,2155,3.0,1049924932
463,2164,1.0,1049912677
463,2174,3.0,1049924215
463,2193,3.0,1051643679
463,2194,5.0,1049912983
463,2245,3.0,1051711806
463,2248,3.0,1049923983
463,2262,3.0,1050499635
463,2263,3.0,1051712464
463,2288,3.0,1051711334
463,2289,4.0,1049923845
463,2311,4.0,1050439396
463,2316,3.0,1050499859
463,2321,4.0,1049924343
463,2329,4.0,1049912738
463,2334,3.0,1051643426
463,2352,3.0,1051711487
463,2355,4.0,1049913431
463,2359,3.0,1049923983
463,2369,2.0,1050499713
463,2371,4.0,1051711851
463,2375,2.0,1051712508
463,2376,3.0,1051712146
463,2378,4.0,1051712195
463,2391,4.0,1051643189
463,2393,3.0,1050439462
463,2396,5.0,1049923755
463,2403,4.0,1051712122
463,2404,2.0,1051712663
463,2406,3.0,1050499463
463,2407,3.0,1049924293
463,2410,3.0,1051712311
463,2411,3.0,1051712576
463,2420,3.0,1051711882
463,2421,2.0,1051712495
463,2422,1.0,1051712760
463,2423,4.0,1049912418
463,2450,1.0,1049912698
463,2455,4.0,1049912875
463,2470,3.0,1051711987
463,2471,1.0,1051712508
463,2497,2.0,1050499933
463,2502,5.0,1050499223
463,2505,2.0,1051643506
463,2513,4.0,1051712426
463,2529,4.0,1050439203
463,2541,2.0,1049912616
463,2542,3.0,1049922528
463,2551,4.0,1049912711
463,2571,5.0,1049912929
463,2599,4.0,1049924172
463,2617,2.0,1051643381
463,2622,4.0,1051643711
463,2628,1.0,1050439270
463,2640,4.0,1049913889
463,2641,4.0,1050439396
463,2657,3.0,1050439342
463,2664,4.0,1049912841
463,2671,3.0,1049924846
463,2706,3.0,1049924240
463,2716,4.0,1049923942
463,2717,2.0,1051712207
463,2724,2.0,1050499912
463,2735,3.0,1051712464
463,2761,4.0,1049913431
463,2762,4.0,1049922367
463,2791,4.0,1051711442
463,2795,4.0,1051711545
463,2797,4.0,1049923960
463,2803,3.0,1051643475
463,2804,5.0,1051711318
463,2858,5.0,1049913645
463,2871,4.0,1049913781
463,2875,3.0,1050499960
463,2890,4.0,1050438983
463,2908,3.0,1049912311
463,2916,2.0,1049922679
463,2918,4.0,1049923830
463,2942,3.0,1050499810
463,2985,4.0,1050439299
463,2987,1.0,1049913431
463,2989,4.0,1051711882
463,2997,2.0,1049923796
463,3005,1.0,1051643426
463,3018,3.0,1051711615
463,3039,4.0,1049924048
463,3052,2.0,1049923983
463,3081,4.0,1049912616
463,3087,3.0,1051711694
463,3098,3.0,1051711521
463,3101,4.0,1049922819
463,3102,4.0,1049922819
463,3175,3.0,1049913808
463,3176,2.0,1049922719
463,3185,3.0,1051214702
463,3210,4.0,1051711545
463,3249,3.0,1051643353
463,3253,4.0,1049924886
463,3256,3.0,1051643331
463,3257,3.0,1050499960
463,3259,3.0,1050499784
463,3260,4.0,1049912626
463,3263,2.0,1049912573
463,3317,4.0,1049924215
463,3361,4.0,1049924172
463,3408,4.0,1051210420
463,3412,4.0,1051711615
463,3421,4.0,1049923865
463,3422,4.0,1050499570
463,3441,4.0,1050439098
463,3479,3.0,1049913889
463,3481,4.0,1049923942
463,3489,1.0,1051643771
463,3505,4.0,1049922505
463,3519,4.0,1050439035
463,3525,3.0,1051712250
463,3527,4.0,1049922719
463,3528,3.0,1050499697
463,3534,3.0,1051214768
463,3552,4.0,1049924281
463,3555,3.0,1051214670
463,3556,2.0,1051210583
463,3578,5.0,1051210542
463,3591,3.0,1051711945
463,3608,2.0,1051711645
463,3623,2.0,1051214702
463,3638,3.0,1050499784
463,3686,4.0,1049922869
463,3693,4.0,1051712050
463,3698,3.0,1050439441
463,3702,4.0,1050439286
463,3703,4.0,1050439270
463,3704,4.0,1050439429
463,3706,2.0,1051711819
463,3740,2.0,1051712061
463,3751,4.0,1051210336
463,3752,3.0,1051215423
463,3753,3.0,1050439060
463,3755,3.0,1051214702
463,3763,3.0,1051711725
463,3791,3.0,1051712160
463,3793,4.0,1050439251
463,3798,3.0,1051215159
463,3825,2.0,1051215599
463,3844,4.0,1051711806
463,3863,4.0,1049923598
463,3897,4.0,1049923796
463,3911,4.0,1049924048
463,3917,3.0,1051712146
463,3952,4.0,1051210386
463,3967,4.0,1051210278
463,3977,2.0,1051214785
463,3988,1.0,1051215409
463,3994,4.0,1049922779
463,3996,4.0,1049912929
463,4002,3.0,1051711558
463,4007,4.0,1051711521
463,4014,4.0,1049924293
463,4020,3.0,1049922751
463,4022,4.0,1049913831
463,4025,2.0,1051214827
463,4027,5.0,1049913831
463,4029,3.0,1049924256
463,4034,5.0,1051210069
463,4036,4.0,1051210571
463,4041,3.0,1050499598
463,4084,3.0,1051712311
463,4085,4.0,1049924310
463,4103,4.0,1050438959
463,4128,4.0,1051711682
463,4132,3.0,1050499987
463,4148,2.0,1051215133
463,4149,3.0,1051215720
463,4161,2.0,1051215197
463,4214,4.0,1049912418
463,4223,4.0,1050439020
463,4226,5.0,1049913552
463,4238,2.0,1051215121
463,4246,4.0,1050499570
463,4262,3.0,1049912602
463,4299,4.0,1049913946
463,4306,5.0,1049913411
463,4308,5.0,1051210311
463,4321,3.0,1049913946
463,4344,2.0,1051215409
463,4361,3.0,1050499168
463,4370,1.0,1050439370
463,4378,2.0,1051210401
463,4444,4.0,1049912983
463,4447,3.0,1051214645
463,4448,3.0,1051210454
463,4478,4.0,1051711789
463,4487,2.0,1050499912
463,4489,3.0,1051712021
463,4508,4.0,1051711932
463,4535,3.0,1050499474
463,4543,3.0,1051711851
463,4571,4.0,1049913914
463,4618,2.0,1050439620
463,4623,3.0,1049924825
463,4641,2.0,1051210278
463,4643,1.0,1050439528
463,4681,2.0,1051711920
463,4720,4.0,1049912841
463,4734,3.0,1049924031
463,4776,3.0,1051214520
463,4809,3.0,1051711600
463,4814,2.0,1051215181
463,4823,2.0,1051214739
463,4835,2.0,1051711463
463,4844,3.0,1051210559
463,4848,4.0,1049912418
463,4880,4.0,1051210386
463,4881,3.0,1051210278
463,4886,4.0,1049913411
463,4896,3.0,1051210454
463,4901,3.0,1049922751
463,4903,4.0,1051210226
463,4932,2.0,1051711920
463,4941,2.0,1050439441
463,4963,4.0,1049924267
463,4973,4.0,1049923830
463,4975,3.0,1049922719
463,4979,3.0,1049924172
463,4993,5.0,1049913589
463,4995,4.0,1050499238
463,5010,3.0,1050439035
463,5013,4.0,1049924031
463,5111,3.0,1051643582
463,5171,2.0,1050439546
463,5172,1.0,1051550808
463,5237,4.0,1051712004
463,5265,4.0,1051214785
463,5266,4.0,1049922719
463,5294,4.0,1049922424
463,5299,4.0,1050499356
463,5303,3.0,1050499884
463,5349,4.0,1049913808
463,5377,4.0,1049923926
463,5378,3.0,1049913977
463,5388,3.0,1049913012
463,5400,3.0,1051214739
463,5415,3.0,1051214739
463,5418,2.0,1049922505
463,5445,2.0,1049913012
463,5463,2.0,1049913914
463,5464,3.0,1051210351
463,5481,1.0,1051215067
463,5502,4.0,1049922719
463,5540,3.0,1051643749
463,5620,3.0,1050499871
463,5679,5.0,1049912841
463,5693,3.0,1050499238
463,5694,3.0,1049912367
463,5812,4.0,1051550788
463,5816,4.0,1051210336
463,5859,3.0,1051712160
463,5944,1.0,1050439546
463,5952,4.0,1050437796
463,5970,4.0,1050499811
463,6078,3.0,1051712357
463,6303,4.0,1050439396
463,6308,3.0,1050499987
464,10,5.0,829911793
464,39,5.0,829912558
464,62,5.0,829911793
464,95,5.0,829911793
464,153,5.0,829912557
464,158,4.0,829912557
464,163,4.0,829912558
464,165,4.0,829912558
464,173,2.0,829912558
464,196,3.0,829912558
464,198,4.0,829912558
464,204,4.0,829912558
464,222,5.0,829912557
464,236,4.0,829912558
464,256,4.0,829912558
464,257,5.0,829912558
464,260,5.0,829912558
464,262,5.0,829912558
464,296,5.0,829912558
464,317,2.0,829912558
464,339,5.0,829912558
464,344,3.0,829912557
464,349,4.0,829912557
464,380,4.0,829912558
464,410,4.0,829912557
464,434,4.0,829912557
464,588,5.0,829912557
464,592,4.0,829912557
464,595,5.0,829912557
464,610,4.0,829911793
465,17,5.0,1170653276
465,39,4.5,1170653255
465,135,1.0,1170652740
465,327,3.0,1170652767
465,531,3.5,1170652746
465,542,0.5,1170652893
465,562,3.0,1170652771
465,661,4.0,1170653770
465,778,5.0,1170653457
465,838,5.0,1170653263
465,858,5.0,1170653592
465,1620,3.5,1170652847
465,1895,4.5,1170652934
465,1958,5.0,1170652812
465,2145,4.0,1170652763
465,2336,5.0,1170653408
465,2375,3.0,1170652879
465,2542,5.0,1170653427
465,2581,3.0,1170652760
465,2959,5.0,1170653589
465,3107,3.0,1170652734
465,3452,4.0,1170652906
465,3512,3.5,1170652951
465,3844,5.0,1170652953
465,4011,5.0,1170653455
465,4246,4.5,1170653260
465,4896,4.5,1170653605
465,4921,5.0,1170653523
465,4995,4.0,1170653526
465,5377,3.5,1170653517
465,5816,4.5,1170653563
465,6942,4.0,1170653399
465,27706,4.0,1170653646
465,30793,3.5,1170653609
465,31694,1.0,1170653280
465,34162,4.0,1170652940
465,38798,3.0,1170653612
465,40629,5.0,1170653266
465,40815,4.5,1170653520
466,1,5.0,944892273
466,2,3.0,944978286
466,25,3.0,945139829
466,34,4.0,944979430
466,36,3.0,945317020
466,39,4.0,944979604
466,41,4.0,945010502
466,48,3.0,944979236
466,50,4.0,945139638
466,150,4.0,945139757
466,153,2.0,944978804
466,223,5.0,944979917
466,246,5.0,945139311
466,260,5.0,944977176
466,296,4.0,945232550
466,316,2.0,945317266
466,318,5.0,945139349
466,329,3.0,944978286
466,333,4.0,945317313
466,344,2.0,944892302
466,357,5.0,944979809
466,364,5.0,944978989
466,381,3.0,944892303
466,440,2.0,944979745
466,480,4.0,944978157
466,497,5.0,945140540
466,500,4.0,945317187
466,527,5.0,945139349
466,539,3.0,945317137
466,541,3.0,945139801
466,586,4.0,945317291
466,588,4.0,944978924
466,589,3.0,945139738
466,592,4.0,944977911
466,594,5.0,944978924
466,595,5.0,944978989
466,596,5.0,944978924
466,608,4.0,945139883
466,616,5.0,944979057
466,627,3.0,949377348
466,648,1.0,944978339
466,674,1.0,944978060
466,678,4.0,945010704
466,709,3.0,944979109
466,761,4.0,944978548
466,783,4.0,944979109
466,848,4.0,945317247
466,858,5.0,944942987
466,898,5.0,944979430
466,899,5.0,945010461
466,903,4.0,944977399
466,904,5.0,944977273
466,912,5.0,944892273
466,919,5.0,944977223
466,923,5.0,944977357
466,940,5.0,944977694
466,953,5.0,945232758
466,954,5.0,945140415
466,1022,4.0,944979024
466,1023,5.0,944979109
466,1029,5.0,944979057
466,1036,4.0,945140034
466,1042,3.0,944980010
466,1050,4.0,945139263
466,1079,5.0,945139434
466,1091,2.0,945836678
466,1094,4.0,945139717
466,1097,5.0,945139864
466,1103,4.0,945140176
466,1104,4.0,945140034
466,1135,3.0,945836604
466,1196,4.0,944977696
466,1197,5.0,944977756
466,1198,5.0,944977696
466,1200,5.0,945232987
466,1203,4.0,945139663
466,1208,3.0,944942987
466,1210,4.0,944892303
466,1220,4.0,945836527
466,1221,4.0,944942987
466,1224,5.0,945139464
466,1231,4.0,945140071
466,1242,5.0,945233281
466,1256,5.0,944977176
466,1259,5.0,944977789
466,1265,4.0,944977357
466,1266,4.0,945139414
466,1269,5.0,944979858
466,1270,3.0,944979714
466,1282,3.0,944978924
466,1287,4.0,944977789
466,1288,4.0,945836302
466,1291,4.0,944977956
466,1297,2.0,945836436
466,1307,5.0,945140225
466,1321,3.0,945140445
466,1356,3.0,944978124
466,1358,4.0,945139801
466,1370,3.0,944892273
466,1371,3.0,944978761
466,1373,2.0,944978804
466,1374,5.0,944977834
466,1375,4.0,944978157
466,1376,4.0,944978060
466,1377,3.0,944978124
466,1378,3.0,945836657
466,1387,5.0,945139663
466,1394,4.0,944979714
466,1408,5.0,945317086
466,1544,3.0,944978490
466,1566,3.0,944979178
466,1580,3.0,944979604
466,1617,3.0,944977451
466,1639,5.0,945140370
466,1641,4.0,945139990
466,1663,4.0,945836436
466,1676,3.0,944978339
466,1688,5.0,944979201
466,1704,4.0,944892929
466,1784,4.0,945233032
466,1810,3.0,945139717
466,1883,3.0,945140106
466,1907,5.0,944978989
466,1917,2.0,944978367
466,1934,5.0,944979858
466,1947,5.0,945233333
466,1968,3.0,945836527
466,1997,4.0,945140225
466,2003,4.0,945836576
466,2005,1.0,944892273
466,2011,1.0,945836576
466,2018,5.0,944978989
466,2028,5.0,945139414
466,2054,3.0,944978287
466,2078,5.0,944979024
466,2080,5.0,944978924
466,2081,5.0,944979057
466,2085,5.0,944979024
466,2087,5.0,944978989
466,2088,3.0,944978416
466,2090,4.0,944979178
466,2100,2.0,945836527
466,2114,3.0,945317187
466,2115,4.0,944978124
466,2140,2.0,945317187
466,2141,3.0,944979109
466,2144,2.0,945836527
466,2145,2.0,945836576
466,2174,3.0,945836436
466,2193,2.0,944978060
466,2243,5.0,944979858
466,2245,3.0,945836576
466,2262,3.0,945836628
466,2321,2.0,944979943
466,2324,4.0,948124791
466,2352,3.0,945836302
466,2355,5.0,944979562
466,2369,3.0,945836628
466,2371,2.0,944892929
466,2384,3.0,944979562
466,2394,4.0,944898563
466,2395,4.0,944979809
466,2396,5.0,944897726
466,2405,4.0,945836657
466,2406,4.0,944977911
466,2414,4.0,944978287
466,2421,2.0,944978448
466,2427,4.0,945317187
466,2469,3.0,945836576
466,2470,3.0,945836657
466,2473,2.0,945836740
466,2478,3.0,945317332
466,2501,4.0,944898002
466,2506,4.0,947735412
466,2529,5.0,944892929
466,2539,3.0,944898563
466,2558,2.0,947735304
466,2571,2.0,944897726
466,2599,4.0,949377543
466,2617,4.0,944898945
466,2628,3.0,944978287
466,2640,4.0,944977834
466,2641,5.0,944978199
466,2642,2.0,944978804
466,2683,4.0,944898563
466,2687,5.0,944979024
466,2693,4.0,949377501
466,2700,3.0,944898002
466,2723,4.0,948339736
466,2736,4.0,945836604
466,2739,4.0,945010270
466,2746,5.0,945836527
466,2761,5.0,944897726
466,2762,4.0,945139829
466,2797,5.0,945317111
466,2863,4.0,944977483
466,2875,3.0,945317247
466,2915,2.0,945836527
466,2916,3.0,944977834
466,2918,5.0,945317053
466,2987,5.0,944977834
466,3034,4.0,944978989
466,3035,5.0,944980010
466,3037,4.0,945232758
466,3052,3.0,945316556
466,3060,4.0,944979810
466,3072,4.0,944979562
466,3088,5.0,944979604
466,3097,4.0,944977223
466,3108,5.0,945140225
466,3114,5.0,944978924
466,3130,2.0,945317420
466,3157,2.0,949377475
466,3175,2.0,948985208
466,3176,4.0,948339694
466,5060,3.0,944979604
467,43,4.0,939063188
467,155,3.0,939064184
467,223,2.0,939063188
467,341,4.0,939715642
467,432,2.0,939064322
467,523,4.0,941441316
467,590,5.0,942047345
467,608,5.0,939063829
467,858,4.0,939063829
467,903,5.0,939063829
467,928,5.0,939628293
467,1056,3.0,946094367
467,1093,3.0,939063537
467,1124,4.0,939064124
467,1213,4.0,939063829
467,1221,4.0,939063829
467,1236,4.0,942756581
467,1513,2.0,939063537
467,1537,4.0,942047345
467,1584,5.0,945642825
467,1645,4.0,941876931
467,1684,3.0,941440809
467,1704,5.0,939063829
467,1711,4.0,939064257
467,1721,5.0,939628293
467,1784,5.0,939063871
467,1923,4.0,939628293
467,2023,4.0,939064124
467,2062,3.0,939064124
467,2150,3.0,939064184
467,2154,4.0,939064040
467,2165,2.0,939628293
467,2166,4.0,941441316
467,2168,4.0,942047345
467,2188,3.0,939063634
467,2268,4.0,939063871
467,2336,3.0,939063365
467,2390,3.0,939063365
467,2395,4.0,939063188
467,2396,5.0,939063287
467,2424,4.0,939063871
467,2433,5.0,939063588
467,2434,5.0,939063365
467,2469,4.0,939064221
467,2501,2.0,939731054
467,2539,3.0,939731054
467,2567,4.0,939731054
467,2575,5.0,939628293
467,2580,4.0,939063365
467,2590,3.0,943804795
467,2599,4.0,943804714
467,2716,4.0,939063287
467,2724,4.0,939062828
467,2725,3.0,939062573
467,2762,4.0,939062479
467,2858,5.0,939062480
467,2881,4.0,939062746
467,2942,5.0,942047378
467,2950,4.0,939064363
467,2997,4.0,943804760
467,3051,3.0,945642349
467,3079,4.0,945642308
467,3083,4.0,945642308
467,3125,5.0,945642255
468,1,4.0,1296195523
468,2,2.0,1296195941
468,3,2.5,1296196738
468,6,3.5,1296195765
468,10,3.0,1296195616
468,11,2.0,1296195998
468,16,3.5,1296196073
468,17,3.5,1296195956
468,19,1.5,1296190090
468,21,2.5,1296195775
468,24,2.5,1296198402
468,25,3.0,1296195961
468,31,1.5,1296193889
468,32,3.0,1296189720
468,34,3.5,1296191457
468,39,3.0,1296195802
468,44,1.5,1296197500
468,47,3.5,1296195557
468,48,2.5,1296197205
468,50,3.0,1296195544
468,58,3.0,1296197114
468,62,2.5,1296195949
468,65,0.5,1296192303
468,88,1.5,1296192404
468,104,2.0,1296195992
468,107,3.0,1296202861
468,110,3.0,1296195515
468,111,4.0,1296193008
468,135,1.5,1296198467
468,150,3.0,1296191153
468,153,1.0,1296191749
468,158,2.0,1296197013
468,160,1.5,1296196963
468,162,4.0,1296194504
468,170,2.0,1296198261
468,185,1.5,1296195798
468,186,1.5,1296196975
468,203,2.0,1296201724
468,207,2.0,1296201591
468,208,2.0,1296195829
468,216,1.0,1296192291
468,231,2.5,1296195857
468,235,3.5,1296194040
468,236,2.5,1296197294
468,246,3.5,1296192936
468,252,2.0,1296197360
468,256,2.0,1296197456
468,260,3.5,1296195511
468,267,2.0,1296203339
468,272,3.0,1296189314
468,277,3.0,1296197473
468,288,2.0,1296195964
468,293,3.5,1296195959
468,296,3.5,1296193351
468,300,2.0,1296195914
468,316,2.0,1296195862
468,317,3.0,1296196112
468,318,3.5,1296195508
468,326,3.5,1296194633
468,329,2.5,1296195845
468,333,2.5,1296197322
468,337,3.5,1296196078
468,339,2.5,1296195759
468,344,1.5,1296190092
468,349,2.5,1296193229
468,356,3.0,1296195502
468,357,3.0,1296195824
468,361,2.5,1296201530
468,364,3.5,1296195563
468,367,1.5,1296195850
468,368,2.5,1296196081
468,374,1.5,1296202971
468,376,3.5,1296201581
468,377,3.0,1296195553
468,412,3.0,1296190264
468,414,2.0,1296190297
468,419,1.5,1296202988
468,432,2.5,1296197193
468,434,2.5,1296195806
468,435,2.5,1296197828
468,440,2.0,1296193814
468,441,3.0,1296198091
468,448,2.5,1296203891
468,455,1.0,1296189301
468,457,3.5,1296195518
468,468,3.0,1296198280
468,471,4.0,1296197444
468,480,2.5,1296195506
468,485,2.5,1296196866
468,491,2.0,1296198827
468,497,3.0,1296197502
468,500,2.5,1296195860
468,515,3.5,1296197314
468,520,3.0,1296196841
468,524,3.0,1296202903
468,529,2.5,1296197336
468,531,3.0,1296198340
468,535,3.5,1296193365
468,539,3.0,1296195834
468,541,3.5,1296192468
468,543,2.5,1296196868
468,552,2.5,1296196849
468,556,3.5,1296194029
468,585,2.5,1296197475
468,586,2.5,1296195816
468,587,2.5,1296195620
468,588,2.5,1296190323
468,590,3.0,1296195538
468,593,3.0,1296195504
468,594,4.0,1296195986
468,595,3.0,1296191868
468,596,4.0,1296197806
468,597,2.5,1296195620
468,608,4.0,1296194220
468,620,2.5,1296199712
468,637,2.0,1296201316
468,648,3.0,1296195559
468,653,1.5,1296196202
468,661,3.5,1296197346
468,673,1.5,1296198305
468,708,2.5,1296196118
468,719,2.5,1296189306
468,736,2.0,1296195864
468,750,4.0,1296195260
468,778,4.0,1296195929
468,780,2.0,1296195532
468,783,2.5,1296197177
468,784,2.5,1296196231
468,785,2.5,1296197541
468,788,1.5,1296196026
468,802,2.0,1296197017
468,806,3.0,1296190588
468,830,2.0,1296198094
468,837,3.0,1296201324
468,838,3.0,1296198033
468,858,4.0,1296194661
468,880,2.5,1296201837
468,898,3.5,1296194423
468,899,3.5,1296197466
468,902,2.5,1296197947
468,903,4.0,1296192976
468,904,4.0,1296192883
468,905,3.5,1296199970
468,908,4.0,1296192909
468,909,3.5,1296191139
468,910,4.0,1296194280
468,911,3.0,1296193334
468,912,3.5,1296195226
468,913,4.0,1296194904
468,914,3.0,1296197426
468,919,4.0,1296195947
468,920,4.0,1296196172
468,922,3.5,1296194892
468,923,5.0,1296192929
468,924,4.5,1296189688
468,926,3.5,1296190443
468,928,3.5,1296194480
468,930,4.0,1296192853
468,932,3.0,1296190207
468,933,3.5,1296201686
468,936,3.5,1296199981
468,942,3.0,1296193029
468,946,4.0,1296193059
468,947,4.5,1296193047
468,950,4.0,1296194543
468,951,4.0,1296194668
468,952,2.5,1296191215
468,953,3.5,1296193401
468,954,4.0,1296202951
468,955,4.0,1296194214
468,963,3.0,1296197724
468,965,4.5,1296189906
468,968,4.0,1296198267
468,970,3.0,1296191843
468,1019,2.5,1296189669
468,1020,3.0,1296193912
468,1021,2.5,1296190944
468,1022,3.0,1296197936
468,1025,3.0,1296201301
468,1027,2.0,1296198132
468,1028,3.5,1296197564
468,1029,3.5,1296198021
468,1035,3.5,1296196767
468,1036,2.5,1296195826
468,1042,3.0,1296189275
468,1059,3.0,1296197953
468,1069,3.0,1296194882
468,1073,3.5,1296195616
468,1076,3.5,1296195263
468,1077,2.5,1296198388
468,1078,3.0,1296191622
468,1079,2.5,1296196006
468,1080,4.0,1296193304
468,1081,2.5,1296202915
468,1084,3.0,1296193124
468,1086,3.5,1296194399
468,1088,2.0,1296197222
468,1089,3.0,1296195762
468,1090,3.0,1296196238
468,1094,3.0,1296196769
468,1095,3.5,1296198556
468,1097,3.5,1296195616
468,1103,3.5,1296193354
468,1104,3.5,1296201445
468,1120,2.5,1296197182
468,1124,3.0,1296201539
468,1127,3.0,1296190072
468,1129,2.5,1296197914
468,1132,3.0,1296194685
468,1136,4.0,1296193302
468,1148,3.5,1296194299
468,1172,3.0,1296189281
468,1178,4.0,1296192859
468,1183,3.0,1296196125
468,1185,3.0,1296198702
468,1189,4.0,1296192871
468,1193,4.0,1296194420
468,1196,3.0,1296195546
468,1197,3.5,1296195620
468,1198,3.5,1296195555
468,1199,4.0,1296196908
468,1200,3.0,1296190426
468,1203,4.0,1296189616
468,1204,4.0,1296194359
468,1207,3.5,1296194493
468,1208,4.0,1296191149
468,1209,3.5,1296194369
468,1210,3.5,1296195535
468,1211,4.0,1296194070
468,1212,4.5,1296192832
468,1213,4.0,1296195967
468,1214,3.5,1296190431
468,1219,4.5,1296194530
468,1221,4.0,1296195788
468,1222,4.0,1296196016
468,1224,3.5,1296193075
468,1225,3.5,1296190544
468,1228,4.0,1296194533
468,1230,3.5,1296191046
468,1231,3.5,1296198739
468,1233,3.5,1296194210
468,1234,3.0,1296196675
468,1235,3.5,1296189327
468,1237,3.5,1296195280
468,1240,3.0,1296195627
468,1243,3.0,1296203189
468,1244,3.5,1296189330
468,1245,4.0,1296194317
468,1246,2.5,1296196003
468,1247,3.5,1296194188
468,1248,4.0,1296194728
468,1250,4.0,1296194455
468,1252,4.0,1296192895
468,1253,3.5,1296201383
468,1254,4.0,1296193013
468,1256,4.5,1296193113
468,1257,3.0,1296192094
468,1258,4.0,1296195907
468,1260,5.0,1296192901
468,1262,3.5,1296194223
468,1263,4.0,1296198036
468,1265,3.5,1296195618
468,1266,3.5,1296194068
468,1267,3.5,1296194365
468,1269,3.0,1296191226
468,1270,3.0,1296191518
468,1272,3.5,1296193317
468,1276,3.5,1296194257
468,1278,3.5,1296197128
468,1281,4.0,1296194462
468,1282,3.5,1296197111
468,1283,3.0,1296194348
468,1284,3.5,1296192222
468,1287,2.5,1296192003
468,1288,4.0,1296194241
468,1291,3.0,1296195832
468,1292,3.5,1296191965
468,1293,3.5,1296198016
468,1295,3.0,1296202684
468,1296,3.0,1296198487
468,1297,2.5,1296201853
468,1300,2.5,1296194055
468,1302,2.5,1296197574
468,1303,4.0,1296193043
468,1304,3.5,1296196188
468,1305,3.5,1296194476
468,1333,4.0,1296192320
468,1339,2.5,1296197431
468,1340,3.5,1296194501
468,1344,3.5,1296201521
468,1347,2.5,1296198042
468,1348,4.0,1296194693
468,1350,2.5,1296202984
468,1366,2.5,1296202656
468,1367,1.5,1296189597
468,1380,3.0,1296196152
468,1387,3.5,1296195895
468,1391,3.0,1296196130
468,1393,2.0,1296195944
468,1394,3.5,1296196499
468,1396,2.5,1296198300
468,1399,2.5,1296203549
468,1405,3.0,1296191881
468,1407,2.5,1296196061
468,1408,2.5,1296197483
468,1409,2.0,1296198285
468,1411,3.5,1296198166
468,1419,3.5,1296194099
468,1431,1.5,1296192113
468,1438,2.5,1296198513
468,1449,3.5,1296198834
468,1464,4.0,1296203038
468,1479,2.5,1296198464
468,1485,2.0,1296196084
468,1499,1.5,1296190775
468,1515,2.0,1296202884
468,1517,2.0,1296191383
468,1527,2.5,1296196220
468,1544,2.5,1296198162
468,1552,2.0,1296196496
468,1556,1.0,1296202845
468,1562,1.5,1296191733
468,1566,2.5,1296198855
468,1569,1.5,1296198207
468,1580,3.0,1296195618
468,1584,3.0,1296195883
468,1586,1.5,1296198317
468,1591,1.5,1296203203
468,1592,1.0,1296190286
468,1610,2.5,1296195893
468,1617,3.0,1296193403
468,1625,3.0,1296198384
468,1645,2.0,1296196755
468,1649,4.0,1296194115
468,1653,3.5,1296196056
468,1672,2.5,1296201597
468,1674,3.0,1296197888
468,1676,1.5,1296196504
468,1682,3.5,1296195925
468,1688,2.5,1296190790
468,1701,3.0,1296201760
468,1704,3.0,1296195795
468,1721,2.5,1296195616
