470,1569,2.0,1232976250
470,1748,2.5,1234089096
470,1967,3.5,1234089064
470,2010,3.5,1234090198
470,2097,3.5,1234089620
470,2105,3.0,1232976259
470,2167,2.0,1234089775
470,2173,2.5,1233101119
470,2488,2.5,1234091095
470,2746,3.0,1232976327
470,2867,2.5,1234089747
470,3221,4.0,1234090094
470,3264,4.5,1234089769
470,3435,3.0,1234089005
470,3521,4.0,1234090931
470,4128,3.0,1234089735
470,4195,4.0,1234089614
470,4720,3.0,1234089830
470,4970,3.5,1234090254
470,5146,4.0,1234089731
470,5489,3.5,1234089713
470,6541,3.5,1234089133
470,6754,2.5,1234089804
470,6987,3.5,1234090225
470,7013,3.5,1234088977
470,7051,4.0,1234089205
470,7064,5.0,1234088884
470,7068,3.0,1234090970
470,7099,4.0,1234089187
470,7454,3.0,1234089139
470,7587,4.0,1234088998
470,7766,3.5,1234088990
470,7943,3.0,1234088918
470,25763,2.0,1234090452
470,25771,0.5,1234088858
470,26265,3.5,1234089609
470,31658,4.5,1234089113
470,56757,3.0,1233101039
471,1,3.5,1239658613
471,2,3.0,1239744723
471,10,4.5,1257634439
471,150,4.5,1239659215
471,186,3.0,1239660559
471,260,5.0,1239657317
471,292,3.0,1251234423
471,356,4.0,1239659177
471,364,4.0,1239658695
471,376,3.5,1256074188
471,377,2.5,1239747156
471,380,3.5,1239660804
471,405,4.0,1239745349
471,480,3.5,1239657778
471,520,3.0,1239744640
471,527,4.0,1239744571
471,541,3.5,1239658389
471,586,2.5,1239746516
471,588,3.5,1239657561
471,589,4.5,1239660784
471,593,4.5,1239657270
471,594,4.5,1239658699
471,597,3.5,1239660592
471,736,3.0,1239659730
471,750,3.5,1239744365
471,780,3.0,1239745466
471,788,4.0,1239744794
471,919,3.5,1239748140
471,1022,4.0,1239658549
471,1023,4.0,1239656893
471,1028,3.5,1239659905
471,1029,3.5,1239744686
471,1032,4.0,1239748285
471,1047,2.5,1239746311
471,1059,2.5,1239658026
471,1080,4.5,1239658491
471,1101,3.5,1239745150
471,1136,4.5,1239658483
471,1196,4.0,1239657313
471,1198,4.0,1239659104
471,1200,4.5,1239744162
471,1201,4.5,1239660052
471,1206,2.5,1239659293
471,1210,4.5,1239657316
471,1214,4.0,1239744126
471,1219,4.0,1239746697
471,1222,4.0,1239660261
471,1233,4.0,1239745386
471,1240,5.0,1239660764
471,1246,3.5,1239744889
471,1250,3.5,1239660529
471,1258,4.5,1239744402
471,1262,4.0,1239657957
471,1291,4.5,1239659095
471,1320,3.5,1239744160
471,1333,3.5,1239656616
471,1342,2.5,1273433548
471,1387,3.5,1239659673
471,1388,3.0,1239659679
471,1544,3.0,1239657788
471,1566,3.5,1239744307
471,1580,3.0,1239746608
471,1587,4.0,1239660791
471,1610,4.0,1239746081
471,1616,3.5,1251742975
471,1665,3.5,1239656916
471,1707,3.0,1239746521
471,1721,3.5,1239745055
471,1722,3.5,1239658268
471,1779,3.0,1239748574
471,1923,3.5,1239744111
471,1954,4.5,1239658937
471,1974,3.0,1257192629
471,1991,2.5,1251235025
471,1992,2.0,1251235027
471,2018,4.5,1239658727
471,2028,4.0,1239657723
471,2051,3.0,1239747129
471,2078,4.0,1239658529
471,2081,3.0,1239660100
471,2115,4.0,1239659099
471,2124,3.5,1239659790
471,2214,3.5,1239746718
471,2253,3.5,1239656852
471,2291,4.0,1239744653
471,2355,3.5,1239658644
471,2376,4.5,1239653323
471,2383,3.0,1239653515
471,2409,4.0,1239658941
471,2410,4.0,1239658944
471,2427,3.5,1239745267
471,2459,3.5,1239657993
471,2513,2.5,1251234319
471,2514,2.0,1251234322
471,2549,2.0,1239659244
471,2571,3.0,1239661583
471,2600,1.0,1239653036
471,2628,3.0,1239657333
471,2671,3.5,1239660577
471,2706,3.5,1239657816
471,2710,2.0,1242510718
471,2716,3.0,1239745876
471,2719,2.0,1239656754
471,2724,3.5,1239660621
471,2803,3.5,1239660612
471,2903,3.5,1252616421
471,2947,4.5,1239657888
471,2948,4.5,1239658229
471,2949,4.0,1239654135
471,2959,4.0,1239660016
471,2985,4.0,1239744192
471,2989,4.0,1239658246
471,2990,4.0,1239653243
471,2991,4.0,1239658257
471,2993,4.0,1239653227
471,2995,2.0,1239745915
471,3034,4.0,1239658691
471,3082,3.5,1239656484
471,3114,3.0,1239658616
471,3147,4.5,1239659208
471,3262,3.5,1239745821
471,3398,3.0,1239747500
471,3412,3.5,1239744693
471,3527,4.0,1239660788
471,3578,4.0,1239660447
471,3633,4.5,1239658261
471,3635,4.0,1239658239
471,3638,4.5,1239658271
471,3639,4.5,1239658253
471,3654,3.5,1239997882
471,3702,4.5,1239657373
471,3703,4.5,1239657379
471,3704,4.0,1239657372
471,3821,3.5,1239744787
471,3824,3.5,1239659839
471,3827,3.5,1239747476
471,3849,4.0,1239746832
471,3948,3.5,1257192129
471,3984,4.5,1239658242
471,4005,4.0,1239994806
471,4022,5.0,1239659224
471,4124,2.5,1239659683
471,4148,4.5,1239657857
471,4214,3.5,1239660308
471,4223,4.5,1239995095
471,4306,3.5,1239658687
471,4310,2.5,1239746343
471,4370,3.5,1239745224
471,4718,3.5,1239657822
471,4886,4.0,1239658637
471,4949,2.0,1258156955
471,4958,3.0,1243722294
471,4993,5.0,1239657163
471,5218,4.5,1239657436
471,5299,3.5,1273433502
471,5378,3.5,1239657331
471,5459,3.0,1239747191
471,5479,4.0,1239746405
471,5528,3.5,1239744959
471,5630,4.5,1239659013
471,5669,4.0,1239745443
471,5679,4.0,1239660141
471,5830,3.5,1239748297
471,5872,3.5,1239994833
471,5952,4.5,1239657172
471,6242,4.0,1240526829
471,6281,3.0,1239994768
471,6286,4.0,1239657417
471,6377,3.5,1239658634
471,6379,2.5,1239657228
471,6537,3.5,1239660796
471,6664,4.5,1239660749
471,6979,3.5,1239659311
471,6990,4.0,1239745654
471,7149,3.5,1239744530
471,7153,5.0,1239657177
471,7569,4.5,1239658236
471,7570,4.0,1239658275
471,7573,4.0,1239746091
471,7809,3.5,1239998003
471,7980,3.5,1239657710
471,8361,3.0,1239747411
471,8404,4.0,1239748611
471,8493,4.0,1239997936
471,8526,3.0,1239745995
471,8528,3.0,1239744057
471,8581,4.0,1239659267
471,8589,4.0,1239745403
471,8622,3.5,1239745452
471,8640,3.0,1239747305
471,8783,2.5,1239744296
471,8957,3.5,1239743874
471,26007,4.5,1239745513
471,26393,3.5,1239745344
471,26403,4.5,1239660152
471,27075,3.0,1239659793
471,30825,3.0,1257192566
471,33493,4.0,1239657326
471,33615,4.0,1239657547
471,39052,3.0,1239654916
471,39446,4.0,1251234851
471,43391,3.0,1239657649
471,44022,3.5,1239653591
471,44301,4.0,1239657402
471,44317,2.0,1239655660
471,48877,3.5,1273433592
471,51662,4.0,1239745570
471,52644,2.5,1273433521
471,54272,4.0,1251743437
471,55577,3.5,1273433596
471,57528,4.5,1239660709
471,59615,3.5,1239659091
471,62999,3.5,1239657548
471,66246,4.5,1239657588
471,66317,4.0,1256074834
471,69644,4.5,1251234352
472,1,5.0,939004597
472,6,3.0,994737953
472,7,2.0,944321656
472,11,3.0,944321835
472,16,4.0,939692158
472,17,4.0,939141338
472,21,4.0,939072462
472,25,5.0,939691226
472,29,4.0,1017535257
472,32,3.0,939049777
472,34,5.0,939071579
472,36,4.0,946843083
472,39,4.0,939072462
472,47,4.0,994738167
472,50,4.0,1017535859
472,69,4.5,1075915788
472,94,4.0,1017534656
472,101,4.0,1004423372
472,111,4.0,939072776
472,117,3.0,1006929225
472,121,4.0,939691618
472,123,3.0,949996107
472,125,5.0,939072152
472,141,2.5,1156728938
472,144,4.0,944321656
472,150,3.0,939691973
472,155,3.0,974245114
472,162,5.0,939049553
472,176,3.0,939071418
472,180,2.0,944321656
472,198,1.0,962171889
472,211,4.0,1162244498
472,213,4.0,1017534915
472,223,4.0,939072217
472,232,3.0,939071898
472,235,4.0,1017535333
472,241,1.0,962171468
472,246,5.0,939049553
472,260,4.0,939072841
472,265,3.0,939691869
472,288,3.0,994738036
472,290,4.0,970518370
472,293,4.0,949996107
472,296,5.0,940539077
472,299,3.0,939692234
472,300,3.0,944061932
472,318,5.0,947222673
472,322,4.0,939072462
472,342,5.0,944321404
472,345,4.0,962170023
472,348,3.0,939072217
472,356,4.0,939071839
472,357,5.0,944062114
472,363,5.0,939049591
472,364,4.0,939004597
472,369,2.5,1161358140
472,377,4.0,1156728929
472,380,2.0,962171913
472,390,5.0,1004423372
472,412,2.0,962171293
472,431,3.0,994738168
472,441,4.0,939691545
472,443,4.0,1047765919
472,446,3.0,939691405
472,449,4.0,948656430
472,456,4.0,1017535421
472,457,4.0,939691713
472,467,4.0,958950101
472,480,4.0,994737675
472,492,2.0,939072462
472,493,4.0,994737953
472,497,2.0,939071750
472,501,4.0,970518900
472,511,3.0,1158605231
472,513,2.0,944321548
472,514,4.0,970518127
472,522,3.0,994738036
472,527,3.0,939691768
472,529,5.0,939072841
472,538,3.0,939692234
472,541,5.0,939049777
472,551,5.0,958950245
472,556,3.0,939049669
472,562,4.0,939072152
472,574,4.0,939072395
472,581,3.0,939049669
472,588,3.0,939004597
472,589,2.0,950131344
472,593,5.0,939072776
472,594,4.0,994738309
472,595,5.0,939004597
472,599,5.0,939004952
472,608,3.0,939691713
472,659,4.0,994738168
472,661,4.0,939004659
472,678,4.0,939691713
472,708,4.0,939072462
472,714,1.0,962170354
472,720,5.0,939691164
472,728,3.0,939072040
472,745,5.0,939691471
472,750,5.0,939005079
472,769,3.0,939691164
472,783,2.0,939004706
472,785,4.5,1075916020
472,800,4.0,939691545
472,813,1.0,962170599
472,837,4.0,944321548
472,838,2.0,944321656
472,841,4.0,1006929182
472,858,5.0,939003985
472,898,3.0,939071962
472,899,4.0,974244991
472,902,4.0,944062013
472,903,5.0,939072776
472,904,4.0,939691164
472,905,4.0,939071363
472,906,4.0,939072599
472,908,5.0,939003828
472,910,4.0,939072776
472,912,5.0,939004850
472,913,5.0,939004850
472,914,5.0,939691344
472,915,4.0,958950297
472,919,5.0,939072776
472,920,4.5,1075915883
472,922,5.0,939691713
472,923,5.0,939004850
472,924,4.0,939049849
472,926,5.0,939003828
472,928,5.0,944062013
472,930,5.0,944062114
472,938,4.0,994738309
472,942,4.5,1075915978
472,951,5.0,944061874
472,953,5.0,939691545
472,955,5.0,939691869
472,968,5.0,944061932
472,969,5.0,974244991
472,1019,5.0,994737564
472,1028,5.0,939692158
472,1029,4.0,994738309
472,1035,4.0,994738309
472,1036,3.0,939691713
472,1041,4.0,939691344
472,1050,3.0,939049553
472,1057,3.0,944321548
472,1060,5.0,939071962
472,1073,5.0,939072329
472,1077,3.0,970518055
472,1078,4.0,939003572
472,1079,5.0,939003725
472,1080,4.0,939071363
472,1084,4.0,939691471
472,1089,5.0,970518833
472,1090,5.0,994309048
472,1097,4.0,939049849
472,1099,4.0,1162244502
472,1100,2.0,962170671
472,1103,4.0,944062066
472,1104,5.0,970518708
472,1123,5.0,944062375
472,1129,4.0,962170835
472,1136,5.0,939003572
472,1147,5.0,939049553
472,1148,5.0,939691164
472,1162,1.0,944321321
472,1171,3.0,939071962
472,1172,4.0,939071363
472,1175,5.0,939071514
472,1178,5.0,962171976
472,1179,4.0,1017535421
472,1180,1.0,944321656
472,1183,3.0,939691545
472,1184,3.0,939072040
472,1185,3.0,974245114
472,1188,4.0,944321835
472,1189,5.0,949995614
472,1191,4.0,1006929004
472,1193,5.0,939003985
472,1196,4.5,1075915845
472,1197,5.0,939071750
472,1198,5.0,939691471
472,1199,5.0,939691869
472,1200,4.0,939049961
472,1201,4.5,1156728545
472,1202,5.0,958950101
472,1203,4.0,1017535172
472,1204,5.0,939004995
472,1206,5.0,939049849
472,1208,5.0,939003984
472,1209,4.0,939072841
472,1210,3.0,939049849
472,1211,3.0,939071898
472,1212,4.0,939049020
472,1213,5.0,939072599
472,1214,5.0,939049961
472,1215,4.0,944062066
472,1219,5.0,939691405
472,1220,5.0,939071656
472,1221,5.0,939003985
472,1222,4.0,939691344
472,1223,4.0,1075915905
472,1224,3.0,1017534915
472,1225,4.0,1017535172
472,1228,5.0,1017534737
472,1230,5.0,939003572
472,1233,5.0,939072894
472,1234,4.0,939003572
472,1235,4.0,939072329
472,1236,3.0,939071898
472,1240,5.0,939072841
472,1242,2.0,939691344
472,1244,4.0,939003984
472,1245,4.0,1157512094
472,1247,5.0,939005079
472,1248,5.0,939691164
472,1249,5.0,939692104
472,1250,5.0,939003828
472,1252,5.0,944062013
472,1254,4.0,939049020
472,1256,2.0,944321656
472,1258,4.0,939692234
472,1259,4.0,939071656
472,1260,5.0,962171728
472,1263,2.0,962171976
472,1265,4.0,939072462
472,1266,5.0,939691344
472,1267,5.0,939004952
472,1269,3.0,939004850
472,1270,3.0,939049849
472,1272,5.0,939692234
472,1273,3.0,970518179
472,1274,4.0,1017535172
472,1276,4.0,939071579
472,1278,4.0,939003572
472,1279,3.0,939072329
472,1280,4.0,1017534788
472,1282,3.0,994738309
472,1283,5.0,939691226
472,1284,5.0,962171728
472,1285,5.0,944321835
472,1288,5.0,939071579
472,1292,5.0,939072329
472,1295,4.0,944062114
472,1296,4.0,1017534737
472,1299,5.0,939691164
472,1303,4.0,939692104
472,1304,5.0,939071962
472,1307,5.0,939072217
472,1310,4.5,1075915968
472,1321,4.5,1162244245
472,1333,4.5,1156728373
472,1339,1.0,962170417
472,1348,4.0,1156728353
472,1357,4.0,1017535781
472,1358,5.0,1017534872
472,1361,5.0,949995614
472,1374,3.0,939049777
472,1380,4.0,994738436
472,1387,5.0,994737899
472,1392,4.0,1017535257
472,1393,4.0,939072841
472,1394,5.0,939071750
472,1405,3.0,939004706
472,1413,3.0,949996360
472,1449,3.0,939071656
472,1466,3.0,939692104
472,1476,3.0,944321835
472,1489,2.0,939004706
472,1500,4.0,1017535421
472,1517,5.0,958950297
472,1537,5.0,939071418
472,1566,2.0,939004659
472,1569,3.0,939072395
472,1580,5.0,944321835
472,1610,5.0,939691405
472,1614,1.0,944321835
472,1617,5.0,939072894
472,1625,5.0,940539131
472,1639,4.0,1017535258
472,1641,4.0,939072329
472,1653,4.0,939049961
472,1658,2.0,939691869
472,1663,4.0,939692905
472,1673,4.0,1017535258
472,1674,4.0,949996156
472,1678,3.0,939692234
472,1682,4.0,939691618
472,1688,3.0,994738309
472,1693,2.0,962170106
472,1699,4.0,939692104
472,1701,3.0,939072217
472,1704,3.0,939691471
472,1719,5.0,940539077
472,1721,5.0,939691405
472,1729,4.0,1017535489
472,1732,4.0,944321656
472,1734,2.0,939692533
472,1747,4.0,944321835
472,1748,3.0,939049777
472,1760,1.0,994738695
472,1777,3.0,944321404
472,1784,3.0,939071579
472,1785,4.0,962170835
472,1794,3.0,944321321
472,1796,2.0,950776150
472,1799,4.0,939691973
472,1845,5.0,939071579
472,1856,5.0,1006929033
472,1861,2.0,944321321
472,1865,4.0,949996391
472,1866,3.0,939049224
472,1883,1.0,939049224
472,1888,3.0,939071656
472,1907,2.0,939004597
472,1914,3.0,939692653
472,1921,4.0,939691226
472,1922,4.0,974244507
472,1923,5.0,939071579
472,1946,4.0,1017535630
472,1947,3.0,939692037
472,1948,4.0,944321548
472,1952,5.0,939691618
472,1953,5.0,939003984
472,1954,5.0,939003985
472,1955,4.0,994738650
472,1956,5.0,939691164
472,1957,5.0,939072776
472,1958,4.0,939071750
472,1960,4.5,1162244543
472,1964,4.5,1075915973
472,1965,4.0,939049961
472,1966,5.0,939071839
472,1968,4.0,939072329
472,1997,4.5,1156728380
472,2000,3.0,944321835
472,2001,3.0,944321739
472,2013,2.0,939691713
472,2014,3.0,939692368
472,2016,2.0,939692431
472,2019,4.0,1017535781
472,2020,4.0,949996107
472,2025,3.0,939691226
472,2028,3.0,944061874
472,2037,3.0,944062066
472,2064,5.0,939049553
472,2065,4.0,939072395
472,2067,5.0,939005079
472,2073,5.0,939071656
472,2078,4.0,1017535489
472,2080,3.0,944061932
472,2081,4.0,939072395
472,2085,4.0,1017535173
472,2102,4.0,970518127
472,2108,4.0,944321548
472,2109,4.0,939692533
472,2117,4.0,950131344
472,2130,3.0,994738168
472,2136,4.0,944321404
472,2141,3.0,939692431
472,2144,5.0,944321404
472,2145,4.0,1017535723
472,2150,4.0,939049153
472,2159,4.0,994738168
472,2160,4.5,1156728377
472,2169,3.0,962170354
472,2171,4.0,994738489
472,2174,5.0,939072217
472,2186,4.0,1075916035
472,2194,4.0,1017535859
472,2231,3.0,939692037
472,2243,4.0,939072152
472,2245,3.0,939692653
472,2248,5.0,939072040
472,2249,3.0,939692431
472,2261,5.0,1014277534
472,2276,3.0,974244601
472,2282,3.0,939692104
472,2285,4.0,949996360
472,2289,5.0,939071898
472,2291,5.0,950776150
472,2294,4.0,939004659
472,2296,3.0,947222762
472,2300,5.0,958950180
472,2301,3.0,939071839
472,2302,3.0,939049224
472,2303,4.0,994738309
472,2310,4.0,1017535630
472,2318,5.0,939692431
472,2321,3.0,939072395
472,2324,3.0,947222831
472,2325,4.0,944321548
472,2329,2.0,962170023
472,2330,5.0,950776150
472,2331,3.0,939072152
472,2335,3.5,1158605234
472,2344,4.0,939691768
472,2349,4.0,939071839
472,2355,3.0,939004598
472,2359,5.0,944321739
472,2360,3.0,974244935
472,2366,5.0,994737953
472,2371,4.0,944321835
472,2375,3.0,939071750
472,2384,1.0,939072040
472,2387,4.0,944321835
472,2391,4.0,940539077
472,2394,3.0,939004597
472,2395,5.0,953094994
472,2396,2.0,939048793
472,2401,4.0,939691618
472,2406,3.0,939071750
472,2407,3.0,939072217
472,2416,3.0,944321321
472,2425,3.0,939141157
472,2427,4.0,944061932
472,2433,2.0,939692037
472,2439,3.0,939141057
472,2442,4.0,939141157
472,2463,4.0,944321548
472,2467,5.0,940539077
472,2468,3.0,944321739
472,2470,4.0,944321548
472,2478,3.0,944321739
472,2482,3.0,1010960589
472,2485,3.0,939071514
472,2488,5.0,944062066
472,2490,5.0,939048793
472,2502,4.0,940538450
472,2505,1.0,939048793
472,2518,3.0,939072329
472,2529,3.0,939005079
472,2539,4.0,939141157
472,2541,1.0,939141157
472,2542,4.0,939048793
472,2553,5.0,939004952
472,2554,5.0,950131344
472,2571,5.0,939048793
472,2572,2.0,944062232
472,2580,4.0,939141057
472,2590,4.0,940538500
472,2599,5.0,940538500
472,2605,2.0,940538500
472,2606,3.0,950776150
472,2609,3.0,940538500
472,2610,3.0,939141057
472,2621,3.0,944062279
472,2622,1.0,944062013
472,2627,5.0,1047765891
472,2628,4.0,939049777
472,2644,5.0,962170417
472,2648,4.5,1075916008
472,2657,5.0,939692905
472,2671,3.0,944062279
472,2672,3.0,939141057
472,2683,4.0,944062184
472,2686,3.0,947222831
472,2687,4.0,939004597
472,2693,4.0,939049669
472,2697,1.0,944321656
472,2700,4.0,939072040
472,2701,3.0,944062232
472,2706,3.0,939002838
472,2710,3.0,939003019
472,2712,2.0,939003158
472,2713,2.0,939003244
472,2716,3.0,939071656
472,2717,2.0,939072395
472,2718,4.0,948656159
472,2722,3.0,939003123
472,2723,4.0,939003123
472,2724,3.0,939071579
472,2726,5.0,940539221
472,2729,5.0,939691768
472,2730,2.0,994309048
472,2731,4.0,962170023
472,2732,3.0,947222673
472,2736,4.0,951611626
472,2759,4.0,948656221
472,2761,4.0,939002838
472,2762,5.0,939002838
472,2770,4.0,949995783
472,2791,5.0,939049153
472,2797,3.0,939071418
472,2804,5.0,946843083
472,2805,4.0,939003206
472,2824,5.0,951173767
472,2840,2.0,939141807
472,2858,2.0,939002838
472,2860,3.0,939003019
472,2861,1.0,939003206
472,2871,5.0,944062066
472,2875,5.0,994738537
472,2881,1.0,939003123
472,2882,2.0,959831064
472,2885,3.0,939002920
472,2890,3.0,945502818
472,2891,3.0,959831017
472,2912,4.0,959831017
472,2915,4.0,1017535781
472,2916,4.0,994737621
472,2917,4.0,994738107
472,2918,5.0,944061874
472,2925,4.0,939003984
472,2926,4.0,944321739
472,2935,4.0,939071363
472,2936,4.0,948656295
472,2940,4.0,962171728
472,2944,4.0,1162244200
472,2947,4.0,1162244221
472,2948,4.0,1162244228
472,2949,4.5,1162244239
472,2951,5.0,944061874
472,2959,2.0,945502818
472,2966,3.0,943899827
472,2968,4.0,950131344
472,2972,4.0,1017534788
472,2973,4.0,944321548
472,2974,3.0,948656089
472,2987,5.0,944061874
472,2988,4.0,946843083
472,2997,4.0,945502818
472,3000,4.0,1017535723
472,3007,4.0,1006928934
472,3019,4.0,1017535333
472,3022,5.0,944061932
472,3037,5.0,970518055
472,3039,4.0,958950246
472,3054,1.0,959831064
472,3057,3.0,944061653
472,3067,4.0,1017535905
472,3072,4.0,1004423372
472,3081,4.0,943899827
472,3082,2.0,948656047
472,3088,3.0,944321656
472,3089,5.0,974244507
472,3090,3.0,974244991
472,3099,3.0,948656386
472,3100,3.0,944061932
472,3104,4.0,944321739
472,3108,4.0,948656430
472,3114,5.0,948655922
472,3125,2.0,946842902
472,3127,4.0,949995343
472,3133,5.0,953095219
472,3134,4.0,947222673
472,3135,5.0,1017534915
472,3146,5.0,948656089
472,3147,2.0,948656009
472,3156,1.0,946842867
472,3163,3.0,948655922
472,3167,5.0,946843083
472,3169,4.0,946843083
472,3173,4.0,946842794
472,3174,3.0,946842867
472,3176,3.0,948655922
472,3182,4.0,1017535630
472,3188,4.0,1006928876
472,3200,4.0,970518127
472,3201,5.0,953094943
472,3210,5.0,948656386
472,3224,4.0,949996236
472,3246,4.0,1162244548
472,3260,4.0,1017534915
472,3263,4.0,948656386
472,3265,4.0,970519115
472,3266,4.0,994738036
472,3285,3.0,951611626
472,3304,3.0,1017535029
472,3308,3.0,954742077
472,3317,4.0,952901714
472,3328,2.0,958949891
472,3330,5.0,953094994
472,3334,4.0,962171728
472,3342,4.0,1162244493
472,3359,5.0,974244601
472,3361,5.0,958950297
472,3362,5.0,953095219
472,3363,4.0,1017535173
472,3365,3.0,1156728555
472,3384,5.0,994737953
472,3408,3.0,958949891
472,3418,4.0,994737953
472,3421,5.0,958950101
472,3424,4.0,958950180
472,3435,4.0,1017535334
472,3462,4.0,962171581
472,3467,3.0,1017534951
472,3471,5.0,994737621
472,3481,4.0,954741927
472,3499,4.0,1156728385
472,3504,5.0,954742077
472,3506,4.5,1158605135
472,3507,4.0,958950180
472,3508,5.0,1156728567
472,3521,4.0,954742125
472,3534,2.0,961745111
472,3535,3.0,958949934
472,3539,4.5,1075915732
472,3543,4.0,954742024
472,3549,4.0,994738309
472,3551,5.0,994738650
472,3556,3.0,958949891
472,3578,4.0,958949934
472,3608,4.0,958950246
472,3653,5.0,1006928934
472,3671,5.0,958950037
472,3683,5.0,962171728
472,3702,4.5,1157512384
472,3703,4.0,994737621
472,3718,5.0,1004422779
472,3730,5.0,962171110
472,3741,4.0,970518833
472,3751,4.0,962169824
472,3752,3.0,962169824
472,3753,1.0,970517723
472,3755,2.0,970517723
472,3783,4.0,994738107
472,3785,4.0,970517723
472,3789,4.0,1017534788
472,3793,3.0,970517723
472,3811,4.0,1017535258
472,3814,5.0,970518127
472,3819,3.0,970517988
472,3893,3.0,970517723
472,3897,3.0,970517723
472,3910,1.0,994738436
472,3911,4.0,970517723
472,3913,4.0,1006929033
472,3925,4.0,970518179
472,3947,5.0,974244935
472,3948,4.0,974244416
472,3955,2.0,979540065
472,3967,3.0,974244416
472,3993,3.0,979539865
472,3996,4.0,979539865
472,4011,4.0,981441662
472,4019,4.0,979539966
472,4020,4.0,979540065
472,4022,3.0,979539865
472,4027,4.0,979539865
472,4029,3.0,1158605083
472,4034,5.0,979539865
472,4054,2.0,981441662
472,4056,3.0,981441662
472,4091,3.0,1010960589
472,4116,4.0,1010960630
472,4117,4.0,1004423139
472,4190,5.0,1017534872
472,4197,4.0,994738650
472,4210,2.0,994737953
472,4211,3.0,1017534951
472,4225,3.0,1004422921
472,4234,3.0,994309232
472,4239,3.0,994309232
472,4246,4.0,994309499
472,4262,5.0,1162244886
472,4278,4.5,1075915933
472,4292,5.0,994309048
472,4304,5.0,1006929004
472,4306,4.0,1010439969
472,4308,3.5,1156728983
472,4327,4.0,1156728549
472,4349,4.5,1158605059
472,4356,4.0,994738374
472,4361,4.0,1017535859
472,4369,4.0,994309138
472,4378,4.0,994309138
472,4432,5.0,994309048
472,4440,4.0,1162244525
472,4474,3.0,1006929104
472,4490,2.0,994738847
472,4546,4.0,1006929140
472,4562,5.0,1004423139
472,4570,4.0,1010960661
472,4589,4.0,1017535334
472,4641,4.0,1004423139
472,4698,4.0,1010960589
472,4711,5.0,1006928934
472,4754,3.0,1017534841
472,4769,4.0,1006928934
472,4783,5.0,1006928934
472,4826,4.0,1162244490
472,4848,4.0,1006928698
472,4855,4.0,1162244202
472,4886,5.0,1006928698
472,4896,3.0,1006928698
472,4914,4.0,1017534788
472,4963,3.0,1010439856
472,4970,4.0,939691973
472,4973,4.0,1010960402
472,4978,3.0,1014277421
472,4979,2.0,1010439856
472,4990,3.0,1014277458
472,4993,3.0,1010439727
472,4995,4.0,1014277421
472,5010,3.0,1014277421
472,5013,3.0,1010960402
472,5018,3.0,1026344748
472,5022,4.0,1017535058
472,5025,4.0,1014277458
472,5060,4.0,1010960630
472,5074,5.0,1014277421
472,5092,4.0,1014277458
472,5177,4.0,1017534688
472,5187,4.0,1026344748
472,5218,3.0,1018080215
472,5226,3.5,1158605140
472,5256,2.0,1017534530
472,5267,4.0,1017534594
472,5285,3.0,1020325429
472,5291,3.0,1158604913
472,5292,4.0,1050100913
472,5298,4.0,1020325429
472,5299,4.0,1156728975
472,5316,3.0,1023325980
472,5349,3.0,1023325980
472,5377,3.0,1023325980
472,5378,3.0,1023326012
472,5379,4.0,1023325980
472,5401,4.0,1026887149
472,5417,4.0,1026887149
472,5444,4.0,1026887149
472,5445,3.0,1026887149
472,5446,4.0,1172531320
472,5463,3.0,1026887197
472,5479,3.0,1031894398
472,5502,2.0,1031894362
472,5507,3.0,1031894362
472,5524,3.0,1031894362
472,5572,3.0,1037746946
472,5577,2.0,1032568460
472,5617,4.0,1037746889
472,5618,5.0,1172531135
472,5669,3.0,1047765891
472,5810,3.0,1037746889
472,5825,4.0,1172956897
472,5899,4.0,1162244329
472,5902,4.5,1075915870
472,5914,4.0,1075915707
472,5932,4.5,1164753473
472,5941,3.0,1047765772
472,5942,3.0,1047765832
472,5945,2.0,1047765721
472,5952,3.0,1047765721
