472,5965,3.0,1162244187
472,5991,4.0,1050100913
472,5993,3.0,1047765772
472,5995,4.0,1172531312
472,6003,5.0,1047765772
472,6016,4.0,1156728740
472,6032,4.0,1050100843
472,6042,4.0,1047765773
472,6057,2.0,1047765773
472,6062,5.0,1047765773
472,6185,2.0,1047765773
472,6188,4.5,1075915920
472,6212,3.0,1047765832
472,6216,1.0,1047765721
472,6218,4.0,1050101331
472,6331,4.5,1075915769
472,6365,1.5,1156728961
472,6368,4.5,1075915722
472,6377,4.0,1075915586
472,6440,4.5,1075915657
472,6461,5.0,1156728563
472,6539,3.5,1075915632
472,6620,4.0,1156728234
472,6662,4.5,1162244652
472,6711,4.5,1075915818
472,6773,4.5,1075915525
472,6777,3.5,1157512083
472,6787,4.5,1156728101
472,6807,4.0,1075915598
472,6936,2.0,1075915492
472,6942,4.0,1075915498
472,6947,5.0,1075915483
472,6975,3.0,1162244528
472,6979,4.0,1157512376
472,6987,4.0,1156728350
472,6993,4.5,1075915796
472,7013,4.5,1157386833
472,7070,3.0,1162244261
472,7072,3.0,1162244164
472,7084,4.0,1075915578
472,7147,3.0,1075915518
472,7153,2.0,1075915476
472,7438,2.5,1156728950
472,7587,4.0,1156728112
472,7771,5.0,1162244476
472,7802,4.5,1162244323
472,8042,4.0,1157512059
472,8228,4.5,1156728124
472,8949,4.0,1156728270
472,8961,3.5,1156728747
472,26172,4.0,1162244155
472,26231,3.5,1172530533
472,26425,4.5,1156728243
472,26729,5.0,1168889546
472,30707,2.5,1157512035
472,32582,4.0,1172531111
472,32632,4.0,1162244518
472,33639,4.5,1157512317
472,37741,4.5,1156728120
472,38038,4.0,1156728252
472,38992,3.5,1158605176
472,39292,2.5,1156728152
472,41285,3.5,1172531452
472,41997,3.5,1172531439
472,43396,4.0,1162244387
472,44022,3.5,1164753301
472,44191,4.0,1157512402
472,44195,3.0,1156728091
472,44761,4.0,1158605391
472,45440,3.5,1164753282
472,45501,3.0,1161358124
472,45728,4.0,1164753219
472,45730,1.0,1172530814
472,45950,4.5,1164753215
472,46322,4.5,1172530550
472,46850,4.5,1164753203
472,46967,4.0,1164753270
472,47423,4.0,1172530523
472,47997,4.0,1172530800
472,48319,3.5,1172530755
472,48738,4.0,1165517980
472,49132,4.0,1172956890
472,49272,4.0,1165517959
472,50068,4.0,1170954729
473,2,5.0,1425643774
473,104,3.5,1425644175
473,110,5.0,1425644210
473,145,4.5,1425645124
473,316,0.5,1425645578
473,356,5.0,1425644213
473,364,5.0,1425643485
473,377,3.5,1425645567
473,500,5.0,1425644068
473,765,4.0,1425644109
473,780,5.0,1425643902
473,1027,2.0,1425645565
473,1036,5.0,1425643530
473,1246,3.5,1425644076
473,1370,5.0,1425643997
473,1527,5.0,1425643563
473,1704,5.0,1425644064
473,1917,5.0,1425644006
473,1954,4.0,1425645585
473,2335,4.0,1425644170
473,2431,5.0,1425644057
473,2571,5.0,1425643453
473,2959,5.0,1425645497
473,3147,5.0,1425643444
473,3448,5.0,1425644078
473,3489,5.0,1425644065
473,3578,5.0,1425643489
473,4306,5.0,1425643344
473,4874,5.0,1425643640
473,4886,5.0,1425643448
473,4973,5.0,1425643558
473,5377,3.5,1425643120
473,6157,2.0,1425643193
473,6373,5.0,1425643114
473,6378,3.0,1425643124
473,6548,5.0,1425643259
473,6754,4.0,1425643217
473,7293,5.0,1425643161
473,8464,5.0,1425643135
473,8529,4.0,1425643187
473,8984,2.5,1425644012
473,32587,5.0,1425644005
473,33794,4.0,1425643493
473,36529,5.0,1425643169
473,45208,3.0,1425644120
473,49272,4.5,1425643778
473,50872,5.0,1425643501
473,53974,3.5,1425644133
473,54004,5.0,1425644172
473,58559,5.0,1425645521
473,59315,5.0,1425643495
473,59900,2.0,1425644188
473,68157,5.0,1425645591
473,72998,5.0,1425643504
473,76093,5.0,1425643337
473,79091,4.5,1425645588
473,79132,5.0,1425643321
473,80549,4.5,1425668744
473,83349,2.5,1425645634
473,85414,3.0,1425643537
473,86548,5.0,1425645627
473,88163,5.0,1425668726
473,88810,5.0,1425668742
473,89745,5.0,1425643497
473,90403,3.0,1425645640
473,90430,5.0,1425645651
473,90890,1.0,1425644192
473,91529,5.0,1425643469
473,99114,5.0,1425645643
473,99728,5.0,1425668729
473,100083,2.5,1425668769
473,101142,4.0,1425668771
473,109374,5.0,1425643073
473,111617,3.5,1425644157
473,112556,5.0,1425643077
473,112852,4.0,1425644226
474,260,4.0,976163499
474,316,4.0,976163143
474,480,4.0,977201887
474,595,5.0,976163768
474,858,5.0,976163045
474,898,5.0,976163962
474,899,5.0,976163696
474,909,4.0,976163962
474,919,4.0,976163696
474,951,4.0,977201760
474,1197,5.0,976163582
474,1198,4.0,976163095
474,1214,4.0,976493665
474,1219,4.0,976493665
474,1221,5.0,976163499
474,1238,5.0,976163397
474,1244,4.0,976163962
474,1282,4.0,977201799
474,1288,5.0,976163696
474,1304,4.0,976163582
474,1387,4.0,976163499
474,1466,4.0,977201799
474,1673,3.0,976163045
474,1903,4.0,977202217
474,1947,5.0,976163768
474,2019,5.0,976163499
474,2070,5.0,976163351
474,2150,1.0,976164041
474,2160,4.0,977201847
474,2300,4.0,976163696
474,2303,4.0,976163696
474,2657,3.0,976163768
474,2858,3.0,977201760
474,2863,3.0,976163696
474,2944,3.0,976163582
474,3101,3.0,976163095
474,3104,4.0,976163143
474,3545,4.0,976163696
474,3578,4.0,977201847
474,3819,3.0,976163915
474,4008,4.0,977201847
475,1,4.5,1446908358
475,16,4.0,1447072053
475,47,4.0,1447071828
475,110,4.0,1447414544
475,111,4.5,1447072049
475,153,1.0,1447329525
475,260,5.0,1446908093
475,296,5.0,1446908211
475,316,3.0,1446909035
475,356,4.5,1446908262
475,480,4.5,1446908568
475,541,4.0,1447071701
475,588,3.5,1446908542
475,589,4.5,1447071931
475,592,4.0,1447329513
475,858,5.0,1446908198
475,903,4.0,1447072029
475,924,5.0,1447339191
475,1036,5.0,1447329757
475,1097,3.5,1446908443
475,1196,5.0,1447237781
475,1198,5.0,1447935227
475,1200,4.0,1447269576
475,1201,5.0,1447269602
475,1203,5.0,1447269581
475,1210,4.0,1447329650
475,1213,5.0,1447072052
475,1214,4.0,1447269575
475,1221,5.0,1447237783
475,1228,4.5,1447072060
475,1270,5.0,1447329733
475,1275,3.5,1447329710
475,1377,4.0,1447329522
475,1387,4.0,1447269603
475,1562,1.0,1447329537
475,1580,3.0,1447329624
475,1721,3.0,1446908857
475,2028,4.0,1446908215
475,2167,4.0,1447329754
475,2288,4.0,1447269610
475,2355,3.5,1446908635
475,2571,5.0,1446908081
475,2617,3.5,1447255334
475,2628,1.0,1447255300
475,2640,3.5,1447329621
475,2641,2.5,1447329643
475,2687,3.0,1447255432
475,2701,1.0,1447255366
475,2706,2.0,1446908111
475,2716,4.0,1447329646
475,2761,4.0,1447255385
475,2762,3.5,1447255296
475,2959,5.0,1446908095
475,2985,3.5,1446909060
475,3082,2.0,1447255379
475,3114,3.5,1446908113
475,3285,2.0,1447255439
475,3354,1.5,1447255419
475,3462,4.0,1446908249
475,3483,3.0,1447255567
475,3535,4.0,1447072279
475,3564,0.5,1447778383
475,3578,4.0,1446908294
475,3615,1.5,1447239779
475,3623,2.5,1447072169
475,3624,2.0,1447255392
475,3646,1.5,1447327386
475,3703,4.0,1447256595
475,3717,2.5,1447239346
475,3751,2.0,1447255346
475,3752,2.0,1447255389
475,3753,3.0,1447255357
475,3785,2.0,1447072263
475,3793,3.5,1447072140
475,3821,0.5,1447239688
475,3827,2.5,1447255443
475,3897,4.0,1447072173
475,3977,1.0,1447255341
475,3981,2.0,1447255494
475,3988,2.0,1447255429
475,3997,0.5,1447255560
475,4015,2.0,1447327166
475,4016,4.0,1447072567
475,4025,2.0,1447778072
475,4232,1.5,1447072678
475,4270,2.5,1447239392
475,4299,3.5,1447072556
475,4306,2.0,1446908382
475,4310,2.0,1447072290
475,4367,2.0,1447072362
475,4368,0.5,1447778309
475,4369,3.0,1447239431
475,4370,2.5,1447072235
475,4386,1.0,1447255558
475,4388,1.0,1447072696
475,4447,1.0,1447327103
475,4638,1.0,1447239424
475,4643,2.0,1447072274
475,4701,2.5,1447072561
475,4718,2.0,1447072292
475,4720,2.5,1447255370
475,4735,1.0,1447327985
475,4744,1.5,1447327608
475,4757,1.5,1447328003
475,4876,1.0,1447327588
475,4886,3.5,1447072127
475,4890,1.5,1447778136
475,4896,3.5,1447072160
475,4963,4.0,1447072147
475,4993,5.0,1446908089
475,4994,2.5,1447778317
475,5010,4.5,1447239336
475,5128,1.0,1447778405
475,5171,1.5,1447255497
475,5218,2.0,1447072218
475,5219,2.5,1447239506
475,5254,4.0,1447072606
475,5266,2.0,1447255416
475,5313,0.5,1447239735
475,5349,4.0,1447072143
475,5378,2.0,1447072738
475,5418,4.0,1447072154
475,5419,1.0,1447255547
475,5445,3.0,1447072129
475,5459,2.0,1447239352
475,5463,3.0,1447255520
475,5478,2.0,1447327895
475,5480,1.5,1447778702
475,5481,1.5,1447327098
475,5502,3.0,1447239332
475,5504,0.5,1447778490
475,5507,2.0,1447072640
475,5523,0.5,1447778855
475,5574,1.5,1447239613
475,5621,0.5,1447778365
475,5679,2.0,1447239358
475,5784,1.0,1447327901
475,5785,3.0,1447239646
475,5810,3.0,1447072592
475,5816,3.0,1447072748
475,5872,1.0,1447239479
475,5952,5.0,1446908199
475,5956,4.0,1447072057
475,5989,4.5,1447072172
475,5991,3.0,1447072271
475,6016,4.5,1447269572
475,6059,2.5,1447327391
475,6157,1.0,1447072595
475,6333,3.0,1447072746
475,6365,2.0,1447072163
475,6377,3.0,1447072128
475,6378,3.0,1447239344
475,6383,2.0,1447239581
475,6502,4.0,1447072220
475,6503,1.0,1447239560
475,6534,2.0,1447072601
475,6537,1.0,1447072282
475,6539,3.5,1447072139
475,6541,1.0,1447239515
475,6548,2.0,1447239663
475,6550,2.0,1447778296
475,6564,1.0,1447239677
475,6566,0.5,1447778766
475,6586,2.5,1447239768
475,6595,2.5,1447239723
475,6686,0.5,1447329344
475,6711,4.5,1447072741
475,6754,3.0,1447239534
475,6863,4.0,1447072251
475,6874,4.5,1446908355
475,6888,1.0,1447327407
475,6934,2.0,1447072213
475,6936,1.5,1447778141
475,7143,3.5,1447072240
475,7147,4.0,1447072209
475,7153,5.0,1446908087
475,7164,1.5,1447328063
475,7317,2.5,1447327544
475,7360,4.0,1447072665
475,7361,4.0,1447072145
475,7369,0.5,1447329039
475,7373,3.0,1447072548
475,7438,4.5,1446908364
475,7439,1.0,1447327703
475,7451,2.5,1447239503
475,7454,2.0,1447239572
475,7458,2.0,1446909050
475,7502,5.0,1446909151
475,8360,2.0,1446908672
475,8361,2.5,1447072524
475,8368,4.0,1446908440
475,8371,2.5,1447072715
475,8372,1.0,1447328125
475,8528,2.5,1447072580
475,8636,4.0,1447072744
475,8640,2.0,1447327532
475,8641,3.0,1447072563
475,8644,2.0,1447239329
475,8665,4.0,1447072205
475,8666,0.5,1447327723
475,8783,2.5,1447239512
475,8810,0.5,1447239576
475,8861,1.0,1447239733
475,8866,3.0,1447778499
475,8873,2.5,1447778177
475,8874,4.0,1446908348
475,8907,1.0,1447327577
475,8947,1.0,1447778312
475,8957,2.5,1447072552
475,8961,4.0,1447072155
475,8970,3.5,1447072462
475,8972,2.5,1447072593
475,8984,2.5,1447072532
475,8985,1.0,1447327477
475,27423,3.0,1447779288
475,27772,1.0,1447329048
475,30707,4.0,1446908365
475,30749,4.0,1447072277
475,30793,2.0,1447072300
475,30812,3.5,1447072075
475,31221,0.5,1447327944
475,31685,2.0,1447072639
475,31696,3.0,1447072631
475,32296,1.5,1447328833
475,32587,4.0,1447072740
475,33004,3.0,1447072529
475,33158,1.0,1447778758
475,33166,3.0,1447072266
475,33493,2.5,1447329655
475,33615,2.0,1447072703
475,33646,2.5,1447778447
475,33679,3.0,1447072359
475,33794,3.5,1447072157
475,34048,2.5,1447239428
475,34150,1.0,1447072671
475,34162,2.5,1447072312
475,34319,2.0,1447327213
475,34332,2.0,1447778676
475,35836,3.5,1447239349
475,36401,1.5,1447327524
475,36519,1.5,1447327663
475,36529,4.0,1447239445
475,37380,1.0,1447327992
475,37386,1.0,1447327450
475,37731,3.0,1447327990
475,37830,3.0,1447327911
475,39435,2.0,1447328282
475,39444,3.5,1447327970
475,39446,1.0,1447239744
475,40815,4.0,1446908495
475,40819,3.5,1447072436
475,40851,2.5,1447778836
475,41566,3.0,1446908779
475,41569,3.0,1447327135
475,41997,3.5,1447239519
475,42011,2.0,1447327720
475,42418,2.0,1447328927
475,42738,2.5,1447327487
475,43928,0.5,1447778556
475,43936,3.0,1447327612
475,44191,3.5,1446908308
475,44195,3.5,1446909158
475,44665,3.0,1447239454
475,45186,3.5,1447239602
475,45447,3.0,1447072569
475,45499,2.0,1447072432
475,45517,1.0,1447072616
475,45666,4.0,1447327976
475,45672,1.0,1447327385
475,45722,2.0,1447239342
475,46335,2.5,1447327840
475,46530,1.5,1447239592
475,46578,4.0,1447072215
475,46723,3.0,1447072649
475,46965,2.0,1447327626
475,46972,2.0,1447239653
475,46974,2.0,1447778872
475,47044,2.0,1447327969
475,47099,3.0,1447072669
475,47200,2.0,1447327499
475,47518,2.5,1447327958
475,47640,2.5,1447778728
475,48322,2.5,1447328117
475,48385,3.0,1446909164
475,48394,3.5,1446908268
475,48516,5.0,1447072036
475,48780,4.5,1447072211
475,48783,3.5,1447327981
475,49272,5.0,1447072207
475,49274,1.0,1447778345
475,49278,2.5,1447239669
475,49396,3.0,1447328305
475,49530,4.0,1446909160
475,49649,0.5,1447778479
475,49651,4.5,1447327947
475,50068,3.0,1447327453
475,50872,4.5,1447072241
475,51077,0.5,1447327614
475,51086,2.0,1447327706
475,51255,3.5,1447268348
475,51540,4.0,1447239544
475,51575,0.5,1447328933
475,51662,4.0,1446908562
475,51935,3.0,1447239795
475,51939,2.0,1447778934
475,52245,3.0,1447327549
475,52281,3.0,1447071721
475,52694,1.0,1447329165
475,52722,1.0,1447072611
475,52973,3.0,1447239491
475,53000,4.0,1447071717
475,53121,0.5,1447239772
475,53125,2.0,1447072543
475,53322,3.5,1447239547
475,53460,2.5,1447778862
475,53464,0.5,1447239810
475,53519,3.0,1447327297
475,53972,2.5,1447239537
475,53993,0.5,1447778365
475,53996,3.0,1447072527
475,54001,3.5,1447239418
475,54190,3.0,1447327624
475,54259,3.0,1447072637
475,54272,2.5,1447072550
475,54286,4.0,1447072222
475,54503,3.5,1447072366
475,54648,1.5,1447328890
475,54995,3.0,1447327408
475,55232,1.5,1447327710
475,55721,4.0,1447328235
475,55768,1.0,1447328272
475,55820,4.5,1447072237
475,56145,4.0,1447327593
475,56174,2.5,1447072360
475,56176,0.5,1447778839
475,56367,3.5,1447072226
475,56775,3.0,1447239807
475,56801,0.5,1447778487
475,57368,4.0,1447071727
475,57640,3.0,1447239750
475,58025,2.0,1447239803
475,58293,1.0,1447327547
475,58559,5.0,1446909123
475,58655,1.5,1447329057
475,58803,3.0,1447239754
475,59037,3.0,1447329302
475,59103,2.0,1447329015
475,59315,4.0,1447239318
475,59369,3.5,1447239444
475,59421,1.5,1447328966
475,59501,2.5,1447327624
475,59615,1.0,1447239509
475,59784,3.5,1446908527
475,60040,2.0,1447239643
475,60069,3.5,1446908224
475,60072,3.0,1447239702
475,60074,2.0,1447071726
475,60126,2.5,1447778320
475,60684,4.5,1446908505
475,60937,1.0,1447328950
475,61024,3.0,1447239683
475,61132,4.5,1447071725
475,61160,2.5,1447328878
475,62155,3.0,1447328116
475,62394,1.0,1447778746
475,62999,1.0,1447328052
475,63082,3.0,1447072238
475,63113,2.0,1447071723
475,63859,2.5,1447327584
475,63876,3.0,1447239700
475,64030,1.0,1447778732
475,64497,1.0,1447778531
475,64614,3.0,1447072304
475,64620,4.5,1447327494
475,64839,4.5,1447072651
475,64957,3.0,1447072597
475,64969,2.5,1447327458
475,64983,3.0,1447327978
475,66171,2.0,1447328979
475,67408,2.5,1446909078
475,67734,3.0,1447327650
475,67923,2.5,1447328858
475,68157,4.5,1447071775
475,68205,1.0,1447328880
475,68237,4.0,1447071795
475,68319,0.5,1447239607
475,68358,4.0,1447072260
475,68554,2.5,1447327484
475,68659,3.0,1447329455
475,68791,2.0,1447239766
475,68793,1.0,1447328885
475,68954,3.0,1446908222
475,69122,3.0,1447072268
475,69481,3.5,1446908437
475,69526,0.5,1447239789
475,69644,1.0,1447328054
475,69757,3.5,1447327123
475,69784,1.0,1447327727
475,69844,3.5,1446908410
475,70286,3.5,1447239354
475,70336,0.5,1447778590
475,71156,3.0,1447327797
475,71535,3.5,1446908400
475,71745,3.5,1447327967
475,72011,3.5,1447072683
475,72043,2.5,1447329721
475,72226,3.5,1447071934
475,72395,2.5,1447328988
475,72641,3.0,1447778229
475,72733,3.0,1447328856
475,72998,3.0,1446908484
475,73017,3.0,1447072372
475,73023,3.5,1447328911
475,73321,4.0,1447255630
475,73929,1.0,1447269131
475,74458,4.5,1446908315
475,74532,2.0,1447256061
475,74789,1.0,1447239609
475,74795,3.5,1446908825
475,75805,1.0,1447329301
475,76093,4.0,1447072517
475,76175,0.5,1447269085
475,76251,3.5,1447072565
475,76293,2.5,1447328266
475,77206,2.5,1447256346
475,77364,2.5,1447256028
475,77561,3.5,1447329586
475,78088,3.0,1447255860
475,78105,2.0,1447255690
475,78209,1.5,1447255724
475,78467,0.5,1447256251
475,78469,2.5,1447269090
475,78499,4.5,1447072357
475,78637,0.5,1447255772
475,79091,2.0,1447071718
475,79132,3.0,1446908082
475,79185,2.0,1447269105
475,79224,3.0,1447255817
475,79242,3.0,1447255760
475,79293,1.5,1447255637
475,79592,2.5,1447269085
475,79695,1.0,1447269094
475,79702,4.0,1447072646
475,80363,2.0,1447255806
475,80463,3.5,1447072457
475,80489,4.0,1447239752
475,80549,3.0,1447239826
475,81156,3.0,1447255994
475,81229,3.0,1447255620
475,81537,2.0,1447269103
475,81562,2.5,1446908520
475,81564,3.5,1446908553
475,81591,3.0,1447072460
475,81782,2.0,1447269099
475,81834,4.0,1446908372
475,81845,4.0,1447072307
475,81932,4.0,1447239757
475,82095,0.5,1447256093
475,82169,2.0,1447255815
475,82202,1.0,1447255788
475,82459,4.0,1447071873
475,82461,3.0,1447239813
475,83349,2.0,1447268863
475,83613,1.5,1447255727
475,84152,4.5,1447255610
475,84772,2.0,1447268861
475,84944,3.5,1447255657
475,85022,1.5,1447256001
475,85056,2.0,1447268879
475,85131,2.5,1447255794
475,85342,4.0,1447255785
475,85510,3.0,1447268865
475,85774,4.0,1447071948
475,86298,2.0,1447255808
475,86332,2.0,1447329595
475,86644,2.5,1447328996
475,86833,3.0,1447778339
475,86880,1.5,1447255644
475,86882,3.0,1447255617
475,86911,1.0,1447255670
475,87192,3.5,1447255856
475,87222,3.0,1447328063
475,87232,4.0,1447072609
475,87306,3.5,1447255633
475,87430,0.5,1447255725
475,87485,1.5,1447255779
475,87520,0.5,1447327973
475,87529,2.0,1447256019
475,87869,2.5,1446909041
475,87876,0.5,1447268893
475,88125,3.5,1447072584
475,88129,4.0,1447072690
475,88140,3.5,1447239637
475,88744,4.0,1446908606
475,88812,3.0,1447256017
475,89030,2.5,1447256138
475,89492,4.0,1447239690
475,89745,4.0,1447072355
475,89804,3.5,1447255718
475,89864,4.0,1447239770
475,90249,3.0,1447255792
475,90524,2.0,1447268951
475,90647,2.0,1447255820
475,90746,3.5,1447255702
475,90866,3.5,1447072084
475,91077,3.0,1447842943
475,91094,3.0,1447255881
475,91485,2.0,1447268635
475,91500,4.0,1446908578
475,91529,2.5,1446908231
475,91535,2.5,1447255710
475,91542,3.5,1447239621
475,91630,3.5,1447239741
475,91658,4.0,1447255608
475,91660,0.5,1447268972
475,92420,3.5,1447255720
475,92938,1.0,1447256213
475,93270,2.5,1447256100
475,93363,2.5,1447255766
475,93510,4.0,1447255640
475,93766,0.5,1447256074
475,93838,4.0,1447255835
475,94018,1.5,1447255876
475,94777,2.5,1447255666
475,94864,2.0,1446908837
475,95309,3.5,1446908827
475,95441,3.0,1447255667
475,95510,2.0,1447239739
475,95875,1.5,1447255750
475,96079,4.0,1447240147
475,96610,4.0,1447239567
475,96691,2.0,1447256157
475,96737,4.0,1447255751
475,96821,4.0,1447255627
475,96861,2.5,1447255867
475,96863,1.5,1447268744
475,97304,4.0,1446908362
475,97913,3.0,1447239817
475,97921,3.5,1446908417
475,97923,3.5,1447255752
475,98122,4.0,1447256427
475,98124,4.0,1447255946
475,98154,3.0,1447268633
475,98809,3.0,1447072663
475,98961,4.0,1446908492
475,99112,2.0,1447255776
475,99114,4.0,1446908209
475,99117,2.0,1447256134
475,99728,2.5,1447256035
475,99813,4.0,1447255894
475,100498,1.0,1447255955
475,101864,2.5,1447268384
475,102033,2.5,1447256141
475,102123,3.5,1447255767
475,102125,2.5,1447329585
475,102445,3.5,1447239656
475,102481,2.5,1447255973
475,102686,0.5,1447255891
475,102716,3.0,1447255905
475,102880,1.0,1447256010
475,102903,1.0,1447255685
475,103042,2.5,1447268390
475,103141,2.5,1447255740
475,103228,4.0,1447255654
475,103249,3.0,1446909043
475,103253,2.0,1446909069
475,103335,1.0,1447255696
475,103339,2.5,1447255950
475,103655,0.5,1447256241
475,103772,2.5,1447268397
475,103810,2.5,1447255954
475,103883,2.5,1447256089
475,104241,3.0,1447268408
475,104243,2.0,1447329336
475,104841,4.5,1446908491
475,104879,4.0,1446908310
475,104913,4.5,1447268394
475,105504,3.5,1447268392
475,105755,1.0,1447256370
475,105844,4.0,1447268383
475,106002,2.5,1447255736
475,106072,3.5,1447255679
475,106100,4.0,1446908349
475,106487,3.0,1448031993
475,106489,3.0,1447239717
475,106766,4.0,1447255855
475,106782,5.0,1446908412
475,106916,3.5,1447268385
475,106918,4.0,1447255730
475,106920,4.0,1447071797
475,107069,3.0,1447255939
475,107348,3.0,1447255899
475,107406,4.0,1447255742
475,107953,3.0,1447268546
475,108190,2.5,1447255737
475,108928,2.0,1447256032
475,108945,2.0,1447255877
475,109374,4.5,1447071770
475,109487,3.5,1447071958
475,109578,3.5,1447255915
475,109673,2.0,1447329317
475,109850,2.0,1447256281
475,110102,4.5,1447239781
475,110127,2.5,1447255900
475,110553,2.5,1447255797
475,111113,3.0,1447255919
475,111362,3.5,1447239666
475,111364,3.0,1447255791
475,111443,3.5,1447329226
475,111622,3.5,1447256004
475,111743,1.5,1447256071
475,111759,4.0,1447072692
475,111781,4.0,1447240130
475,112138,3.0,1447328865
475,112175,3.5,1447255682
475,112183,3.0,1447071791
475,112290,3.5,1447255642
475,112370,0.5,1447255931
475,112421,3.5,1447256268
475,112552,4.5,1446908255
475,112556,4.0,1446908312
475,112623,4.0,1446908631
475,112852,4.5,1447072635
475,112911,2.0,1447256249
475,113348,2.0,1447256090
475,114662,3.5,1446908770
475,115170,3.0,1447256064
475,115210,3.5,1446908533
475,115569,4.0,1447071819
475,115617,4.0,1447239624
475,115713,5.0,1446908140
475,116161,3.0,1447256097
475,116797,4.0,1446908135
475,116823,2.0,1447255664
475,117529,3.0,1447256491
475,118696,2.0,1447255701
475,119145,4.5,1447256486
475,120799,2.0,1447255985
475,122882,5.0,1446908352
475,122886,4.5,1452259407
475,122892,3.5,1447256484
475,122900,4.0,1447255922
475,122902,1.5,1447256325
475,130634,2.5,1447256489
475,132046,3.0,1447256115
475,133195,1.0,1447256525
475,134130,4.0,1454428207
475,134170,4.0,1447256170
475,134853,5.0,1446908136
475,135133,3.0,1449834805
475,136020,2.0,1447237796
475,139644,3.0,1454428216
475,142488,5.0,1454428201
475,146656,4.5,1454428219
475,148626,5.0,1454428198
476,16,5.0,978966317
476,111,4.0,971680962
476,593,4.0,971680928
476,785,3.0,971681012
476,1093,5.0,971879190
476,1097,2.0,971680989
476,1127,1.0,971878795
476,1198,3.0,971681012
476,2318,4.0,971879270
476,2369,2.0,971878972
476,2395,4.0,971879462
476,2396,3.0,971879462
476,2428,2.0,971879215
476,2490,2.0,971879410
476,2580,2.0,971879270
476,2600,3.0,971879550
476,2683,3.0,971878911
476,2692,4.0,971879427
476,2700,4.0,971879513
476,2701,1.0,971879550
476,2706,2.0,971878795
476,2707,4.0,971878911
476,2710,3.0,971878929
476,2712,3.0,971879215
476,2716,3.0,971879236
476,2719,1.0,971879270
476,2722,3.0,971878972
476,2724,1.0,971879462
476,2762,4.0,971879462
476,2772,3.0,971878972
476,2826,2.0,971878795
476,2858,5.0,971878795
476,2881,3.0,971879190
476,2959,5.0,971879215
476,2987,3.0,971879550
476,2995,1.0,971879270
476,2997,5.0,971878911
476,3081,4.0,971879462
476,3113,1.0,971879215
476,3127,3.0,971680928
476,3160,5.0,971879362
476,3174,4.0,971879362
476,3175,4.0,971879236
476,3578,3.0,971879270
476,3623,4.0,971879378
476,3752,1.0,971879362
477,158,2.0,1329273308
477,193,0.5,1329273629
477,1027,0.5,1329273654
477,1032,0.5,1329273648
477,1371,5.0,1329273453
477,1376,5.0,1329273299
477,1527,5.0,1329273804
477,1580,4.0,1329273976
477,1644,1.0,1329273645
477,1690,1.0,1329273431
477,1722,4.0,1329273336
477,2717,4.0,1329273624
477,2881,0.5,1329273632
477,2985,2.0,1329273301
477,3717,4.0,1329273478
477,4571,0.5,1329273631
477,5481,5.0,1329273637
477,8371,5.0,1329273855
477,37386,5.0,1329273822
477,65982,3.5,1329273959
477,83613,4.0,1329273836
478,47,3.5,1446621801
478,260,4.5,1446622759
478,293,3.5,1446622432
478,296,5.0,1446621714
478,318,5.0,1446621527
478,356,5.0,1446621713
478,778,4.5,1448366070
478,1089,5.0,1446829908
478,1193,4.5,1448366068
478,1210,4.5,1446829751
478,1270,5.0,1446622582
478,1527,5.0,1446622660
478,1884,4.0,1446622315
478,2028,4.5,1446621699
478,2329,5.0,1446621529
478,2542,5.0,1446621572
478,2571,3.5,1446621543
478,2959,4.5,1446621716
478,3147,4.0,1446621727
478,3949,4.5,1446621947
478,4011,5.0,1446621835
478,4973,2.5,1446621923
478,4993,5.0,1446622013
478,4995,4.5,1446621791
478,5952,5.0,1446622109
478,5956,4.5,1446830553
478,5989,5.0,1446621949
478,5995,5.0,1446621644
478,6016,4.5,1446621851
478,6373,4.5,1446830537
478,6902,4.0,1446622620
478,7153,5.0,1446621979
478,7293,3.5,1446830506
478,7361,4.0,1446622736
478,7438,4.0,1446621926
478,7458,4.5,1446830493
478,8368,4.5,1446622638
478,8984,4.5,1446830502
478,30812,4.0,1448366027
478,32587,4.5,1446621931
478,47099,4.5,1448366020
478,48516,4.5,1446621779
478,53125,4.0,1446621673
478,54001,4.5,1446621676
478,55247,5.0,1446622172
478,55269,4.5,1446622204
478,58559,3.5,1446621987
478,59022,2.5,1446622341
478,59315,3.5,1446621844
478,64957,5.0,1446830173
478,68157,4.5,1446623029
478,72378,2.5,1446621819
478,72998,4.0,1446622651
478,73017,4.0,1446622630
478,74458,4.5,1446622412
478,79132,5.0,1446622776
478,80463,3.5,1446621664
478,80693,3.5,1446830417
478,81537,3.5,1446622200
478,81562,3.0,1446621814
478,84844,5.0,1446622362
478,88125,4.5,1446622406
478,89492,4.0,1446621822
478,91529,4.0,1446623043
478,91542,4.0,1446622632
478,92259,5.0,1446622009
478,99114,4.0,1446621730
478,106918,5.0,1446830134
478,109374,4.5,1446622140
478,109487,5.0,1446621584
478,118900,3.5,1446622281
478,119145,4.0,1446622655
478,122886,5.0,1446622586
478,138036,4.0,1448365930
479,2,4.0,1409093666
479,104,4.0,1410192250
479,150,5.0,1409005120
