479,318,5.0,1409004681
479,367,4.0,1409093530
479,586,4.0,1409093577
479,593,5.0,1409004732
479,1097,4.0,1409005147
479,1136,5.0,1409004746
479,1193,4.0,1409093557
479,1206,3.0,1409093622
479,1270,4.5,1409093498
479,1387,4.0,1409005161
479,1388,3.5,1409004128
479,1580,4.5,1409093527
479,1663,4.0,1410192304
479,1704,4.0,1409093588
479,1732,3.0,1409093701
479,1920,2.0,1409004174
479,1961,4.5,1409093598
479,1968,4.5,1409093663
479,2004,2.0,1409004133
479,2082,3.5,1409004123
479,2114,3.5,1409004206
479,2116,2.0,1409004096
479,2502,4.0,1409093698
479,2571,4.0,1409004715
479,2683,4.0,1409093607
479,2706,4.0,1409093634
479,2762,4.0,1409093515
479,2791,4.0,1409093728
479,2916,4.0,1409093710
479,2918,4.5,1409093650
479,2959,4.0,1409004704
479,3534,3.0,1409004141
479,3793,4.0,1409093593
479,4226,4.5,1409004729
479,4306,4.0,1409093549
479,4558,3.5,1409004232
479,4686,3.5,1409004449
479,4886,4.0,1409093638
479,4896,4.5,1409093797
479,4963,4.0,1409093654
479,4980,3.0,1409004201
479,4993,2.0,1409093519
479,4995,4.5,1409093679
479,5481,4.0,1410192265
479,5618,0.5,1409004709
479,5621,4.0,1409004359
479,5816,4.0,1409093780
479,5952,2.0,1409093544
479,6377,4.0,1409093657
479,6539,4.0,1409093628
479,7153,1.0,1409004756
479,7361,4.0,1409093684
479,8464,4.0,1410192261
479,8622,4.0,1409004044
479,8961,4.5,1409093732
479,33794,5.0,1409004830
479,45950,4.0,1409004273
479,46976,5.0,1409093851
479,47610,5.0,1409005155
479,48738,5.0,1409093858
479,49530,5.0,1409005125
479,51255,3.0,1409093862
479,54001,4.0,1409093788
479,54503,5.0,1409093823
479,55247,5.0,1409005016
479,55280,2.0,1410192461
479,56367,5.0,1409005177
479,58303,4.5,1410192448
479,58559,5.0,1409004822
479,58998,4.0,1410192457
479,59315,4.0,1410192258
479,59369,4.5,1409005208
479,63082,5.0,1409093849
479,64614,4.0,1410192481
479,67255,4.5,1410192468
479,69122,5.0,1409005151
479,69481,4.5,1410192503
479,69757,5.0,1409093767
479,69844,4.5,1409093785
479,72011,4.5,1410192483
479,72998,5.0,1409005122
479,73017,4.0,1409005203
479,79132,5.0,1409004743
479,80463,4.5,1410192509
479,80489,4.0,1409005211
479,81562,5.0,1409094234
479,81834,5.0,1409005131
479,81845,4.5,1410192464
479,87232,4.0,1409005223
479,87520,4.0,1409004489
479,88125,5.0,1409005133
479,89864,5.0,1410192476
479,91529,5.0,1409004834
479,91542,4.0,1409005205
479,99114,4.0,1409004240
479,106487,4.5,1409093810
480,1,5.0,1272669366
480,2,5.0,1272669458
480,32,3.0,1272668464
480,34,3.5,1272670036
480,47,4.0,1272670017
480,50,4.5,1272667244
480,110,4.0,1272668411
480,150,4.5,1339456571
480,158,4.5,1339455084
480,165,5.0,1272668487
480,180,3.0,1339285240
480,185,4.0,1272670061
480,223,4.0,1339284707
480,296,4.0,1272668440
480,318,5.0,1272667015
480,339,4.5,1272668589
480,344,3.0,1339456450
480,356,2.0,1339456579
480,357,4.0,1272670051
480,364,5.0,1272668489
480,367,3.5,1272668505
480,377,5.0,1272671503
480,380,3.5,1272668458
480,434,4.0,1272668563
480,442,4.0,1272668709
480,455,3.0,1339284908
480,457,4.5,1272668421
480,474,4.0,1339284947
480,480,5.0,1272668408
480,481,3.0,1272670428
480,485,4.0,1339455106
480,500,4.0,1339284652
480,539,3.5,1272669408
480,586,5.0,1272669437
480,587,3.5,1272670041
480,588,3.5,1272668468
480,589,5.0,1272669274
480,590,4.0,1272668446
480,593,4.5,1272666729
480,595,3.5,1339456458
480,608,3.5,1272670006
480,648,3.5,1272670011
480,653,4.5,1272668796
480,736,4.5,1272668493
480,750,2.5,1339284717
480,778,4.0,1339284996
480,780,4.5,1272666627
480,784,2.0,1272668815
480,832,5.0,1272668804
480,858,4.0,1339456454
480,904,4.5,1272666867
480,1027,4.5,1339455426
480,1028,0.5,1339455551
480,1036,5.0,1272666561
480,1059,3.5,1339455255
480,1060,3.5,1339455372
480,1080,4.0,1339454974
480,1089,4.5,1272668610
480,1097,4.0,1339456465
480,1136,4.0,1272667253
480,1200,4.0,1272669265
480,1206,4.0,1339284702
480,1207,4.5,1339455039
480,1213,5.0,1272668612
480,1214,4.5,1272666803
480,1240,4.5,1339285265
480,1259,4.5,1272670103
480,1265,5.0,1272667434
480,1270,4.0,1272670014
480,1370,4.0,1272668821
480,1393,3.5,1272668641
480,1407,4.0,1272668749
480,1408,4.5,1339285365
480,1485,4.5,1272668743
480,1499,3.5,1339455530
480,1517,4.5,1272668632
480,1527,3.5,1272668586
480,1552,5.0,1272671511
480,1569,3.5,1272673110
480,1573,4.5,1272668727
480,1580,5.0,1272668522
480,1608,4.5,1339285505
480,1617,4.5,1272668556
480,1639,3.0,1339455053
480,1641,5.0,1272668785
480,1644,3.0,1339455351
480,1676,5.0,1272669452
480,1680,3.0,1339455518
480,1682,5.0,1272668661
480,1717,3.5,1339455501
480,1721,4.5,1272668524
480,1729,5.0,1339455111
480,1732,4.0,1339455033
480,1777,4.0,1272672623
480,1784,2.5,1339285492
480,1792,3.5,1272778290
480,1917,4.0,1272666550
480,1920,4.0,1272665583
480,1923,5.0,1272668605
480,1954,4.5,1339285421
480,1968,4.0,1272666894
480,2000,4.5,1272668767
480,2001,3.0,1339455117
480,2011,4.0,1339285301
480,2028,5.0,1272668494
480,2054,4.5,1272669445
480,2058,4.0,1339455481
480,2081,4.0,1339455073
480,2082,5.0,1339455642
480,2118,4.5,1339285292
480,2161,4.0,1339455311
480,2232,4.5,1339283559
480,2294,4.5,1339455189
480,2353,5.0,1272672157
480,2420,4.5,1339455434
480,2424,3.5,1272669401
480,2529,5.0,1339285842
480,2542,5.0,1272672310
480,2571,5.0,1272666665
480,2617,4.0,1272668773
480,2671,3.5,1339455186
480,2683,4.5,1272668601
480,2706,0.5,1339455315
480,2762,4.5,1272666581
480,2797,4.0,1339455154
480,2959,3.5,1272667353
480,2968,5.0,1339285310
480,2985,3.5,1339455679
480,2997,2.5,1272668581
480,3114,2.5,1272668655
480,3147,4.5,1272666778
480,3168,3.0,1339455624
480,3253,4.0,1339285221
480,3256,4.0,1339456486
480,3409,4.0,1272665557
480,3438,4.0,1339456544
480,3499,4.5,1272665488
480,3535,3.5,1272669938
480,3578,5.0,1272668108
480,3698,4.5,1339455460
480,3717,2.0,1339285497
480,3751,3.0,1339455142
480,3755,2.0,1339455260
480,3793,3.5,1272670073
480,3897,4.0,1272668734
480,3911,3.0,1272669779
480,3916,4.0,1272669311
480,3948,5.0,1272668838
480,3967,3.0,1339455547
480,4011,4.5,1272667735
480,4022,4.0,1272668760
480,4023,4.0,1272778035
480,4034,4.0,1272670453
480,4148,3.5,1272666721
480,4223,4.0,1272672726
480,4226,5.0,1272666879
480,4246,4.0,1339284991
480,4251,4.0,1272668173
480,4270,3.0,1339455200
480,4306,5.0,1272666918
480,4351,4.0,1272665599
480,4381,4.0,1272669787
480,4621,3.5,1339284919
480,4638,2.0,1339455305
480,4776,5.0,1272669313
480,4878,2.5,1339284110
480,4896,5.0,1272764444
480,4901,2.0,1339455417
480,4963,3.0,1339285379
480,4993,5.0,1272667000
480,5010,4.5,1339283425
480,5108,4.5,1272669330
480,5266,5.0,1272669861
480,5349,3.5,1272670109
480,5377,2.5,1272669974
480,5418,5.0,1272668082
480,5445,4.0,1272666682
480,5449,3.5,1272672899
480,5464,4.5,1272669014
480,5481,4.5,1339285260
480,5630,4.0,1272666741
480,5816,5.0,1272764423
480,5833,4.5,1272665889
480,5903,4.0,1339284120
480,5952,5.0,1272666982
480,5956,5.0,1272673098
480,5989,3.0,1339455790
480,6016,4.5,1272667606
480,6281,5.0,1272671054
480,6323,4.5,1272671404
480,6365,3.0,1339455103
480,6373,3.0,1339454956
480,6377,4.5,1272668711
480,6380,4.0,1272665734
480,6502,4.5,1272666831
480,6539,4.5,1272777807
480,6796,5.0,1272667132
480,6870,4.0,1272667994
480,6874,4.0,1272667409
480,6879,4.5,1272670695
480,6942,4.5,1272672755
480,7004,3.5,1339284902
480,7143,4.5,1339285392
480,7153,5.0,1272666992
480,7162,4.0,1339455528
480,7254,4.5,1272670772
480,7256,4.0,1272672112
480,7293,4.5,1272672629
480,7347,3.5,1272672992
480,7360,4.5,1272670692
480,7362,4.0,1339455941
480,7438,2.0,1339284056
480,7445,4.0,1339284807
480,7458,4.5,1339455357
480,7502,5.0,1339285385
480,8360,3.5,1339283435
480,8361,4.0,1339455271
480,8368,5.0,1272764407
480,8369,4.5,1339456151
480,8528,3.0,1339285510
480,8529,3.5,1272669383
480,8641,5.0,1272668856
480,8644,4.0,1272670779
480,8665,5.0,1272670455
480,8783,3.5,1339283584
480,8798,5.0,1272670543
480,8860,4.0,1272765460
480,8874,5.0,1272667041
480,8907,3.5,1272672173
480,8908,4.0,1272665951
480,8949,0.5,1339455119
480,8950,4.0,1272669931
480,8957,4.5,1272666853
480,8958,3.5,1272667440
480,8972,3.5,1272778017
480,27611,5.0,1339284100
480,27674,4.0,1272671391
480,27773,5.0,1272667751
480,27831,4.0,1272667404
480,27867,4.0,1339455410
480,30707,1.5,1272668071
480,30825,5.0,1272669869
480,31410,3.5,1272671900
480,31685,3.5,1339455949
480,32587,5.0,1272666571
480,33166,3.5,1339285158
480,33672,3.5,1272666098
480,33679,2.5,1339455293
480,33794,4.0,1272667726
480,34162,3.5,1272666911
480,34405,5.0,1272667999
480,35836,3.5,1272666769
480,36276,3.5,1272671083
480,36708,4.5,1272672626
480,37731,1.5,1339455993
480,39446,4.0,1272777826
480,40412,4.5,1272668089
480,40723,4.0,1272666126
480,40732,4.5,1272666815
480,40815,5.0,1272670804
480,40819,4.0,1272672432
480,41566,3.0,1339284755
480,41569,3.0,1272671457
480,41997,4.0,1272667084
480,43936,4.5,1272666592
480,44199,5.0,1272667783
480,44511,4.0,1272669891
480,44555,4.0,1272667616
480,45672,3.5,1272672892
480,45722,3.5,1339284912
480,46578,5.0,1272668030
480,46970,3.0,1339455586
480,46972,3.5,1339455892
480,46976,4.5,1272668009
480,47610,3.0,1339284934
480,47629,4.0,1272672529
480,48516,5.0,1272667164
480,48774,4.5,1272666691
480,48780,5.0,1272666970
480,49272,3.5,1272668087
480,49278,4.5,1272669297
480,49530,5.0,1272668081
480,50445,3.5,1272671273
480,50872,3.5,1272668041
480,51084,4.5,1272672638
480,51255,5.0,1272666925
480,51412,4.5,1272665926
480,51540,3.5,1272671348
480,51662,3.5,1272672801
480,52328,5.0,1272671117
480,52952,3.0,1339455912
480,53000,4.0,1272671452
480,53972,2.5,1339285881
480,54001,5.0,1272764414
480,54286,5.0,1272667820
480,54372,5.0,1272666173
480,54503,4.5,1272669796
480,54881,4.5,1272667918
480,54997,4.5,1272668055
480,55094,2.0,1272778261
480,55247,1.5,1339285217
480,55765,2.0,1272670402
480,55820,4.5,1272667745
480,56145,5.0,1272670832
480,56174,4.0,1272667056
480,56251,5.0,1339285825
480,56782,3.5,1339455242
480,57368,4.5,1272670843
480,57669,5.0,1272666943
480,58559,4.0,1272666753
480,58803,4.5,1272671473
480,58998,3.5,1272669806
480,59315,3.0,1339285997
480,59369,4.0,1272666844
480,59421,4.5,1272673089
480,59784,3.0,1272671188
480,60069,4.0,1272666657
480,60074,3.5,1272672166
480,60161,4.5,1272666004
480,61352,4.5,1272670541
480,62155,3.5,1272672740
480,62374,3.0,1272670707
480,62644,3.0,1272670247
480,62956,4.5,1272669830
480,63072,3.0,1339284116
480,63113,3.0,1339455506
480,63131,4.5,1339456234
480,64716,3.5,1272672154
480,64839,3.0,1272667721
480,64969,3.5,1339455634
480,64983,4.0,1272671439
480,65088,4.0,1272672873
480,65216,5.0,1272672581
480,66203,4.0,1272672636
480,66297,4.5,1272666139
480,67197,3.5,1272778044
480,67255,4.0,1339284773
480,67997,4.5,1339455953
480,68073,4.5,1272670905
480,68135,3.5,1272672862
480,68237,5.0,1272666637
480,68791,4.0,1272669920
480,68954,2.5,1339285893
480,69122,4.0,1272666933
480,69306,3.5,1339456241
480,69757,4.0,1272668053
480,69844,5.0,1272764430
480,70286,4.5,1339283920
480,71106,3.5,1339285011
480,71135,4.5,1272670819
480,71264,3.5,1339284737
480,71535,4.0,1272665777
480,72226,2.0,1272667700
480,72378,3.5,1272666613
480,72998,5.0,1272667769
480,73017,5.0,1339284321
480,73211,4.0,1272667930
480,74228,4.0,1339285306
480,74458,4.0,1339283590
480,74740,3.5,1272670778
480,78088,4.0,1339283568
480,78349,4.0,1339283468
480,79132,5.0,1339283594
480,79702,3.0,1339285851
480,80463,4.5,1339455165
480,81562,3.0,1339455207
480,81834,4.5,1339283418
480,81845,5.0,1339455002
480,85414,3.5,1339284814
480,88125,4.5,1339283421
480,88744,3.5,1339455019
480,89745,5.0,1339284337
480,90888,3.0,1339284349
480,91542,5.0,1339284328
480,93363,4.0,1339284312
480,94018,3.5,1339284364
480,94777,4.5,1339284235
480,94864,4.0,1339284298
481,1,4.0,1437000892
481,16,4.0,1437107274
481,32,4.0,1437001138
481,58,5.0,1437001711
481,111,5.0,1437001061
481,260,5.0,1437000913
481,288,4.0,1437005927
481,293,5.0,1437001979
481,296,5.0,1437001071
481,307,5.0,1437001570
481,318,3.5,1437001004
481,356,4.0,1437000890
481,495,4.5,1437106903
481,527,3.5,1437001006
481,541,5.0,1437001831
481,593,4.0,1437000887
481,608,4.5,1437001083
481,680,4.0,1437106441
481,702,5.0,1437005446
481,750,5.0,1437001062
481,778,4.5,1437001898
481,858,5.0,1437000986
481,899,4.0,1437001363
481,903,5.0,1437001834
481,908,5.0,1437001848
481,912,4.0,1437001066
481,919,4.0,1437106109
481,922,5.0,1437001850
481,923,5.0,1437001090
481,924,5.0,1437001080
481,933,5.0,1437001545
481,955,4.0,1437001472
481,1032,4.5,1437106260
481,1084,4.5,1437001358
481,1089,5.0,1437001076
481,1097,4.5,1437107173
481,1136,3.0,1437106074
481,1172,5.0,1437001195
481,1193,5.0,1437001002
481,1196,5.0,1437001055
481,1198,4.0,1437001073
481,1201,5.0,1437001057
481,1206,5.0,1437001854
481,1208,5.0,1437001069
481,1210,5.0,1437001134
481,1213,4.5,1437000994
481,1221,5.0,1437000991
481,1222,5.0,1437006129
481,1227,5.0,1437001674
481,1230,5.0,1437001114
481,1240,3.5,1437005605
481,1244,4.0,1437001937
481,1247,4.0,1437001087
481,1251,5.0,1437001459
481,1252,5.0,1437001097
481,1256,4.5,1437107405
481,1258,5.0,1437006117
481,1260,5.0,1437001206
481,1270,5.0,1437000896
481,1281,5.0,1437001355
481,1282,5.0,1437106201
481,1291,4.0,1437001380
481,1304,5.0,1437001223
481,1348,5.0,1437001943
481,1354,4.0,1437003938
481,1356,4.5,1437001351
481,1374,4.5,1437001300
481,1387,4.0,1437107158
481,1527,4.0,1437107001
481,1580,4.0,1437106994
481,1682,4.0,1437005893
481,1704,3.5,1437106992
481,1729,4.0,1437005949
481,1732,5.0,1437003466
481,1784,3.5,1437006193
481,1884,5.0,1437107584
481,1952,5.0,1437001402
481,1955,4.0,1441892391
481,1961,3.5,1437005929
481,1997,4.0,1437002064
481,2010,5.0,1437001458
481,2065,4.0,1437106183
481,2068,5.0,1437106067
481,2115,3.5,1437107198
481,2160,4.0,1437005381
481,2291,4.0,1437005924
481,2351,4.5,1437001479
481,2360,5.0,1437001370
481,2361,4.0,1437105878
481,2529,5.0,1437002017
481,2542,4.0,1437005912
481,2571,4.0,1437000902
481,2572,3.5,1439688849
481,2628,3.0,1437001026
481,2692,5.0,1437001118
481,2712,4.0,1437006131
481,2729,3.0,1437006135
481,2730,4.5,1437006153
481,2731,5.0,1437001915
481,2732,5.0,1437002006
481,2762,4.5,1437001019
481,2763,2.0,1439688851
481,2858,4.5,1437001016
481,2918,3.5,1437001125
481,2959,4.5,1437001018
481,2997,5.0,1437001141
481,3000,5.0,1437001222
481,3010,5.0,1437005142
481,3022,4.5,1437001291
481,3083,5.0,1437001508
481,3089,5.0,1437001890
481,3134,5.0,1437001465
481,3168,5.0,1437006171
481,3285,4.0,1437002557
481,3306,5.0,1437001665
481,3307,5.0,1437001889
481,3310,5.0,1437002009
481,3362,4.5,1437001836
481,3462,5.0,1437001202
481,3471,4.0,1437005554
481,3503,5.0,1437005547
481,3504,5.0,1437001376
481,3534,2.5,1437002629
481,3535,4.0,1437002378
481,3560,4.0,1437106924
481,3578,4.0,1437002209
481,3629,5.0,1437107397
481,3677,5.0,1437106601
481,3753,2.5,1437002320
481,3863,4.0,1437002376
481,3882,1.5,1437002613
481,3897,4.5,1437002205
481,3910,5.0,1437002687
481,3949,4.5,1437001081
481,3996,4.0,1437002223
481,4011,4.0,1437005914
481,4014,4.0,1437004094
481,4016,4.0,1437002548
481,4017,4.0,1437003153
481,4023,3.0,1437002587
481,4144,4.5,1437001468
481,4226,4.0,1437002166
481,4235,4.5,1437001226
481,4246,5.0,1437002306
481,4262,4.5,1437001115
481,4270,2.0,1437002429
481,4306,3.5,1437002214
481,4308,3.5,1437002285
481,4343,1.5,1437002620
481,4370,3.5,1437002292
481,4628,4.0,1437107118
481,4638,2.0,1437002473
481,4643,2.0,1437002371
481,4658,4.0,1437105826
481,4728,3.0,1437002794
481,4776,3.0,1437002423
481,4848,4.5,1437002347
481,4874,3.5,1437002504
481,4886,4.5,1437002227
481,4896,3.5,1437006298
481,4914,5.0,1437106502
481,4963,3.5,1437002182
481,4973,5.0,1437001051
481,4992,2.0,1437002822
481,4993,5.0,1437001087
481,4994,3.5,1437003180
481,4995,3.5,1437002190
481,5014,3.5,1437002765
481,5056,5.0,1437003673
481,5147,5.0,1437003669
481,5179,5.0,1437005469
481,5218,3.0,1437002297
481,5225,4.5,1437001981
481,5266,2.5,1437002470
481,5269,5.0,1437003835
481,5304,4.5,1437004331
481,5319,5.0,1437006449
481,5349,3.0,1437002183
481,5378,3.5,1437006307
481,5418,5.0,1437002201
481,5445,3.5,1437002178
481,5449,2.0,1437002768
481,5459,3.5,1437002343
481,5489,5.0,1437003878
481,5560,4.5,1437003744
481,5607,5.0,1437006459
481,5618,5.0,1437005698
481,5620,2.0,1437002777
481,5669,3.5,1437002303
481,5686,4.5,1437004997
481,5791,4.5,1437002852
481,5878,5.0,1437001507
481,5881,1.0,1437002846
481,5902,4.5,1437002355
481,5944,3.5,1437002781
481,5945,3.5,1437006180
481,5952,4.0,1437001093
481,5956,3.5,1437107334
481,5989,4.0,1437006296
481,5991,3.5,1437002367
481,5992,4.5,1437002677
481,6003,4.0,1437002813
481,6016,5.0,1437000996
481,6155,3.0,1437002717
481,6197,4.5,1437007415
481,6214,5.0,1437005080
481,6283,5.0,1437005617
481,6287,2.5,1437003544
481,6333,1.0,1437006311
481,6365,3.5,1437006300
481,6370,4.5,1437004375
481,6373,3.0,1437002358
481,6377,5.0,1437002179
481,6385,4.0,1437002715
481,6539,3.0,1437002218
481,6591,3.5,1437003789
481,6666,5.0,1437004173
481,6711,4.5,1437003357
481,6774,4.0,1437007406
481,6863,4.0,1437002353
481,6874,5.0,1437002191
481,6888,1.0,1437002938
481,6934,3.0,1437002271
481,6942,2.5,1437002375
481,6947,3.0,1437002478
481,6975,4.5,1437003842
481,6985,5.0,1437005306
481,6987,5.0,1437005267
481,7043,5.0,1437106401
481,7063,5.0,1437003876
481,7071,4.0,1437005458
481,7090,4.5,1441892578
481,7091,4.0,1437107574
481,7147,4.0,1437002259
481,7149,3.5,1437002868
481,7151,4.0,1437003173
481,7153,4.0,1437002165
481,7160,4.0,1437002730
481,7162,4.0,1437002725
481,7254,4.0,1437002365
481,7293,3.5,1441892562
481,7323,5.0,1437002648
481,7327,5.0,1437005272
481,7347,3.5,1437002907
481,7361,5.0,1437002186
481,7371,5.0,1437002843
481,7419,4.0,1437107276
481,7438,5.0,1437002196
481,7451,2.0,1437002610
481,7505,4.5,1437003935
481,8154,5.0,1437002005
481,8197,5.0,1437002048
481,8239,5.0,1437002088
481,8368,3.5,1437002254
481,8477,5.0,1437001701
481,8529,3.5,1437002573
481,8533,2.5,1437005527
481,8620,4.0,1437004193
481,8636,2.5,1437006309
481,8638,3.0,1437001680
481,8645,3.5,1437003045
481,8665,5.0,1437002252
481,8798,3.5,1437002438
481,8873,4.5,1437003553
481,8930,4.5,1437003943
481,8949,4.0,1437002445
481,8961,3.0,1437006293
481,8966,3.0,1437003244
481,8969,4.0,1437003049
481,8970,4.0,1437002484
481,8973,4.5,1437002078
481,8981,4.0,1437002716
481,25750,5.0,1437106059
481,25771,5.0,1437003734
481,26094,5.0,1437005404
481,26258,4.0,1437105806
481,26326,5.0,1437105780
481,26574,4.0,1437004294
481,26729,5.0,1437007724
481,27423,5.0,1437005044
481,27611,3.5,1437005560
481,27773,5.0,1437001202
481,27821,3.5,1437003247
481,30707,4.5,1437002345
481,30749,4.5,1437001304
481,30812,4.0,1437002519
481,31973,5.0,1437004326
481,32444,4.0,1437106570
481,32587,4.0,1437001147
481,32825,4.5,1437106699
481,32898,5.0,1437005548
481,33166,4.0,1437002362
481,33493,3.0,1437002269
481,33679,2.5,1437002467
481,33903,5.0,1437007302
481,34048,2.0,1437107222
481,34072,4.0,1437002863
481,34437,4.5,1437002824
481,36276,4.0,1437003828
481,36529,4.0,1437002519
481,37741,4.0,1437002749
481,39183,5.0,1437002532
481,39869,4.0,1437003953
481,40819,4.5,1437002495
481,41566,3.0,1437002452
481,41997,3.5,1437107169
481,42677,4.5,1437107187
481,44555,5.0,1437001841
481,44694,4.5,1437001927
481,44717,3.0,1437005055
481,45447,2.5,1437002570
481,45720,3.0,1437002728
481,46578,5.0,1437001659
481,46723,4.0,1437002656
481,46976,3.5,1437003350
481,47152,5.0,1437106568
481,47721,5.0,1437106063
481,48165,5.0,1437003824
481,48385,3.5,1437002433
481,48394,5.0,1437002282
481,48516,4.5,1437006170
481,48997,4.0,1441892419
481,49272,3.5,1437002277
481,49299,4.0,1437006468
481,50842,4.0,1437003964
481,50872,4.5,1437002386
481,50912,4.0,1437004091
481,51662,3.0,1437002289
481,52666,4.5,1437003826
481,53123,4.0,1437001672
481,54001,4.0,1437002497
481,54259,3.0,1437002645
481,54272,3.0,1437002557
481,54286,5.0,1437002287
481,54503,4.0,1437002465
481,55118,4.0,1437007396
481,55247,4.5,1437001512
481,55269,4.5,1437002080
481,55721,4.5,1437001623
481,55820,5.0,1437001405
481,56174,3.0,1437002475
481,56367,5.0,1437002293
481,56587,3.0,1437006185
481,56757,3.0,1437002739
481,56782,4.5,1437001625
481,56869,5.0,1437005037
481,57038,5.0,1437005025
481,58301,4.0,1437003846
481,58559,3.5,1437002233
481,58879,4.0,1437107315
481,59615,2.0,1437002637
481,59805,4.0,1437006549
481,60069,4.5,1437001281
481,60333,4.5,1437003882
481,61323,4.0,1437001971
481,63082,4.0,1437006686
481,63179,4.5,1437004063
481,64278,5.0,1437007686
481,64614,4.5,1437001418
481,64957,3.5,1437002604
481,66097,4.0,1437002788
481,68157,5.0,1437001928
481,68358,3.5,1441892356
481,68872,4.0,1437004336
481,68954,4.0,1441892363
481,69122,3.5,1437002425
481,69134,4.0,1437003957
481,70533,4.0,1437005649
481,71033,4.0,1437006454
481,71108,5.0,1437003816
481,71433,4.5,1437006512
481,71535,1.0,1437005940
481,71755,5.0,1437006499
481,72683,4.0,1437006573
481,72998,3.0,1441892361
481,73017,3.0,1441892350
481,74458,4.0,1437002493
481,74789,2.5,1437002770
481,77658,5.0,1437001235
481,78499,4.5,1437002500
481,79132,4.0,1437001145
481,79702,4.5,1437002695
481,81591,4.0,1437002529
481,81786,4.5,1437004100
481,81834,3.0,1437003549
481,84187,3.5,1437005645
481,85394,4.5,1437003897
481,85774,4.0,1437001984
481,86320,4.5,1437003930
481,86626,4.0,1437106459
481,86882,3.5,1437002923
481,88125,4.0,1437001598
481,88682,4.0,1437107322
481,89000,3.5,1437006473
481,89039,4.0,1437106339
481,89356,3.5,1437006462
481,89759,4.5,1437001844
481,90863,4.5,1437107286
481,90866,4.0,1437003225
481,92163,4.0,1437106580
481,92259,4.0,1437001156
481,96020,4.0,1437006731
481,96606,5.0,1437001596
481,96829,5.0,1437001347
481,96832,5.0,1437003988
481,97230,5.0,1437107341
481,98056,4.5,1437003822
481,98963,5.0,1437004891
481,99114,5.0,1437001312
481,100106,4.5,1437007680
481,103210,3.5,1437106143
481,105246,4.5,1437004383
481,106642,2.5,1437005622
481,106782,4.0,1437002895
481,107771,4.5,1437145367
481,108727,4.0,1437003950
481,108873,3.5,1437006457
481,108979,5.0,1441892330
481,108981,4.0,1437003966
481,109374,3.5,1437001369
481,109487,4.5,1441892373
481,109848,4.5,1437005592
481,111235,3.5,1437105983
481,111443,3.5,1441892426
481,112062,4.0,1437004111
481,112070,4.0,1437996597
481,112556,4.0,1437001699
481,116797,3.5,1439688859
481,116897,5.0,1437006448
481,117533,4.0,1437001031
481,122886,4.0,1437106119
481,129191,4.0,1437004285
481,130980,4.5,1437007991
481,131830,4.0,1437996528
481,138696,5.0,1437004594
481,138698,4.5,1437004716
482,32,4.0,949292001
482,70,3.0,949292302
482,799,3.0,949292236
482,818,2.0,949291953
482,1210,4.0,949292001
482,1214,5.0,949292087
482,1219,5.0,949292087
482,1258,5.0,949292128
482,1261,4.0,949292269
482,1278,5.0,949292163
482,1321,3.0,949292087
482,1333,4.0,949292163
482,1334,4.0,949292236
482,1337,2.0,949292269
482,1347,2.0,949292236
482,1355,4.0,949291953
482,1387,4.0,949292087
482,1407,3.0,949292383
482,1721,5.0,949291953
482,1752,3.0,949291953
482,1982,3.0,949292236
482,1994,3.0,949292163
482,1997,5.0,949292087
482,2003,4.0,949292236
482,2097,3.0,949292383
482,2118,4.0,949292196
482,2160,3.0,949292196
482,2288,3.0,949292087
482,2366,4.0,949292128
482,2454,2.0,949292269
482,2455,2.0,949292269
482,2517,3.0,949292383
482,2617,4.0,949292302
482,2633,4.0,949292196
482,2634,5.0,949292332
482,2635,5.0,949292128
482,2636,5.0,949292128
482,2637,4.0,949292128
482,2638,3.0,949292128
482,2644,5.0,949292163
482,2647,5.0,949292163
482,2648,5.0,949292087
482,2649,5.0,949292196
482,2650,5.0,949292196
482,2651,5.0,949292269
482,2652,5.0,949292302
482,2653,2.0,949292163
482,2654,5.0,949292196
482,2664,5.0,949292163
482,2716,5.0,949292087
482,2747,3.0,949292302
482,2780,4.0,949292236
482,2781,3.0,949292332
482,2784,4.0,949292087
482,2867,2.0,949292236
482,2901,4.0,949292302
482,3016,3.0,949292383
482,3018,5.0,949292001
482,3264,3.0,949292236
483,50,4.0,1465389616
483,110,4.0,1465387307
483,111,3.0,1465387417
483,260,4.0,1465387263
483,293,4.0,1465387311
483,318,5.0,1465387257
483,356,5.0,1465387336
483,377,3.0,1465387536
483,380,4.0,1465387574
483,457,3.5,1465387340
483,541,5.0,1465389610
483,588,2.5,1465387504
483,589,4.0,1465387306
483,593,5.0,1465387333
483,648,4.0,1465387522
483,778,5.0,1465387437
483,1036,4.5,1465387389
483,1089,4.0,1465387397
483,1196,5.0,1465387264
483,1198,4.0,1465387260
483,1200,5.0,1465387318
483,1210,3.5,1465387290
483,1213,5.0,1465387394
483,1214,5.0,1465387420
483,1222,4.5,1465389630
483,1240,5.0,1465387341
483,1258,4.0,1465389633
483,1259,5.0,1465387564
483,1291,4.0,1465387282
483,1527,3.0,1465387443
483,1573,2.0,1465387568
