516,1090,4.0,844688176
516,1092,3.0,844688162
516,1094,3.0,844688222
516,1097,4.0,844687965
516,1100,3.0,844688234
516,1101,4.0,844687985
516,1105,3.0,844688529
516,1124,4.0,844688451
516,1129,3.0,844688430
516,1130,3.0,844688476
517,2,5.0,846450065
517,11,5.0,846450066
517,17,5.0,846450097
517,19,3.0,846450012
517,39,4.0,846450026
517,47,5.0,846449972
517,95,4.0,846450097
517,110,5.0,846449954
517,153,3.0,846449875
517,160,1.0,846450043
517,165,4.0,846449875
517,173,4.0,846450065
517,185,5.0,846449928
517,186,5.0,846450111
517,208,5.0,846449929
517,231,3.0,846449893
517,236,5.0,846450097
517,253,4.0,846449954
517,266,5.0,846450043
517,316,4.0,846449892
517,317,5.0,846450043
517,329,3.0,846449893
517,344,4.0,846449875
517,356,5.0,846449907
517,357,5.0,846450026
517,367,4.0,846449972
517,377,5.0,846449972
517,380,4.0,846449856
517,420,4.0,846450026
517,432,3.0,846450065
517,434,5.0,846449907
517,480,4.0,846449907
517,500,5.0,846449990
517,527,5.0,846450026
517,539,4.0,846450011
517,587,5.0,846449990
517,588,5.0,846449875
517,589,4.0,846449954
517,590,5.0,846449856
517,592,3.0,846449856
517,595,5.0,846449893
517,597,4.0,846449990
518,1,5.0,945369114
518,2,4.0,945362514
518,4,1.0,945365209
518,5,3.0,945364959
518,7,3.0,945361906
518,9,4.0,945369995
518,11,5.0,945362876
518,13,5.0,945369411
518,17,5.0,945362632
518,19,3.0,945365345
518,21,1.0,945363877
518,22,4.0,945367938
518,24,3.0,945445633
518,34,5.0,945363618
518,39,4.0,945362876
518,47,5.0,945367593
518,48,1.0,945362044
518,54,4.0,945364826
518,64,2.0,945363167
518,65,3.0,945365606
518,74,3.0,945362943
518,87,3.0,945369382
518,88,3.0,945365379
518,89,3.0,945368183
518,95,4.0,945370057
518,102,3.0,945365111
518,104,4.0,945364980
518,122,3.0,945362083
518,126,3.0,945362544
518,141,4.0,945364027
518,153,3.0,945365209
518,158,4.0,945369320
518,160,3.0,945369995
518,165,3.0,945369740
518,169,4.0,945369439
518,172,3.0,945368237
518,173,1.0,945443639
518,181,2.0,945369411
518,186,2.0,945364758
518,195,3.0,945363018
518,196,3.0,945367039
518,203,4.0,945364027
518,207,3.0,945363127
518,216,3.0,945365164
518,218,3.0,945363973
518,222,5.0,945362897
518,223,5.0,945363835
518,224,2.0,945361616
518,225,4.0,945368427
518,230,5.0,945367613
518,231,1.0,945365298
518,234,3.0,945364980
518,236,3.0,945361957
518,237,3.0,945362022
518,239,4.0,945362108
518,248,3.0,945365164
518,250,3.0,945365606
518,252,5.0,945362943
518,253,5.0,945366856
518,260,5.0,945362431
518,265,4.0,945362762
518,266,2.0,945361428
518,270,4.0,945361865
518,273,5.0,945367039
518,275,3.0,945365229
518,276,3.0,945362108
518,282,4.0,945445877
518,288,4.0,945367967
518,289,4.0,945361957
518,292,4.0,945369740
518,296,5.0,945443754
518,316,4.0,945369721
518,317,4.0,945362480
518,318,5.0,945444158
518,329,3.0,945369691
518,337,5.0,945445542
518,339,5.0,945361690
518,342,4.0,945361653
518,344,4.0,945365209
518,345,4.0,945363852
518,351,3.0,945362044
518,353,3.0,945367806
518,355,1.0,945365250
518,356,5.0,945361653
518,360,3.0,945365440
518,361,4.0,945361906
518,362,5.0,945362996
518,364,4.0,945369114
518,367,4.0,945362455
518,368,4.0,945364045
518,372,4.0,945365275
518,374,3.0,945369382
518,377,4.0,945362827
518,378,3.0,945362022
518,379,3.0,945369721
518,380,3.0,945361813
518,381,3.0,945445750
518,410,3.0,945364902
518,414,3.0,945364703
518,415,4.0,945365467
518,420,3.0,945365135
518,432,3.0,945365209
518,434,4.0,945369889
518,435,1.0,945365044
518,440,3.0,945362783
518,441,1.0,945364098
518,442,3.0,945369663
518,448,3.0,945445004
518,450,4.0,945364886
518,451,1.0,945362022
518,453,2.0,945365087
518,455,4.0,945369348
518,457,5.0,945367538
518,464,2.0,945443861
518,466,1.0,945365087
518,480,5.0,945369663
518,481,4.0,945445666
518,485,3.0,945365044
518,487,3.0,945364863
518,494,4.0,945367833
518,498,3.0,945361979
518,500,4.0,945364061
518,502,3.0,945369348
518,508,5.0,945445429
518,509,1.0,945362876
518,516,3.0,945364886
518,518,2.0,945365024
518,519,2.0,945369025
518,520,3.0,945365298
518,529,4.0,945444238
518,532,3.0,945366895
518,539,5.0,945361616
518,542,3.0,945365467
518,546,1.0,945370191
518,550,2.0,945361865
518,551,2.0,945362232
518,552,4.0,945369783
518,555,4.0,945361202
518,558,3.0,945362557
518,564,3.0,945365440
518,575,5.0,945369271
518,585,3.0,945364758
518,586,5.0,945364758
518,587,4.0,945361841
518,588,4.0,945362206
518,589,4.0,945369564
518,590,2.0,945443476
518,592,3.0,945369756
518,593,5.0,945367407
518,594,4.0,945362183
518,595,5.0,945362262
518,596,4.0,945369114
518,597,4.0,945361386
518,605,4.0,945363057
518,608,5.0,945367520
518,612,2.0,945365209
518,616,4.0,945369201
518,628,4.0,945367631
518,648,4.0,945369847
518,653,4.0,945362480
518,661,4.0,945362294
518,663,5.0,945365379
518,673,5.0,945362544
518,691,3.0,945362108
518,708,5.0,945362920
518,709,5.0,945369218
518,711,4.0,945369411
518,719,2.0,945365164
518,733,5.0,945367708
518,736,4.0,945362996
518,742,5.0,945367147
518,762,1.0,945365024
518,780,5.0,945369663
518,783,4.0,945369295
518,786,3.0,945368237
518,788,4.0,945362022
518,798,4.0,945367906
518,799,3.0,945363922
518,801,3.0,945363852
518,802,5.0,945361906
518,805,5.0,945445645
518,828,4.0,945369320
518,829,1.0,945362365
518,830,4.0,945364781
518,832,3.0,945367875
518,836,4.0,945369954
518,837,3.0,945369146
518,840,3.0,945365323
518,858,3.0,945369539
518,885,2.0,945362514
518,899,5.0,945362183
518,900,4.0,945362232
518,902,3.0,945362632
518,912,3.0,945362586
518,914,4.0,945362739
518,919,4.0,945362183
518,920,4.0,945362805
518,924,3.0,945444284
518,932,4.0,945362943
518,953,5.0,945444939
518,986,4.0,945369146
518,998,4.0,945443861
518,1005,3.0,945365298
518,1009,3.0,945362514
518,1010,2.0,945364826
518,1012,4.0,945369201
518,1013,5.0,945369295
518,1014,5.0,945364863
518,1016,2.0,945364703
518,1017,4.0,945443569
518,1020,4.0,945365135
518,1021,3.0,945364997
518,1022,5.0,945362262
518,1025,4.0,945369243
518,1028,5.0,945362232
518,1029,4.0,945369243
518,1030,3.0,945362365
518,1032,4.0,945362294
518,1033,4.0,945369271
518,1035,5.0,945362232
518,1036,3.0,945367428
518,1037,3.0,945368494
518,1042,3.0,945363722
518,1049,3.0,945369691
518,1061,5.0,945443806
518,1064,4.0,945364758
518,1073,5.0,945362431
518,1081,5.0,945362262
518,1088,4.0,945362333
518,1090,5.0,945445004
518,1091,2.0,945364937
518,1093,3.0,945362317
518,1094,3.0,945361166
518,1096,3.0,945445702
518,1097,5.0,945362431
518,1101,3.0,945363018
518,1113,3.0,945363898
518,1124,3.0,945445903
518,1125,1.0,945363877
518,1127,4.0,945367631
518,1129,3.0,945369740
518,1135,4.0,945364118
518,1136,4.0,945363582
518,1186,4.0,945445681
518,1191,2.0,945444059
518,1193,3.0,945444158
518,1194,3.0,945363922
518,1196,5.0,945362612
518,1197,5.0,945360964
518,1198,5.0,945369539
518,1200,4.0,945369564
518,1201,5.0,945369663
518,1210,5.0,945362762
518,1214,4.0,945366654
518,1215,4.0,945366714
518,1219,3.0,945366628
518,1220,4.0,945362317
518,1221,3.0,945369539
518,1222,4.0,945369635
518,1225,4.0,945444158
518,1234,3.0,945363564
518,1235,4.0,945363688
518,1240,4.0,945367428
518,1242,5.0,945369564
518,1247,3.0,945362632
518,1258,3.0,945366714
518,1259,5.0,945363635
518,1261,4.0,945363973
518,1265,3.0,945361143
518,1268,4.0,945445666
518,1270,4.0,945363688
518,1271,5.0,945445597
518,1275,5.0,945369721
518,1278,3.0,945363582
518,1282,3.0,945362232
518,1285,4.0,945363835
518,1286,4.0,945363184
518,1290,4.0,945363167
518,1291,5.0,945369608
518,1297,4.0,945364141
518,1302,5.0,945445004
518,1307,5.0,945362612
518,1321,3.0,945366654
518,1330,4.0,945364920
518,1331,3.0,945366945
518,1333,5.0,945366654
518,1334,3.0,945366895
518,1339,3.0,945361616
518,1342,2.0,945366967
518,1343,3.0,945367938
518,1344,3.0,945367520
518,1345,4.0,945366714
518,1346,4.0,945366994
518,1347,4.0,945366812
518,1350,4.0,945366856
518,1353,3.0,945362022
518,1359,3.0,945365275
518,1366,4.0,945445877
518,1367,5.0,945369295
518,1370,3.0,945367986
518,1371,3.0,945370014
518,1372,4.0,945369869
518,1373,3.0,945370127
518,1374,4.0,945369663
518,1375,2.0,945369869
518,1376,4.0,945369691
518,1377,3.0,945369954
518,1378,4.0,945364920
518,1379,3.0,945365229
518,1380,5.0,945362294
518,1381,4.0,945362389
518,1387,3.0,945366628
518,1391,1.0,945365044
518,1393,5.0,945361249
518,1394,5.0,945363835
518,1407,3.0,945366856
518,1409,3.0,945361690
518,1425,3.0,945364002
518,1431,4.0,945370127
518,1432,4.0,945370095
518,1433,3.0,945367279
518,1440,3.0,945364002
518,1441,3.0,945361616
518,1453,3.0,945362083
518,1457,4.0,945362044
518,1459,5.0,945368427
518,1460,4.0,945365440
518,1473,3.0,945363635
518,1474,2.0,945364118
518,1479,3.0,945361935
518,1485,4.0,945364703
518,1487,3.0,945362334
518,1488,4.0,945369995
518,1489,3.0,945362389
518,1500,4.0,945363689
518,1513,4.0,945363973
518,1515,4.0,945368494
518,1517,4.0,945363948
518,1525,1.0,945362544
518,1526,3.0,945365164
518,1541,4.0,945361935
518,1544,4.0,945368544
518,1552,4.0,945368494
518,1562,3.0,945370127
518,1566,5.0,945362365
518,1569,2.0,945361813
518,1573,4.0,945367967
518,1580,5.0,945363689
518,1584,4.0,945360989
518,1586,4.0,945369721
518,1587,4.0,945369907
518,1588,5.0,945363835
518,1592,4.0,945365275
518,1593,3.0,945362108
518,1595,4.0,945369439
518,1597,3.0,945361865
518,1605,5.0,945443696
518,1606,3.0,945370171
518,1608,4.0,945367833
518,1614,3.0,945363877
518,1620,4.0,945367806
518,1629,4.0,945363127
518,1639,4.0,945361249
518,1641,4.0,945363651
518,1646,3.0,945365298
518,1647,2.0,945368237
518,1653,4.0,945367875
518,1661,3.0,945367906
518,1663,3.0,945363835
518,1672,4.0,945445778
518,1674,4.0,945362783
518,1682,4.0,945445542
518,1688,4.0,945362317
518,1689,3.0,945364843
518,1693,5.0,945445903
518,1702,3.0,945362544
518,1707,4.0,945369452
518,1713,3.0,945364141
518,1721,1.0,945361841
518,1732,2.0,945363786
518,1747,4.0,945363922
518,1760,1.0,945362389
518,1772,4.0,945362389
518,1777,5.0,945361720
518,1779,3.0,945368459
518,1784,5.0,945363705
518,1792,4.0,945368713
518,1799,3.0,945443806
518,1801,5.0,945363167
518,1805,4.0,945368041
518,1812,3.0,945365323
518,1821,4.0,945362920
518,1831,3.0,945368615
518,1835,5.0,945363040
518,1839,2.0,945365044
518,1845,4.0,945367806
518,1854,4.0,945362124
518,1855,3.0,945365111
518,1874,3.0,945361884
518,1876,4.0,945369907
518,1881,4.0,945362544
518,1885,4.0,945445028
518,1888,4.0,945361979
518,1894,3.0,945362083
518,1902,1.0,945361143
518,1907,5.0,945369169
518,1911,4.0,945364781
518,1917,5.0,945368615
518,1919,4.0,945369146
518,1947,4.0,945362206
518,1954,4.0,945369635
518,1955,4.0,945445569
518,1957,3.0,945444971
518,1958,5.0,945364758
518,1959,2.0,945362827
518,1960,5.0,945445751
518,1961,5.0,945445409
518,1962,3.0,945445554
518,1967,4.0,945362480
518,1968,5.0,945363806
518,1969,3.0,945367170
518,1991,3.0,945366994
518,1994,4.0,945366812
518,1995,3.0,945367187
518,1997,4.0,945366654
518,2000,4.0,945363898
518,2001,3.0,945364002
518,2002,3.0,945364997
518,2003,4.0,945364781
518,2005,5.0,945362514
518,2006,4.0,945361386
518,2011,3.0,945364806
518,2012,3.0,945364886
518,2014,3.0,945369146
518,2018,3.0,945369114
518,2020,5.0,945362762
518,2021,4.0,945362514
518,2022,5.0,945445932
518,2028,4.0,945360989
518,2036,3.0,945369439
518,2042,3.0,945365024
518,2044,2.0,945365379
518,2045,4.0,945369201
518,2046,4.0,945369114
518,2050,2.0,945365275
518,2052,2.0,945364098
518,2053,3.0,945365323
518,2054,4.0,945362480
518,2059,4.0,945369243
518,2072,2.0,945365467
518,2076,3.0,945444896
518,2078,4.0,945362183
518,2080,3.0,945362206
518,2081,5.0,945362294
518,2082,4.0,945364758
518,2083,3.0,945362294
518,2085,4.0,945369243
518,2087,4.0,945362206
518,2088,3.0,945362365
518,2089,3.0,945369169
518,2090,5.0,945369243
518,2092,2.0,945362365
518,2094,4.0,945369971
518,2095,1.0,945365064
518,2096,5.0,945362294
518,2097,5.0,945366945
518,2100,4.0,945362455
518,2105,3.0,945362480
518,2108,1.0,945361230
518,2109,3.0,945364141
518,2113,3.0,945367147
518,2114,3.0,945445612
518,2115,3.0,945369907
518,2118,5.0,945366654
518,2119,3.0,945367279
518,2120,4.0,945366895
518,2121,5.0,945367147
518,2122,4.0,945367170
518,2123,2.0,945369411
518,2124,4.0,945364781
518,2125,5.0,945361230
518,2126,3.0,945368562
518,2133,4.0,945443494
518,2134,4.0,945364806
518,2139,4.0,945369201
518,2140,3.0,945362514
518,2141,4.0,945369271
518,2143,5.0,945362544
518,2144,5.0,945363973
518,2145,4.0,945364758
518,2146,3.0,945363127
518,2154,3.0,945361979
518,2160,3.0,945366812
518,2161,4.0,945360989
518,2162,3.0,945362514
518,2168,3.0,945361120
518,2174,4.0,945362455
518,2193,5.0,945362480
518,2194,5.0,945369586
518,2240,3.0,945445778
518,2241,2.0,945365250
518,2243,4.0,945362805
518,2244,3.0,945365440
518,2245,3.0,945364027
518,2247,3.0,945364806
518,2248,5.0,945362783
518,2250,3.0,945445845
518,2253,3.0,945362514
518,2259,3.0,945363167
518,2261,4.0,945365467
518,2262,3.0,945363101
518,2263,5.0,945368183
518,2265,3.0,945365606
518,2266,3.0,945362063
518,2268,5.0,945443754
518,2273,4.0,945360989
518,2291,5.0,945445597
518,2292,4.0,945362108
518,2294,3.0,945369146
518,2296,3.0,945365549
518,2301,3.0,945364703
518,2302,3.0,945363768
518,2310,5.0,945444137
518,2316,3.0,945363127
518,2327,3.0,945367064
518,2331,2.0,945362920
518,2333,4.0,945444939
518,2335,5.0,945364980
518,2340,3.0,945361865
518,2345,4.0,945445448
518,2346,3.0,945368459
518,2354,4.0,945365229
518,2355,5.0,945363599
518,2366,3.0,945369564
518,2367,3.0,945443656
518,2369,4.0,945363077
518,2373,3.0,945370171
518,2375,4.0,945365323
518,2376,4.0,945369921
518,2378,3.0,945364980
518,2379,2.0,945365519
518,2380,2.0,945365573
518,2381,2.0,945365606
518,2382,2.0,945365606
518,2383,2.0,945365606
518,2385,1.0,945361935
518,2394,4.0,945362317
518,2396,5.0,945361120
518,2398,4.0,945445045
518,2402,3.0,945370149
518,2403,3.0,945369954
518,2405,4.0,945363101
518,2406,5.0,945362971
518,2407,4.0,945364045
518,2408,3.0,945365183
518,2409,3.0,945369954
518,2410,3.0,945370057
518,2411,3.0,945370149
518,2412,3.0,945370149
518,2416,3.0,945364098
518,2418,3.0,945364826
518,2420,4.0,945445735
518,2421,3.0,945370057
518,2422,2.0,945370214
518,2423,3.0,945365111
518,2424,5.0,945361935
518,2429,4.0,945369271
518,2430,4.0,945369201
518,2431,5.0,945365164
518,2432,5.0,945445932
518,2450,2.0,945369439
518,2453,3.0,945362455
518,2455,4.0,945366812
518,2456,3.0,945366994
518,2457,4.0,945364719
518,2458,3.0,945365379
518,2459,1.0,945367064
518,2463,5.0,945364863
518,2464,3.0,945367258
518,2468,4.0,945363202
518,2469,3.0,945363040
518,2470,4.0,945443529
518,2471,3.0,945365183
518,2473,3.0,945365298
518,2478,4.0,945365111
518,2485,3.0,945363040
518,2490,4.0,945368183
518,2496,4.0,945362943
518,2504,3.0,945365323
518,2506,4.0,945361813
518,2513,3.0,945366895
518,2514,2.0,945367229
518,2517,4.0,945366832
518,2518,4.0,945363973
518,2529,5.0,945369586
518,2558,2.0,945362971
518,2559,3.0,945369348
518,2565,3.0,945362262
518,2566,3.0,945369439
518,2567,4.0,945363898
518,2572,4.0,945361720
518,2574,3.0,945365345
518,2580,3.0,945443773
518,2581,5.0,945361690
518,2613,4.0,945366895
518,2615,4.0,945443696
518,2616,1.0,945369889
518,2617,4.0,945366967
518,2622,5.0,945362431
518,2628,5.0,945362514
518,2629,3.0,945362063
518,2640,4.0,945369608
518,2641,3.0,945369971
518,2642,3.0,945370149
518,2643,2.0,945370191
518,2657,2.0,945362317
518,2668,3.0,945367229
518,2671,5.0,945361428
518,2687,5.0,945369146
518,2694,5.0,945365135
518,2699,3.0,945364844
518,2701,3.0,945370171
518,2709,4.0,945364781
518,2713,4.0,945367064
518,2716,4.0,945363806
518,2717,3.0,945365275
518,2718,3.0,945363668
518,2720,4.0,945365519
518,2722,4.0,945368401
518,2723,4.0,945365087
518,2724,5.0,945362022
518,2733,2.0,945364061
518,2735,3.0,945369847
518,2736,4.0,945364027
518,2739,5.0,945445805
518,2746,5.0,945362334
518,2751,4.0,945365064
518,2752,5.0,945365345
518,2761,5.0,945369114
518,2786,2.0,945365467
518,2787,4.0,945366856
518,2791,2.0,945363618
518,2794,2.0,945365401
518,2796,2.0,945365519
518,2797,5.0,945362431
518,2798,3.0,945365573
518,2802,4.0,945363101
518,2803,3.0,945367967
518,2804,5.0,945363564
518,2805,4.0,945362063
518,2808,3.0,945370127
518,2815,3.0,945370035
518,2816,2.0,945370214
518,2822,4.0,945362022
518,2828,3.0,945369439
518,2857,3.0,945362262
518,2860,4.0,945365209
518,2861,4.0,945445823
518,2863,3.0,945362183
518,2872,4.0,945362848
518,2875,4.0,945362044
518,2881,4.0,945368729
518,2898,3.0,945367094
518,2900,3.0,945367147
518,2915,3.0,945363877
518,2916,4.0,945367669
518,2917,3.0,945443773
518,2918,5.0,945363737
518,2926,4.0,945363948
518,2941,3.0,945362317
518,2942,3.0,945363167
518,2950,2.0,945360964
518,2951,4.0,945369847
518,2953,4.0,945365379
518,2956,3.0,945368459
518,2968,4.0,945362455
518,2978,5.0,945365440
518,2985,4.0,945369721
518,2986,3.0,945370096
518,2987,5.0,945369483
518,2990,3.0,945369847
518,3004,4.0,945363184
518,3016,4.0,945366895
518,3017,4.0,945367039
518,3029,3.0,945370077
518,3034,4.0,945369114
518,3039,4.0,945363835
518,3040,3.0,945364002
518,3042,3.0,945365627
518,3048,3.0,945365627
518,3063,3.0,945369006
518,3070,4.0,945363806
518,3071,5.0,945445845
518,3072,2.0,945363835
518,3081,4.0,945362897
518,3100,3.0,945445409
518,3101,4.0,945368160
518,3102,4.0,945367520
518,3103,3.0,945363127
518,3104,5.0,945363668
518,3105,4.0,945445449
518,3107,5.0,945369756
518,3108,3.0,945361230
518,3112,5.0,945445429
518,3114,5.0,945363517
518,3130,2.0,945365519
518,3147,5.0,945367428
519,50,4.0,1468758676
519,104,4.0,1469927080
519,111,4.0,1468758621
519,216,4.0,1469927082
519,223,4.5,1468759080
519,235,4.0,1468758651
519,260,5.0,1468928013
519,288,4.5,1468927376
519,296,4.5,1468927377
519,318,4.5,1468759064
519,333,4.0,1469927097
519,356,4.0,1469181841
519,441,4.5,1471683093
519,527,2.0,1469182009
519,589,4.5,1468759092
519,593,4.0,1468758652
519,608,4.0,1468758645
519,750,4.0,1468758656
519,858,4.5,1468759032
519,923,4.5,1468759098
519,924,5.0,1468927451
519,1036,4.5,1468759090
519,1078,4.5,1471685055
519,1080,5.0,1468759663
519,1089,5.0,1468927109
519,1136,4.5,1469182184
519,1193,4.5,1468759113
519,1194,5.0,1471150616
519,1199,5.0,1471150612
519,1201,4.5,1468927525
519,1203,5.0,1468927483
519,1206,5.0,1468758399
519,1213,5.0,1471150621
519,1219,3.5,1469181965
519,1220,4.5,1468927253
519,1222,4.5,1468758988
519,1228,4.5,1468758999
519,1230,4.5,1471685031
519,1240,4.5,1468758883
519,1244,4.5,1471685039
519,1251,5.0,1467009776
519,1258,4.5,1468758859
519,1259,4.0,1468758676
519,1261,4.5,1468927239
519,1270,5.0,1468927433
519,1278,4.0,1473235397
519,1380,4.0,1468926782
519,1517,4.0,1469927071
519,1704,4.0,1468767273
519,1732,5.0,1463339036
519,1753,4.5,1469926965
519,1954,5.0,1466851007
519,2019,5.0,1466850987
519,2174,4.0,1468758662
519,2324,5.0,1463338874
519,2363,4.0,1468927863
519,2395,4.5,1468927281
519,2502,4.5,1469927131
519,2700,4.5,1468758759
519,2716,4.5,1468927255
519,2791,4.5,1468758753
519,2857,5.0,1463338907
519,2959,5.0,1463338913
519,2973,5.0,1471685051
519,3033,4.0,1468760056
519,3253,4.0,1469927063
519,3307,5.0,1463338910
519,3424,3.5,1469182044
519,3481,4.0,1469366330
519,3535,5.0,1468758557
519,3552,3.5,1469927092
519,3608,4.0,1469927088
519,3671,4.5,1469927119
519,3897,4.0,1468758687
519,4002,5.0,1466850909
519,4571,4.5,1469927116
519,4973,5.0,1463338876
519,4979,4.5,1468927277
519,4993,4.5,1468927285
519,5101,5.0,1471685742
519,5618,5.0,1466950342
519,5669,4.5,1470072626
519,5673,4.0,1468758689
519,5686,4.0,1468758644
519,5772,5.0,1466960457
519,6001,4.0,1468758647
519,6122,5.0,1471685732
519,6433,4.0,1468758653
519,6669,5.0,1474422697
519,6711,5.0,1463338905
519,6807,3.5,1469182179
519,6874,4.5,1468927126
519,6993,4.5,1471685043
519,7022,5.0,1468755425
519,7302,5.0,1463338941
519,7361,4.5,1468758956
519,7438,4.5,1468927125
519,7451,4.5,1469927147
519,8464,2.0,1469182047
519,8807,4.5,1469927006
519,8874,4.5,1468758890
519,8917,4.5,1469927142
519,26326,5.0,1463339081
519,27773,5.0,1469190254
519,30810,4.0,1468758580
519,32587,5.0,1463338951
519,35836,4.5,1469927155
519,38061,3.5,1469181970
519,42163,5.0,1471685735
519,44195,3.0,1469181973
519,46578,4.0,1469960428
519,48385,4.5,1468758840
519,50872,3.5,1469182067
519,51255,4.0,1469927049
519,54503,5.0,1463338939
519,61024,4.0,1469926999
519,61132,4.5,1468758835
519,67997,4.0,1469619273
519,68157,4.5,1468928143
519,71535,4.0,1469927060
519,71899,5.0,1463338920
519,72171,4.5,1468758767
519,72226,3.5,1469927055
519,78836,5.0,1469269706
519,79702,4.0,1468758681
519,86377,5.0,1470072674
519,86882,4.5,1471685075
519,89745,3.0,1469182070
519,89904,5.0,1469177091
519,97306,4.0,1468758625
519,97913,4.0,1468758622
519,99114,4.5,1468928138
519,99764,5.0,1463339075
519,102217,5.0,1470072722
519,102800,4.5,1468758783
519,103341,4.0,1469927078
519,105844,4.0,1469190294
519,106766,4.0,1468758602
519,106916,3.0,1469182006
519,106920,5.0,1463338931
519,108932,4.0,1468758603
519,109374,5.0,1463338935
519,112183,4.0,1468758604
519,115569,4.0,1468758598
519,118890,5.0,1470072711
519,120805,5.0,1471685805
519,122882,3.0,1469181999
519,122886,4.0,1468758679
519,122904,4.0,1469927090
519,127202,4.0,1469960406
519,128360,4.5,1468928141
519,128846,5.0,1470075328
519,129514,5.0,1471686733
519,130970,5.0,1471686745
519,134130,4.5,1470041802
519,134853,3.5,1469181951
519,136445,5.0,1471686897
519,136447,5.0,1471686728
519,140265,5.0,1471686899
519,140715,4.5,1469366290
520,1,3.0,1142028487
520,32,4.5,1142024573
520,47,5.0,1142025848
520,48,2.0,1142024211
520,50,5.0,1142025871
520,70,1.5,1142444254
520,111,5.0,1142024764
520,157,2.0,1143503629
520,163,3.0,1142024149
520,231,4.0,1142028927
520,236,2.0,1142024187
520,260,5.0,1142025781
520,292,2.5,1142029728
520,296,4.0,1142025901
520,318,5.0,1142025816
520,457,3.5,1146596079
520,466,1.5,1142024182
520,475,3.5,1142024826
520,480,4.0,1143504870
520,500,3.0,1142028932
520,520,2.0,1142024215
520,527,5.0,1142026274
520,539,3.0,1143503593
520,588,4.0,1142028522
520,593,4.5,1142029975
520,595,4.5,1142028512
520,648,3.5,1142028862
520,733,3.0,1143503503
520,750,4.5,1142024717
520,780,2.5,1143503541
520,858,5.0,1142024599
520,912,5.0,1142024691
520,1047,2.0,1143503160
520,1060,4.0,1142028071
520,1089,4.0,1142026006
520,1090,5.0,1142024644
520,1093,2.5,1143503165
520,1095,4.5,1142024770
520,1097,3.5,1143504862
520,1193,4.5,1142024649
520,1196,5.0,1142025802
520,1198,4.0,1142025770
520,1200,4.0,1146596136
520,1208,5.0,1142024737
520,1210,4.0,1142025807
520,1213,4.0,1142024621
520,1214,4.0,1143503355
520,1221,5.0,1142024635
520,1234,5.0,1142024219
520,1247,4.0,1142024742
520,1252,5.0,1142024165
520,1278,3.5,1142024141
520,1291,3.0,1142028147
520,1358,3.5,1142024143
520,1387,3.0,1143504859
520,1393,3.5,1142029737
520,1396,3.0,1142029543
520,1544,1.5,1143504879
520,1573,1.5,1143503521
520,1617,4.5,1142024594
520,1627,1.5,1143503607
520,1639,3.5,1142024238
520,1653,3.5,1142027500
520,1676,2.5,1143503613
520,1682,4.0,1143503430
520,1704,4.0,1142029963
520,1784,3.5,1142029744
520,1912,3.5,1142444277
520,1917,1.0,1143503533
520,1953,4.0,1142024746
520,1961,4.5,1142029957
520,2028,4.0,1143504852
520,2067,4.5,1142024843
520,2115,3.5,1143504864
520,2194,4.0,1142024171
520,2268,4.0,1142029949
520,2297,2.5,1142029732
520,2321,3.0,1142028079
520,2329,4.5,1142025857
520,2353,2.0,1142024207
520,2355,3.5,1142028499
