533,3504,3.0,965316238
533,3527,3.0,965314929
533,3528,3.0,965319301
533,3591,3.0,965319040
533,3593,1.0,965315448
533,3699,4.0,965314867
533,3701,4.0,965315212
533,3730,4.0,965316466
533,3733,4.0,965317938
533,3766,3.0,965314563
533,3791,3.0,965314520
533,3793,5.0,965314660
533,3807,3.0,965314642
533,3812,1.0,965314490
533,3826,2.0,967559142
533,3831,4.0,967559209
533,3844,3.0,965314642
534,1,5.0,973376852
534,2,4.0,973376511
534,3,2.0,973374764
534,6,5.0,973375745
534,11,3.0,973374582
534,16,4.0,973440399
534,17,2.0,973374360
534,21,2.0,973375818
534,22,4.0,973377415
534,23,4.0,973440199
534,25,3.0,973374165
534,32,4.0,973377778
534,34,3.0,973377061
534,36,4.0,973377621
534,39,2.0,973374324
534,42,2.0,973376255
534,47,5.0,973377326
534,50,2.0,973377299
534,60,3.0,973376609
534,61,4.0,973440645
534,64,3.0,973375343
534,69,3.0,973377169
534,70,2.0,973375918
534,79,3.0,973440592
534,81,2.0,973377456
534,86,5.0,973376511
534,89,4.0,973440359
534,95,4.0,973376368
534,105,2.0,973375193
534,107,4.0,973376684
534,110,5.0,973375708
534,150,5.0,973377664
534,151,3.0,973374324
534,153,3.0,973376296
534,158,5.0,973376684
534,161,5.0,973377686
534,163,4.0,973375884
534,164,3.0,973377415
534,165,4.0,973375956
534,168,4.0,973375290
534,170,3.0,973376368
534,173,2.0,973376324
534,185,4.0,973440645
534,195,2.0,973375142
534,208,4.0,973376493
534,224,3.0,973374815
534,225,4.0,973440359
534,236,3.0,973375142
534,239,4.0,973374980
534,257,4.0,973440263
534,258,2.0,973375597
534,259,4.0,973377486
534,266,4.0,973374360
534,276,2.0,973375343
534,280,4.0,973440399
534,287,2.0,973375193
534,288,3.0,973440592
534,291,3.0,973440472
534,292,4.0,973375852
534,293,3.0,973374165
534,296,4.0,973377352
534,303,3.0,973376255
534,315,4.0,973376368
534,318,5.0,973377538
534,319,3.0,973440160
534,339,3.0,973374557
534,349,4.0,973375852
534,353,5.0,973376196
534,356,4.0,973374023
534,361,3.0,973374324
534,364,5.0,973376883
534,367,3.0,973377437
534,368,4.0,973376107
534,374,3.0,973358252
534,376,4.0,973376030
534,377,4.0,973375956
534,378,3.0,973375142
534,380,4.0,973375852
534,387,3.0,973376324
534,391,3.0,973377486
534,423,4.0,973376075
534,431,4.0,973377326
534,434,4.0,973358231
534,436,4.0,973440541
534,442,3.0,973376296
534,454,5.0,973440238
534,455,4.0,973376746
534,457,4.0,973375708
534,463,4.0,973377486
534,464,3.0,973376368
534,474,4.0,973375818
534,479,4.0,973376255
534,480,3.0,973375745
534,481,3.0,973440263
534,490,4.0,973440263
534,494,4.0,973376196
534,500,3.0,973377218
534,507,4.0,973376255
534,511,3.0,973376075
534,517,4.0,973376030
534,539,4.0,973374360
534,540,4.0,973440714
534,543,3.0,973374324
534,547,4.0,973376804
534,550,2.0,973374670
534,552,4.0,973376255
534,586,4.0,973377218
534,587,3.0,973374472
534,588,5.0,973376883
534,589,3.0,973375708
534,590,5.0,973376433
534,593,4.0,973440111
534,597,3.0,973374165
534,626,2.0,973376985
534,628,4.0,973377686
534,631,4.0,973376946
534,648,4.0,973376030
534,673,4.0,973376684
534,688,2.0,973376804
534,707,4.0,973377486
534,731,3.0,973440645
534,733,5.0,973375818
534,736,5.0,973374815
534,742,3.0,973440808
534,780,5.0,973375884
534,782,4.0,973440732
534,785,3.0,973377241
534,786,3.0,973440592
534,798,4.0,973376609
534,799,3.0,973377087
534,802,5.0,973374472
534,832,5.0,973440238
534,836,4.0,973376684
534,839,2.0,973440862
534,852,4.0,973374815
534,992,3.0,973440541
534,996,4.0,973376255
534,1015,4.0,973376530
534,1037,3.0,973376296
534,1049,5.0,973375956
534,1061,4.0,973377385
534,1092,4.0,973440359
534,1100,4.0,973375491
534,1213,4.0,973377299
534,1265,3.0,973374165
534,1339,4.0,973374815
534,1343,4.0,973440160
534,1358,4.0,973377639
534,1370,3.0,973375852
534,1377,4.0,973376609
534,1379,3.0,973376296
534,1393,4.0,973374023
534,1396,3.0,973377326
534,1405,5.0,973376907
534,1407,4.0,973440444
534,1408,4.0,973374023
534,1409,3.0,973374472
534,1422,4.0,973358204
534,1427,4.0,973440862
534,1438,5.0,973440694
534,1457,3.0,973374980
534,1459,4.0,973440263
534,1479,4.0,973375491
534,1485,4.0,973377169
534,1488,4.0,973376255
534,1499,5.0,973376804
534,1515,4.0,973440732
534,1517,4.0,973377087
534,1518,3.0,973376075
534,1527,3.0,973375918
534,1552,4.0,973376107
534,1569,2.0,973375193
534,1573,4.0,973375818
534,1580,4.0,973375884
534,1582,4.0,973376493
534,1584,5.0,973377576
534,1586,3.0,973376075
534,1592,3.0,973358138
534,1597,4.0,973374324
534,1605,3.0,973376746
534,1608,4.0,973440238
534,1610,4.0,973375745
534,1615,4.0,973376493
534,1616,4.0,973376163
534,1620,4.0,973377437
534,1625,5.0,973440199
534,1626,3.0,973440763
534,1627,3.0,973376368
534,1631,4.0,973440444
534,1644,4.0,973440808
534,1645,4.0,973377352
534,1673,2.0,973377818
534,1682,3.0,973378518
534,1687,5.0,973376324
534,1717,4.0,973440592
534,1721,5.0,973377778
534,1732,2.0,973377415
534,1744,4.0,973376746
534,1753,2.0,973377189
534,1754,5.0,973376107
534,1769,3.0,973440645
534,1777,3.0,973374582
534,1792,4.0,973440472
534,1801,4.0,973374870
534,1805,4.0,973377415
534,1833,4.0,973376163
534,1835,4.0,973374870
534,1876,4.0,973440399
534,1888,2.0,973375257
534,1892,3.0,973440399
534,1894,4.0,973375257
534,1895,3.0,973374764
534,1917,5.0,973376075
534,1918,4.0,973376368
534,1923,4.0,973377117
534,2002,4.0,973377437
534,2006,3.0,973375918
534,2028,5.0,973375709
534,2045,4.0,973376433
534,2046,4.0,973376493
534,2058,4.0,973375818
534,2089,4.0,973376907
534,2125,3.0,973374472
534,2126,4.0,973377486
534,2142,5.0,973376932
534,2154,2.0,973375343
534,2170,3.0,973375709
534,2231,4.0,973377385
534,2266,2.0,973375415
534,2268,4.0,973377326
534,2273,4.0,973440541
534,2278,4.0,973375852
534,2279,4.0,973440645
534,2291,2.0,973374980
534,2294,4.0,973376907
534,2302,3.0,973377218
534,2321,3.0,973377062
534,2353,4.0,973375745
534,2355,4.0,973376883
534,2424,3.0,973374634
534,2427,4.0,973376030
534,2429,4.0,973376684
534,2485,3.0,973375257
534,2490,4.0,973376075
534,2501,4.0,973377664
534,2502,3.0,973374557
534,2505,4.0,973440763
534,2539,2.0,973377241
534,2561,4.0,973440694
534,2571,4.0,973375709
534,2581,3.0,973374815
534,2687,5.0,973376883
534,2688,4.0,973440541
534,2706,4.0,973377218
534,2707,4.0,973440399
534,2724,2.0,973375142
534,2762,5.0,973440111
534,2763,4.0,973375956
534,2770,3.0,973377218
534,2803,4.0,973440444
534,2806,3.0,973440592
534,2822,4.0,973375567
534,2826,4.0,973376196
534,2827,3.0,973440808
534,2840,4.0,973440592
534,2841,4.0,973440239
534,2875,4.0,973374870
534,2881,5.0,973376296
534,2890,3.0,973377778
534,2906,2.0,973375597
534,2916,3.0,973375745
534,2944,3.0,973358175
534,3005,4.0,973440239
534,3020,3.0,973376296
534,3044,4.0,973374472
534,3063,4.0,973440763
534,3064,4.0,973440111
534,3081,3.0,973374870
534,3147,5.0,973377664
534,3148,2.0,973377754
534,3176,4.0,973440399
534,3178,4.0,973375818
534,3246,4.0,973377799
534,3249,4.0,973440694
534,3250,4.0,973377664
534,3253,4.0,973377189
534,3255,3.0,973377169
534,3256,4.0,973375852
534,3257,5.0,973375290
534,3259,4.0,973374634
534,3261,3.0,973374472
534,3269,4.0,973374764
534,3274,3.0,973376075
534,3386,4.0,973377818
534,3436,2.0,973375193
534,3438,4.0,973376324
534,3489,4.0,973376530
534,3557,3.0,973440472
534,3614,3.0,973375455
534,3686,4.0,973440399
534,3809,3.0,973377241
534,3835,3.0,973440862
534,3916,5.0,973373845
535,2,3.0,838631374
535,10,3.0,838630568
535,11,3.0,838631207
535,19,1.0,838630825
535,21,3.0,838630824
535,44,3.0,838631815
535,47,3.0,838630807
535,95,3.0,838631510
535,104,3.0,838640301
535,110,4.0,838630736
535,141,3.0,838631510
535,153,3.0,838630364
535,160,3.0,838630867
535,161,4.0,838630544
535,165,3.0,838630364
535,172,2.0,838631510
535,173,3.0,838631168
535,185,2.0,838630568
535,204,3.0,838631510
535,208,4.0,838630568
535,225,3.0,838630825
535,231,3.0,838630391
535,253,3.0,838630568
535,288,3.0,838630736
535,292,3.0,838630544
535,293,4.0,838631433
535,296,3.0,838630347
535,300,3.0,838630735
535,316,2.0,838630391
535,318,4.0,838630391
535,329,2.0,838630391
535,333,3.0,838631826
535,344,3.0,838630364
535,349,4.0,838630364
535,350,3.0,838631207
535,356,3.0,838630735
535,357,1.0,838631207
535,364,3.0,838630807
535,367,3.0,838630825
535,380,3.0,838630347
535,410,2.0,838630735
535,434,2.0,838630544
535,440,3.0,838631168
535,442,3.0,838631432
535,454,4.0,838630807
535,457,4.0,838630544
535,474,3.0,838631826
535,480,4.0,838630807
535,500,3.0,838631168
535,508,3.0,838632442
535,539,3.0,838631182
535,551,5.0,838631849
535,553,2.0,838631207
535,586,3.0,838631182
535,587,3.0,838631182
535,588,3.0,838630364
535,589,4.0,838630868
535,590,3.0,838630347
535,592,5.0,838630347
535,593,5.0,838630544
535,595,1.0,838630391
535,597,1.0,838631207
535,799,3.0,838640301
536,19,2.0,829471719
536,22,5.0,829471720
536,23,4.0,829471719
536,34,5.0,829471719
536,39,5.0,829471720
536,45,3.0,829471925
536,47,4.0,829471721
536,50,5.0,829471722
536,57,5.0,829471720
536,60,4.0,829471720
536,110,5.0,829471719
536,122,3.0,829471719
536,132,3.0,829471720
536,144,5.0,829471719
536,150,5.0,829471719
536,153,4.0,829471719
536,154,2.0,829471719
536,158,4.0,829471719
536,159,5.0,829471720
536,160,3.0,829471720
536,161,5.0,829471720
536,163,5.0,829471720
536,165,5.0,829471720
536,177,5.0,829471721
536,178,5.0,829471721
536,180,4.0,829471721
536,181,1.0,829471721
536,185,4.0,829471721
536,186,3.0,829471721
536,188,2.0,829471721
536,193,3.0,829471722
536,194,4.0,829471722
536,195,4.0,829471722
536,196,4.0,829471722
536,198,5.0,829471722
536,204,4.0,829471722
536,206,4.0,829471722
536,216,3.0,829471719
536,222,5.0,829471719
536,223,5.0,829471719
536,224,5.0,829471720
536,225,4.0,829471720
536,230,5.0,829471720
536,231,4.0,829471720
536,233,5.0,829471720
536,234,3.0,829471720
536,235,5.0,829471720
536,236,4.0,829471720
536,237,4.0,829471720
536,241,5.0,829471720
536,246,5.0,829471720
536,248,2.0,829471720
536,250,4.0,829471720
536,252,2.0,829471720
536,253,4.0,829471720
536,256,2.0,829471720
536,257,4.0,829471720
536,259,4.0,829471720
536,260,5.0,829471720
536,261,5.0,829471720
536,266,3.0,829471720
536,270,4.0,829471721
536,273,3.0,829471721
536,276,3.0,829471721
536,277,5.0,829471721
536,278,3.0,829471721
536,281,4.0,829471721
536,288,2.0,829471721
536,289,3.0,829471721
536,291,3.0,829471721
536,293,4.0,829471721
536,294,4.0,829471721
536,295,3.0,829471721
536,296,5.0,829471721
536,300,4.0,829471721
536,303,3.0,829471721
536,305,3.0,829471721
536,315,4.0,829471722
536,316,4.0,829471722
536,317,4.0,829471721
536,318,5.0,829471721
536,319,3.0,829471721
536,333,4.0,829471722
536,337,5.0,829471722
536,339,4.0,829471722
536,340,3.0,829471722
536,344,5.0,829471719
536,349,4.0,829471719
536,351,4.0,829471720
536,352,3.0,829471720
536,380,4.0,829471722
536,381,4.0,829471722
536,416,3.0,829471719
536,420,3.0,829471719
536,427,4.0,829471719
536,431,4.0,829471719
536,432,2.0,829471719
536,434,4.0,829471720
536,435,2.0,829471720
536,444,1.0,829471720
536,452,5.0,829471722
536,468,2.0,829471720
536,553,5.0,829471722
536,554,3.0,829471722
536,555,5.0,829471722
536,588,5.0,829471719
536,590,5.0,829471720
536,592,3.0,829471719
536,595,5.0,829471719
537,1,5.0,879502465
537,2,3.0,879521681
537,7,5.0,879520683
537,11,3.0,879502984
537,17,5.0,879502758
537,21,5.0,879503236
537,29,5.0,879502683
537,32,4.0,879502925
537,36,4.0,879502514
537,41,5.0,879503236
537,43,4.0,879502957
537,50,5.0,879502683
537,52,3.0,879521002
537,57,2.0,879507093
537,58,5.0,879502641
537,62,4.0,879503194
537,89,3.0,879521128
537,95,2.0,879521715
537,105,4.0,879521206
537,125,1.0,879507205
537,141,4.0,879506811
537,144,3.0,879520566
537,150,4.0,879502514
537,151,4.0,879521639
537,156,3.0,879507044
537,161,3.0,879503028
537,163,5.0,879521495
537,164,4.0,879520842
537,171,5.0,879503134
537,176,4.0,879502488
537,194,4.0,879503053
537,195,2.0,879521681
537,205,5.0,879503263
537,222,4.0,879520585
537,229,4.0,879520728
537,230,4.0,879520728
537,235,3.0,879506774
537,236,3.0,879521495
537,237,3.0,879521620
537,252,3.0,879521370
537,253,2.0,879521390
537,260,5.0,879503350
537,261,4.0,879503350
537,265,4.0,879502404
537,266,4.0,879521370
537,268,4.0,879520881
537,270,1.0,879521161
537,272,5.0,879502901
537,273,3.0,879521657
537,277,4.0,879506835
537,280,4.0,879502829
537,281,4.0,879520881
537,282,4.0,879520806
537,296,4.0,879503194
537,300,4.0,879503164
537,314,5.0,879503317
537,318,5.0,879502851
537,329,5.0,879521461
537,334,4.0,879502404
537,337,4.0,879507044
537,339,4.0,879503289
537,342,5.0,879507069
537,345,4.0,879507069
537,348,4.0,879502583
537,349,3.0,879507205
537,350,2.0,879507166
537,356,4.0,879502683
537,357,4.0,879503262
537,368,4.0,879507224
537,369,4.0,879521206
537,371,2.0,879503215
537,372,2.0,879521657
537,373,5.0,879506811
537,380,3.0,879521089
537,412,5.0,879520668
537,417,3.0,879503164
537,440,4.0,879521089
537,452,4.0,879520774
537,457,4.0,879502957
537,471,5.0,879502608
537,474,3.0,879503164
537,475,5.0,879502925
537,480,3.0,879503134
537,492,4.0,879520881
537,497,5.0,879502926
537,500,2.0,879507007
537,507,3.0,879503350
537,508,5.0,879506753
537,509,5.0,879502878
537,515,5.0,879502660
537,523,1.0,879502709
537,527,5.0,879502403
537,529,4.0,879502735
537,531,3.0,879503350
537,534,4.0,879520704
537,535,1.0,879507166
537,538,4.0,879502901
537,539,5.0,879520960
537,541,5.0,879502806
537,551,2.0,879521110
537,553,3.0,879506989
537,562,5.0,879503317
537,581,4.0,879502537
537,587,3.0,879521738
537,590,5.0,879507116
537,593,4.0,879502403
537,608,3.0,879502829
537,627,2.0,879502709
537,635,5.0,879521068
537,648,3.0,879521370
537,661,4.0,879503289
537,708,4.0,879521090
537,714,4.0,879521161
537,719,2.0,879521351
537,720,5.0,879502583
537,736,3.0,879520902
537,745,5.0,879502537
537,750,5.0,879502537
537,761,1.0,879521526
537,780,5.0,879503369
537,788,4.0,879521542
537,800,5.0,879502806
537,801,3.0,879521771
537,802,4.0,879521254
537,830,3.0,879521738
537,875,4.0,879520704
537,898,5.0,879502786
537,899,5.0,879503093
537,900,4.0,879521003
537,901,5.0,879503164
537,902,5.0,879503390
537,904,5.0,879502957
537,907,5.0,879502514
537,908,5.0,879502466
537,909,3.0,879502984
537,910,4.0,879502660
537,911,5.0,879502735
537,912,5.0,879502559
537,913,4.0,879502878
537,914,5.0,879503317
537,915,5.0,879503317
537,916,5.0,879502984
537,918,4.0,879507224
537,919,5.0,879502984
537,920,5.0,879503112
537,921,5.0,879520789
537,922,4.0,879503215
537,923,4.0,879502445
537,924,5.0,879502786
537,926,5.0,879506811
537,930,5.0,879506937
537,932,4.0,879521771
537,933,5.0,879506733
537,934,4.0,879503390
537,935,4.0,879506835
537,936,4.0,879502829
537,937,5.0,879506753
537,938,5.0,879506922
537,940,4.0,879502851
537,942,4.0,879502829
537,943,4.0,879503194
537,945,5.0,879520984
537,948,4.0,879507044
537,949,3.0,879503053
537,951,4.0,879502559
537,953,4.0,879503289
537,954,4.0,879502608
537,955,5.0,879502641
537,956,4.0,879521738
537,969,5.0,879502465
537,971,5.0,879502901
537,973,4.0,879502957
537,994,5.0,879507069
537,1013,3.0,879521390
537,1022,3.0,879503317
537,1023,5.0,879520825
537,1027,2.0,879521110
537,1028,3.0,879503194
537,1032,5.0,879503075
537,1035,5.0,879503194
537,1042,4.0,879503350
537,1047,2.0,879503262
537,1050,5.0,879506774
537,1051,2.0,879521254
537,1061,5.0,879506989
537,1066,5.0,879502488
537,1073,5.0,879503075
537,1077,3.0,879503390
537,1079,3.0,879502641
537,1080,4.0,879502957
537,1081,4.0,879507069
537,1082,3.0,879502514
537,1084,4.0,879507183
537,1086,5.0,879507224
537,1094,3.0,879503164
537,1095,4.0,879520984
537,1096,4.0,879507094
537,1097,4.0,879506885
537,1099,5.0,879507116
537,1103,4.0,879503215
537,1104,5.0,879502709
537,1124,5.0,879507094
537,1125,4.0,879521038
537,1127,5.0,879521299
537,1136,5.0,879506811
537,1148,5.0,879502583
537,1150,5.0,879507134
537,1171,4.0,879506962
537,1172,5.0,879502984
537,1175,5.0,879503236
537,1177,4.0,879506852
537,1179,3.0,879503028
537,1183,5.0,879502153
537,1184,5.0,879506922
537,1185,4.0,879503093
537,1187,4.0,879521681
537,1188,5.0,879503093
537,1193,5.0,879502901
537,1196,5.0,879502641
537,1197,5.0,879502445
537,1198,5.0,879502404
537,1199,5.0,879502559
537,1200,2.0,879502608
537,1203,5.0,879502901
537,1207,5.0,879502423
537,1210,5.0,879502709
537,1211,5.0,879503028
537,1214,3.0,879502957
537,1219,4.0,879507116
537,1220,4.0,879502537
537,1223,5.0,879506811
537,1224,4.0,879506989
537,1225,3.0,879502641
537,1230,4.0,879503112
537,1231,4.0,879502806
537,1234,4.0,879502758
537,1235,5.0,879520825
537,1238,5.0,879521022
537,1240,3.0,879502957
537,1243,5.0,879502786
537,1244,2.0,879520902
537,1246,4.0,879520984
537,1247,5.0,879507024
537,1249,4.0,879502786
537,1250,3.0,879502878
537,1252,4.0,879502829
537,1253,5.0,879506989
537,1256,4.0,879506733
537,1258,3.0,879503317
537,1259,4.0,879520960
537,1265,5.0,879521068
537,1266,3.0,879502786
537,1267,5.0,879503075
537,1269,5.0,879503289
537,1270,4.0,879502957
537,1271,4.0,879502514
537,1273,5.0,879502758
537,1276,5.0,879502488
537,1278,4.0,879502758
537,1282,5.0,879502925
537,1283,4.0,879502735
537,1284,4.0,879506885
537,1285,3.0,879520825
537,1286,4.0,879503369
537,1288,4.0,879502758
537,1289,3.0,879520728
537,1291,4.0,879502735
537,1292,4.0,879502583
537,1296,5.0,879503164
537,1299,5.0,879503164
537,1300,5.0,879520925
537,1302,3.0,879502735
537,1304,4.0,879502445
537,1305,5.0,879503028
537,1306,1.0,879503289
537,1307,4.0,879503028
537,1321,3.0,879503262
537,1333,5.0,879503262
537,1348,2.0,879502683
537,1350,2.0,879507094
537,1356,5.0,879503317
537,1357,3.0,879503053
537,1358,5.0,879502404
537,1365,5.0,879502608
537,1372,5.0,879520984
537,1374,5.0,879502660
537,1376,3.0,879506962
537,1377,1.0,879521681
537,1380,5.0,879521022
537,1387,4.0,879503134
537,1394,5.0,879520600
537,1399,4.0,879507069
537,1408,3.0,879520960
537,1411,4.0,879502786
537,1414,4.0,879502215
537,1422,2.0,881749440
537,1425,1.0,879521715
537,1441,3.0,879502878
537,1479,2.0,879502240
537,1584,5.0,879502153
537,1590,1.0,879502313
537,1597,3.0,879502153
537,1608,4.0,879502256
537,1610,5.0,879520881
537,1614,4.0,879502240
537,1617,3.0,879502175
537,5060,5.0,879506902
538,1,5.0,831835670
538,110,4.0,831835741
538,111,5.0,831835877
538,150,4.0,831835552
538,153,3.0,831835577
538,163,3.0,831835835
538,165,3.0,831835647
538,185,3.0,831835696
538,207,3.0,831835877
538,208,3.0,831835696
538,246,5.0,831835856
538,253,3.0,831835696
538,288,3.0,831835741
538,296,3.0,831835552
538,300,5.0,831835696
538,316,2.0,831835647
538,318,5.0,831835577
538,319,5.0,831835877
538,329,2.0,831835647
538,380,2.0,831835552
538,509,5.0,831835835
538,588,4.0,831835577
538,590,4.0,831835552
538,592,3.0,831835552
538,595,3.0,831835647
539,17,4.0,956159579
539,46,3.0,951928750
539,50,4.0,956159510
539,265,4.0,956858891
539,296,4.0,956858825
539,318,4.0,956159456
539,326,5.0,956159627
539,527,4.0,951928689
539,608,4.0,956159610
539,1066,4.0,956159553
539,1172,5.0,956858863
539,1259,5.0,956858891
539,1270,3.0,951928751
539,1293,3.0,956858810
539,1307,3.0,956159595
539,1358,5.0,951928751
539,1704,4.0,956858792
539,2019,3.0,956159456
539,2352,4.0,956858792
539,3072,5.0,951928718
539,3095,4.0,956159510
539,3142,5.0,956159323
539,3158,4.0,956159211
539,3178,4.0,956159265
539,3418,4.0,956858720
539,3424,3.0,956858772
540,318,5.0,1168076342
540,1125,4.0,1168074085
540,2643,4.0,1168075053
540,2803,3.5,1168074137
540,4226,4.0,1168076332
540,4369,3.0,1168074098
540,4558,4.0,1168075163
540,4973,4.5,1168076276
540,4975,4.5,1168074045
540,5218,4.0,1168073989
540,5309,4.5,1168075355
540,5943,2.5,1168075282
540,7293,4.5,1168075132
540,7373,4.0,1168075070
540,8783,4.5,1168075121
540,8866,1.0,1168075646
540,8917,1.5,1168075138
540,34048,4.5,1168075097
540,48516,4.5,1168076298
540,48774,2.0,1168076287
541,356,4.0,976829473
541,785,3.0,976830103
541,923,3.0,976829555
541,1093,4.0,976829992
541,1127,3.0,976829813
541,1193,4.0,976829587
541,2396,2.0,976830241
541,2490,3.0,976830173
541,2599,3.0,976830014
541,2628,2.0,976829508
541,2657,3.0,976829555
541,2692,4.0,976830210
541,2693,4.0,976830283
541,2707,4.0,976829843
541,2710,2.0,976829924
541,2712,4.0,976830039
541,2716,5.0,976830069
541,2762,5.0,976830241
541,2840,2.0,976830264
541,2841,4.0,976830264
541,2908,3.0,976829956
541,2959,5.0,976830039
541,2997,4.0,976829924
541,3175,3.0,976830069
541,3219,4.0,976830173
541,3354,1.0,976830146
541,3578,3.0,976830069
541,3593,1.0,976829843
541,3977,3.0,976829956
542,1,4.5,1424965705
542,329,4.0,1424965248
542,858,5.0,1424965203
542,941,3.0,1379198203
542,1073,3.0,1424965570
542,1221,5.0,1424965208
542,1682,4.5,1424965672
542,1704,3.0,1424965242
542,1907,4.0,1424965699
542,2384,1.5,1379197453
542,2662,2.5,1379197476
542,3646,2.5,1379197908
542,3751,4.0,1424965707
542,3945,4.0,1379198608
542,4241,2.5,1379198504
542,4306,4.5,1424965323
542,4366,4.0,1379197913
542,4886,5.0,1424965335
542,4896,4.5,1424965530
542,4973,5.0,1424965333
542,4993,4.0,1424965323
542,5218,2.0,1424966053
542,5444,5.0,1424966052
542,5445,4.5,1424965331
542,5480,3.5,1379198275
542,5796,4.0,1379198299
542,5816,3.5,1424965542
542,5952,4.0,1424965323
542,6377,5.0,1424965714
542,6539,4.5,1424965329
542,7064,2.0,1379198242
542,7153,4.5,1424965326
542,8368,3.0,1424965555
542,8961,3.0,1424965710
542,26693,4.5,1379198698
542,27706,2.0,1424965534
542,33681,3.5,1379198860
542,40815,4.0,1424965587
542,46578,1.0,1424966216
542,50872,5.0,1424965697
542,51662,3.5,1424966220
542,54001,2.0,1424965559
542,58559,5.0,1424965212
542,59315,4.5,1424966213
542,59501,3.0,1424965565
542,60069,4.5,1424965648
542,62376,4.5,1424965590
542,68954,5.0,1424965642
542,69844,4.5,1424965553
542,74530,4.0,1379198627
542,74789,2.5,1424965538
542,76093,5.0,1424965646
542,78499,5.0,1424965701
542,81834,5.0,1424965527
542,82169,4.0,1424965567
542,88125,5.0,1424965552
542,89745,3.5,1424965642
542,90531,3.5,1379198724
542,91529,5.0,1424965642
542,99149,2.5,1379198642
542,109374,5.0,1424965254
542,109487,3.5,1424965261
542,116797,4.5,1424965256
543,1,5.0,866931481
543,3,5.0,866931510
543,5,3.0,866931510
543,7,5.0,866931538
543,107,5.0,866931807
543,141,5.0,866932242
543,260,5.0,866931510
543,376,4.0,866931538
543,494,5.0,866932243
543,608,5.0,866931510
543,609,3.0,866931838
543,631,3.0,866931854
543,647,5.0,866931807
543,648,5.0,866931482
543,653,5.0,866931538
543,661,5.0,866931789
543,663,4.0,866931868
543,673,4.0,866931807
543,708,4.0,866931538
543,719,5.0,866931789
543,733,5.0,866931510
543,736,5.0,866931480
543,761,4.0,866931824
543,762,5.0,866931772
543,780,5.0,866931479
543,783,4.0,866931789
543,786,4.0,866931510
543,788,3.0,866931538
543,801,5.0,866931981
543,802,4.0,866931538
543,810,3.0,866931868
543,837,4.0,866931883
543,848,5.0,866931969
543,852,5.0,866931789
543,880,3.0,866931854
543,881,4.0,866931981
543,1073,3.0,866931510
543,1210,5.0,866931772
