559,1962,5.0,903144201
559,1997,5.0,903144894
559,2018,5.0,903145235
559,2019,5.0,903144630
559,2028,5.0,903142945
559,2078,4.0,903143831
559,2080,4.0,903144750
559,2081,4.0,903144481
559,2194,4.0,917732091
559,2268,5.0,917732299
559,2294,3.0,917730910
559,2353,5.0,917730876
559,2355,5.0,917730876
559,2423,4.0,917732299
559,2424,4.0,917730910
559,2431,4.0,917730929
559,2433,4.0,917730876
560,1,4.5,1452849340
560,10,4.0,1452848962
560,19,3.5,1452849471
560,34,3.5,1452849376
560,150,4.5,1452849346
560,165,4.0,1452848918
560,231,3.5,1452852280
560,296,4.0,1452848799
560,318,5.0,1452848501
560,344,3.5,1452849362
560,356,4.0,1452848616
560,364,4.0,1452851226
560,455,3.5,1452849944
560,480,4.0,1452849333
560,519,3.0,1452850276
560,527,4.5,1452849283
560,586,4.0,1452848698
560,589,4.0,1452848389
560,593,3.5,1452848804
560,596,4.0,1452851243
560,597,3.5,1452852760
560,648,4.0,1452848916
560,778,3.5,1452849438
560,780,4.0,1452848439
560,858,4.0,1452851203
560,1033,3.5,1452850443
560,1036,4.0,1452849388
560,1059,4.0,1452852346
560,1200,4.0,1452849409
560,1214,4.0,1452849382
560,1222,4.0,1452849465
560,1240,4.0,1452848655
560,1258,3.5,1452849431
560,1270,5.0,1452848729
560,1320,4.5,1452849616
560,1339,3.0,1452849763
560,1370,4.0,1452849568
560,1407,4.0,1452850825
560,1515,4.5,1452850473
560,1544,4.0,1452849594
560,1566,4.0,1452850254
560,1573,4.5,1452849092
560,1580,3.0,1452850789
560,1608,4.0,1452849591
560,1665,4.0,1452851869
560,1676,4.0,1452849563
560,1690,4.0,1452849699
560,1702,4.5,1452850891
560,1717,4.0,1452850051
560,1722,3.5,1452848668
560,1882,4.0,1452850005
560,1917,4.5,1452848397
560,2011,5.0,1452849491
560,2012,5.0,1452849483
560,2085,3.5,1452850009
560,2294,4.0,1452852260
560,2329,4.0,1452852071
560,2335,3.0,1452850147
560,2355,4.0,1452849475
560,2384,3.5,1452850218
560,2394,4.0,1452850085
560,2420,3.5,1452849963
560,2421,3.0,1452850130
560,2422,3.0,1452850590
560,2455,4.0,1452851582
560,2456,3.5,1452851583
560,2470,4.0,1452850916
560,2471,3.5,1452850917
560,2513,4.0,1452851841
560,2514,3.5,1452851843
560,2571,3.5,1452849335
560,2687,4.0,1452850214
560,2761,4.0,1452849940
560,2797,5.0,1452849068
560,2858,4.0,1452848879
560,2947,4.0,1452849696
560,2953,4.0,1452848642
560,2959,5.0,1452848895
560,2985,3.5,1452849601
560,2986,3.5,1452850272
560,2990,4.0,1452850427
560,3034,3.5,1452850362
560,3082,4.0,1452848679
560,3114,4.0,1452849440
560,3147,5.0,1452849039
560,3157,3.5,1452850282
560,3273,4.0,1452850099
560,3527,4.0,1452852824
560,3535,4.5,1452851095
560,3623,4.0,1452848476
560,3697,4.0,1452850227
560,3752,3.5,1452849955
560,3785,4.0,1452849805
560,3793,3.5,1452852179
560,3826,4.0,1452850038
560,3882,3.0,1452850356
560,3949,3.5,1452849128
560,4022,5.0,1452849066
560,4254,3.0,1452850920
560,116977,3.0,1452852281
561,1,3.0,1172695347
561,2,3.0,1172766441
561,10,3.5,1172696467
561,32,3.5,1172695179
561,39,2.5,1172696829
561,48,3.0,1172735128
561,62,4.0,1172696487
561,104,4.0,1172696470
561,141,4.0,1172734877
561,150,4.0,1172696363
561,153,3.0,1172734836
561,160,2.5,1172766203
561,163,4.0,1172735075
561,173,1.0,1172766335
561,180,4.5,1172696115
561,208,2.5,1172696710
561,216,3.0,1172696508
561,223,5.0,1172696101
561,231,3.0,1172734849
561,235,5.0,1172695438
561,236,3.5,1172735137
561,260,4.5,1172695175
561,293,4.0,1172696171
561,296,4.5,1172694828
561,317,3.0,1172734981
561,327,2.5,1172694648
561,329,3.0,1172695285
561,355,1.5,1172694579
561,356,3.5,1172696276
561,364,4.0,1172696434
561,367,3.5,1172734851
561,368,4.0,1172766139
561,370,3.5,1172735044
561,377,3.0,1172696473
561,380,3.0,1172696464
561,410,3.0,1172734918
561,466,4.0,1172735067
561,480,4.0,1172695258
561,500,3.0,1172734846
561,527,4.0,1172734820
561,551,4.0,1172734973
561,552,4.0,1172735183
561,586,3.0,1172696521
561,588,3.5,1172696432
561,592,4.0,1172696301
561,593,4.5,1172695985
561,594,2.0,1172766005
561,595,3.5,1172696436
561,596,1.5,1172694531
561,648,3.5,1172734825
561,733,4.0,1172695602
561,780,3.0,1172695279
561,783,3.0,1172694552
561,802,3.0,1172735152
561,832,2.0,1172766452
561,908,3.5,1172735036
561,919,3.0,1172734905
561,923,4.0,1172696205
561,924,3.5,1172695223
561,1020,3.5,1172696514
561,1022,1.0,1172694602
561,1028,3.5,1172735241
561,1031,2.0,1172696505
561,1035,2.5,1172696454
561,1042,3.5,1172696494
561,1059,3.5,1172766557
561,1073,4.0,1172696380
561,1079,3.5,1172734939
561,1084,5.0,1172766480
561,1089,5.0,1172694831
561,1097,3.0,1172695251
561,1101,4.0,1172696448
561,1136,4.5,1172696178
561,1196,5.0,1172695167
561,1197,4.5,1172696180
561,1198,4.0,1172695997
561,1200,4.0,1172695189
561,1207,3.5,1172766196
561,1210,4.5,1172695197
561,1214,4.5,1172695186
561,1215,4.0,1172694545
561,1247,4.5,1172696220
561,1265,3.5,1172695336
561,1270,4.0,1172695218
561,1274,3.5,1172734409
561,1275,4.0,1172734462
561,1278,4.5,1172735063
561,1282,3.0,1172694549
561,1285,4.0,1172696817
561,1288,3.0,1172766172
561,1291,4.5,1172696005
561,1302,4.5,1172696365
561,1307,4.0,1172696372
561,1345,3.0,1172696827
561,1377,3.0,1172766491
561,1380,3.0,1172696834
561,1391,3.0,1172696559
561,1517,4.0,1172696400
561,1527,3.0,1172695229
561,1552,3.5,1172695608
561,1562,2.5,1172694877
561,1573,4.0,1172695575
561,1580,3.0,1172695262
561,1608,3.0,1172735144
561,1610,4.0,1172696231
561,1617,4.0,1172734871
561,1639,4.0,1172696117
561,1645,3.5,1172696764
561,1653,4.0,1172694870
561,1676,3.5,1172735107
561,1682,4.5,1172696336
561,1722,3.0,1172766467
561,1747,3.5,1172696410
561,1777,3.5,1172696416
561,1784,4.0,1172696371
561,1835,3.5,1172695572
561,1917,3.0,1172695820
561,1968,4.0,1172695785
561,2006,3.0,1172735249
561,2012,3.5,1172695372
561,2028,3.5,1172696746
561,2054,4.0,1172696555
561,2081,2.5,1172735147
561,2105,4.5,1172694596
561,2115,4.0,1172734985
561,2174,4.0,1172734969
561,2273,3.5,1172766420
561,2291,5.0,1172695436
561,2294,2.5,1172695424
561,2324,3.5,1172735070
561,2353,3.5,1172696450
561,2355,3.5,1172695421
561,2396,3.5,1172695696
561,2502,4.0,1172766249
561,2571,4.5,1172695054
561,2605,3.0,1172694616
561,2617,3.0,1172696722
561,2628,3.5,1172695305
561,2657,4.0,1172735172
561,2683,3.5,1172696500
561,2692,4.0,1172695331
561,2700,3.0,1172696296
561,2701,3.5,1172766135
561,2706,3.0,1172695723
561,2710,2.0,1172696885
561,2716,4.5,1172696903
561,2746,3.5,1172766597
561,2770,3.0,1172766232
561,2791,3.0,1172766216
561,2797,4.0,1172696442
561,2804,3.0,1172766088
561,2916,3.0,1172766029
561,2918,4.0,1172696801
561,2947,4.0,1172694582
561,2953,2.5,1172696571
561,2959,4.5,1172695028
561,2971,4.0,1172736431
561,2993,4.0,1172734452
561,2997,4.0,1172696187
561,3000,4.5,1172734348
561,3033,5.0,1172766409
561,3034,4.5,1172696345
561,3052,4.0,1172696119
561,3081,4.0,1172695444
561,3107,2.0,1172694630
561,3114,3.0,1172695416
561,3175,3.0,1172694522
561,3275,4.5,1172695142
561,3301,3.0,1172695763
561,3361,3.5,1172694634
561,3438,4.5,1172696566
561,3439,4.5,1172696568
561,3552,4.0,1172736400
561,3578,3.5,1172696218
561,3623,3.0,1172696694
561,3671,4.5,1172734423
561,3686,5.0,1173150744
561,3717,3.0,1172695577
561,3793,4.0,1172695232
561,3911,3.5,1172696268
561,3948,3.0,1172696677
561,3977,3.0,1172696549
561,3994,1.5,1172694561
561,3996,4.5,1172696201
561,4018,3.5,1172766183
561,4025,3.0,1172766108
561,4226,3.0,1172696679
561,4270,3.0,1172766258
561,4306,3.5,1172696334
561,4308,4.0,1172696315
561,4367,3.5,1172766294
561,4446,1.0,1172766285
561,4545,3.5,1172696540
561,4643,2.5,1172766051
561,4734,3.0,1172696121
561,4844,4.5,1172695799
561,4878,4.5,1172695328
561,4896,4.0,1172696890
561,4963,5.0,1172735102
561,4973,3.5,1172696175
561,4974,3.0,1172696843
561,4993,5.0,1172736311
561,5066,3.0,1172696839
561,5218,3.0,1172766387
561,5299,3.0,1172696492
561,5349,4.0,1172696349
561,5378,3.0,1172695290
561,5418,3.5,1172734414
561,5502,2.0,1172766239
561,5528,3.5,1172736425
561,5617,2.5,1172696248
561,5618,4.0,1172695042
561,5630,4.0,1172766362
561,5785,3.0,1172696525
561,5816,4.0,1172696376
561,5872,3.0,1172766277
561,5952,5.0,1172736312
561,5956,4.0,1172766102
561,5971,4.0,1172734541
561,5991,4.5,1172766072
561,6157,2.5,1172696127
561,6333,3.5,1172695200
561,6365,3.0,1172696692
561,6373,3.5,1172696511
561,6502,4.0,1172696873
561,6503,3.0,1172696551
561,6539,4.5,1172695413
561,6541,3.5,1172766373
561,6709,4.0,1172695501
561,6711,2.0,1172696239
561,6857,3.5,1172734407
561,6863,4.0,1172695246
561,6874,4.5,1172694555
561,6934,2.5,1172696767
561,6942,4.0,1172695670
561,6979,3.0,1172766327
561,7022,4.5,1172734381
561,7090,4.0,1172734378
561,7099,5.0,1172695213
561,7153,5.0,1172695107
561,7254,3.0,1172695353
561,7324,4.0,1172736335
561,7361,4.0,1172695171
561,7366,3.5,1172696123
561,7373,4.0,1172766495
561,7438,4.5,1172694833
561,7451,4.0,1172696419
561,7458,3.5,1172766244
561,8368,4.0,1172695342
561,8376,2.0,1172696822
561,8464,3.5,1172696252
561,8528,4.0,1172696459
561,8622,1.0,1172696308
561,8636,3.5,1172696328
561,8641,4.0,1172696395
561,8784,3.5,1172696697
561,8874,4.0,1172734393
561,8961,4.5,1172695405
561,8972,4.0,1172695569
561,8984,4.0,1172766397
561,27660,4.0,1172766562
561,27801,3.5,1172734420
561,30707,3.0,1172696742
561,30793,3.5,1172696683
561,31878,4.0,1172734402
561,32587,3.5,1172695135
561,33004,3.5,1172695268
561,33493,3.5,1172695238
561,33679,4.0,1172766064
561,33794,4.5,1172696018
561,34405,4.5,1172695192
561,35836,4.5,1172695676
561,37386,4.0,1172695297
561,37729,3.5,1172766413
561,37733,4.5,1172736346
561,39292,4.0,1172766019
561,41566,4.0,1172696687
561,43928,2.5,1172695310
561,44191,4.0,1172695184
561,44195,4.0,1172766180
561,44665,4.5,1172695119
561,45431,3.5,1172695788
561,45499,4.0,1172695254
561,45722,4.5,1172695487
561,45728,4.5,1172696103
561,46530,3.5,1172696383
561,46965,2.5,1172696050
561,46972,4.0,1172694996
561,48385,2.0,1172696738
561,48516,4.0,1172694895
561,49272,4.5,1172696024
561,49396,4.0,1172694907
561,49651,4.0,1172694791
561,51077,4.0,1172695581
561,51662,4.5,1173621733
561,52245,4.0,1177213836
562,1,4.5,1167426662
562,5,3.5,1167429218
562,6,4.0,1167428869
562,11,4.0,1167428952
562,16,3.5,1167429084
562,19,3.0,1167428979
562,21,4.0,1167428843
562,32,4.0,1167428738
562,34,4.0,1167428772
562,36,4.0,1167428880
562,39,3.5,1167428851
562,47,4.5,1167428764
562,50,5.0,1167428236
562,95,3.5,1167428859
562,110,4.0,1167426634
562,141,4.0,1167428848
562,150,4.5,1167428713
562,163,4.0,1167429222
562,165,3.5,1167428752
562,180,4.0,1167428442
562,185,3.5,1167428832
562,186,3.5,1167429316
562,208,3.0,1167428828
562,223,5.0,1167428926
562,235,4.0,1167429082
562,253,4.5,1167428824
562,260,5.0,1167426712
562,282,3.0,1167429320
562,288,4.0,1167428886
562,292,4.0,1167428802
562,293,4.5,1167428946
562,296,5.0,1167426694
562,300,4.0,1167428894
562,317,3.0,1167429068
562,318,5.0,1167428239
562,339,3.5,1167428854
562,344,3.0,1167428749
562,353,4.5,1167429104
562,356,4.0,1167428696
562,357,4.0,1167428810
562,364,4.5,1167428432
562,367,3.0,1167428792
562,377,4.0,1167428743
562,380,4.0,1167428721
562,410,3.5,1167428959
562,420,3.5,1167429109
562,457,4.0,1167428707
562,480,5.0,1167426630
562,485,3.0,1167429343
562,500,3.5,1167428780
562,527,4.0,1167428732
562,539,4.0,1167428807
562,541,4.0,1167428281
562,553,4.0,1167429112
562,555,4.0,1167429211
562,586,3.5,1167428873
562,589,5.0,1167426657
562,590,4.0,1167428716
562,592,4.5,1167428526
562,593,5.0,1167426702
562,597,4.5,1167428775
562,608,4.5,1167428740
562,678,3.5,1167429832
562,733,4.0,1167428488
562,736,3.5,1167428767
562,778,4.0,1167429026
562,780,4.0,1167426626
562,784,3.0,1167429166
562,786,3.5,1167429007
562,858,4.0,1167428653
562,1036,4.5,1167428310
562,1073,4.5,1167428813
562,1089,5.0,1167428965
562,1092,4.0,1167429422
562,1097,4.5,1167428796
562,1101,4.0,1167429010
562,1196,5.0,1167428244
562,1197,5.0,1167428254
562,1198,5.0,1167428242
562,1208,4.0,1167429012
562,1210,5.0,1167426710
562,1213,4.5,1167428942
562,1215,5.0,1167428438
562,1220,3.5,1167429020
562,1221,4.0,1167428911
562,1240,4.0,1167428346
562,1246,4.5,1167429075
562,1261,4.0,1167428399
562,1265,4.0,1167428846
562,1266,4.0,1167429308
562,1270,3.5,1167426685
562,1291,5.0,1167428257
562,1307,4.0,1167428937
562,1339,3.5,1167429524
562,1358,3.5,1167429845
562,1370,3.5,1167429230
562,1391,3.5,1167429137
562,1393,4.0,1167428939
562,1407,4.0,1167428562
562,1500,4.0,1167429173
562,1517,5.0,1167426681
562,1573,3.5,1167429092
562,1580,4.0,1167426647
562,1584,4.0,1167428991
562,1610,4.5,1167428374
562,1617,4.0,1167428840
562,1639,4.5,1167429244
562,1673,4.0,1167429286
562,1676,4.0,1167429239
562,1682,3.5,1167429066
562,1704,4.5,1167428303
562,1721,4.0,1167426660
562,1729,4.0,1167429468
562,1777,4.0,1167429329
562,1784,3.0,1167428963
562,1909,4.5,1167429399
562,1917,3.5,1167426677
562,1923,4.0,1167426718
562,2001,4.0,1167429297
562,2011,3.5,1167429096
562,2012,3.0,1167429060
562,2023,3.5,1167429456
562,2028,5.0,1167428298
562,2058,4.5,1167429564
562,2115,4.5,1167428505
562,2194,4.5,1167429195
562,2268,4.5,1167429197
562,2291,4.0,1167429099
562,2294,4.0,1167429519
562,2302,4.0,1167429237
562,2355,4.0,1167429015
562,2395,3.5,1167429334
562,2396,4.0,1167428889
562,2406,4.0,1167429182
562,2502,4.5,1167429151
562,2571,5.0,1167426644
562,2599,4.0,1167429205
562,2617,3.5,1167429185
562,2628,5.0,1167426651
562,2671,4.0,1167429387
562,2683,4.5,1167428922
562,2700,4.5,1167429131
562,2706,4.5,1167428998
562,2710,3.5,1167429045
562,2716,5.0,1167428407
562,2762,3.0,1167426705
562,2791,4.0,1167429094
562,2797,4.0,1167429047
562,2804,5.0,1167429360
562,2858,4.0,1167426675
562,2890,4.0,1167429407
562,2916,4.0,1167429032
562,2918,4.5,1167429050
562,2959,4.5,1167428248
562,2985,4.5,1167429348
562,2987,3.5,1167428981
562,2997,4.0,1167428909
562,3052,4.5,1167429260
562,3098,3.5,1167428368
562,3114,4.0,1167428326
562,3147,4.0,1167429853
562,3255,4.0,1167429500
562,3408,3.5,1167429201
562,3481,4.0,1167427386
562,3578,4.0,1167426622
562,3751,4.0,1167427757
562,3755,3.0,1167429549
562,3793,5.0,1167426720
562,3948,4.0,1167427809
562,3949,3.0,1167427210
562,3994,3.5,1167429412
562,3996,4.0,1167426616
562,4014,4.0,1167427500
562,4022,3.5,1167427706
562,4027,4.5,1167427347
562,4034,4.0,1167427367
562,4085,4.5,1167428492
562,4105,4.0,1167428454
562,4226,4.5,1167427033
562,4246,4.0,1167427909
562,4262,4.0,1167428323
562,4306,4.0,1167426649
562,4308,3.5,1167429497
562,4370,2.5,1167429576
562,4499,4.0,1167428513
562,4720,3.5,1167427352
562,4734,4.5,1167428017
562,4874,2.5,1167428033
562,4886,4.0,1167427063
562,4896,4.5,1167427515
562,4963,5.0,1167427256
562,4973,4.0,1167427042
562,4993,5.0,1167426638
562,5349,5.0,1167426707
562,5378,5.0,1167427847
562,5418,4.0,1167428353
562,5445,4.0,1167426690
562,5502,3.5,1167427842
562,5816,4.5,1167427568
562,5952,5.0,1167426640
562,5956,4.0,1167427940
562,5989,4.0,1167427195
562,5991,4.0,1167427788
562,6188,4.0,1167427767
562,6333,4.5,1167427075
562,6365,4.0,1167427826
562,6377,4.0,1167427053
562,6539,4.5,1167426700
562,6711,3.5,1167427587
562,6863,4.0,1167427740
562,6874,3.5,1167427135
562,6947,4.0,1167427525
562,7143,3.0,1167427203
562,7147,4.0,1167427186
562,7153,5.0,1167426687
562,7158,3.5,1167427580
562,7254,3.0,1167427559
562,7361,3.5,1167427084
562,7458,4.0,1167427972
562,8360,4.0,1167427298
562,8368,4.5,1167427244
562,8528,4.0,1167427993
562,8529,4.0,1167427852
562,8636,4.5,1167427112
562,8641,4.5,1167428068
562,8644,4.0,1167427721
562,8784,3.5,1167427155
562,8949,3.5,1167427537
562,8961,4.5,1167427021
562,8983,4.0,1167427286
562,27660,3.5,1167427309
562,30793,4.0,1167427674
562,31420,3.5,1167428086
562,32587,4.0,1167427145
562,33004,4.0,1167428013
562,33154,2.5,1167427277
562,33162,4.0,1167427953
562,33493,5.0,1167427358
562,33679,4.0,1167428000
562,33794,4.5,1167427011
562,34072,4.0,1167427338
562,34162,4.0,1167427609
562,34338,3.0,1167428079
562,35836,4.5,1167427489
562,40815,4.5,1167427242
562,40819,4.0,1167427119
562,41566,4.0,1167427470
562,41997,3.5,1167427166
562,44191,4.0,1167427095
562,45499,4.0,1167427746
562,45722,4.5,1167427735
562,49013,1.0,1167426941
562,49649,2.5,1167426953
563,111,4.5,1410035958
563,150,2.5,1380354913
563,267,3.0,1378589734
563,293,4.0,1415559572
563,296,5.0,1378623670
563,356,4.5,1380229120
563,364,3.0,1400968161
563,442,3.5,1400872840
563,527,3.0,1400967753
563,541,4.0,1378623698
563,608,4.0,1400967714
563,741,4.5,1380301036
563,750,5.0,1382202174
563,778,4.5,1403101722
563,924,5.0,1438026839
563,1036,4.0,1401210443
563,1080,4.5,1401210453
563,1136,4.5,1378623628
563,1196,3.5,1378623553
563,1206,4.5,1400967640
563,1208,4.5,1378623764
563,1213,5.0,1397077128
563,1214,3.5,1408297778
563,1222,5.0,1380229178
563,1232,4.0,1400968387
563,1274,3.5,1402915744
563,1527,4.0,1379438988
563,1704,4.0,1405772331
563,2028,4.0,1378623852
563,2542,4.0,1380228682
563,2571,4.5,1378623596
563,2762,4.0,1401012292
563,2944,4.0,1401210370
563,2959,5.0,1378623522
563,3000,4.5,1400968082
563,3105,4.0,1408538856
563,3593,2.0,1378589724
563,3677,2.5,1378590165
563,4011,4.0,1380300872
563,4223,4.5,1380354479
563,4226,3.5,1378623620
563,4306,5.0,1380354258
563,4734,4.0,1400872890
563,4901,3.5,1378589658
563,4973,2.5,1380301081
563,5010,4.5,1400967823
563,5445,4.0,1415559316
563,5618,4.5,1415559689
563,5952,3.5,1400967841
563,6059,3.0,1400873303
563,6283,4.0,1402998955
563,6350,4.0,1400872634
563,7022,4.0,1380353921
563,7099,4.5,1415559688
563,7143,4.0,1400967811
563,8874,3.5,1401012132
563,8916,2.5,1401012354
563,27156,5.0,1400872477
563,27611,4.5,1380229402
563,27793,1.5,1378591354
563,31410,3.5,1380228649
563,31658,4.5,1415559547
563,32596,4.0,1401012302
563,33166,4.5,1401012020
563,33794,4.0,1380302577
563,36529,3.5,1400882107
563,38061,4.0,1401012063
563,44191,4.0,1400968604
563,44199,4.0,1400967784
563,44665,4.0,1380302531
563,48394,4.0,1400968203
563,48774,3.5,1400968266
563,51255,4.0,1380302636
563,51662,3.5,1380354380
563,53996,3.0,1400873236
563,54259,4.0,1401303527
563,57669,4.5,1380354238
563,58306,3.0,1378590980
563,58559,4.0,1378623491
563,59315,4.5,1403101719
563,59369,3.5,1400967763
563,60069,4.0,1378623955
563,60684,2.5,1397077190
563,61132,4.0,1380228997
563,62331,4.5,1438373715
563,68157,4.5,1380354087
563,68954,4.0,1378623913
563,69122,4.0,1404158293
563,70286,4.0,1403260316
563,70533,4.0,1403260308
563,71535,4.5,1380354507
563,72226,4.5,1417295090
563,72998,3.0,1380354402
563,73017,4.0,1400967891
563,74458,4.0,1438374877
563,77561,3.5,1380354825
563,79132,4.0,1378623610
563,79702,4.0,1400968283
563,80463,3.5,1401012123
563,80906,4.0,1380354253
563,84187,4.0,1401051415
563,88129,4.5,1380353954
563,88744,4.0,1404158031
563,88932,1.0,1410035473
563,89492,4.0,1400968336
563,89840,3.5,1378591475
563,91529,4.0,1380354607
563,92210,5.0,1404364412
563,92259,4.0,1378623534
563,92954,3.0,1419798719
563,93838,4.5,1438026818
563,94959,4.5,1401012146
563,95441,3.5,1378590713
563,95510,3.0,1378590217
563,95558,3.5,1391161318
563,96079,4.5,1400968177
563,96610,4.5,1380354126
563,96821,4.5,1405772395
563,97304,4.0,1380354188
563,97306,5.0,1378591012
563,97752,3.5,1378590584
563,97860,4.0,1380315202
563,97921,3.5,1380354324
563,97923,4.0,1401210634
563,97938,3.5,1378590370
563,98491,4.0,1438374656
563,99114,4.5,1378623664
563,100383,4.5,1380389665
563,101864,2.0,1380228836
563,103048,3.0,1391161225
563,104841,3.5,1382201685
563,104913,4.5,1438374417
563,104925,4.0,1397077150
563,105504,4.5,1401012023
563,105755,1.5,1397076951
563,105844,3.5,1400873135
563,106489,4.0,1391161064
563,106766,4.0,1402246478
563,106782,4.0,1391160938
563,106873,3.5,1401121610
563,106916,4.5,1391161163
563,107069,4.0,1408298557
563,107314,4.0,1397076879
563,108190,1.5,1400872426
563,108928,2.5,1397077064
563,108979,5.0,1438374671
563,109374,3.5,1402856376
563,109487,5.0,1415559249
563,109578,3.5,1407336954
563,109742,4.5,1400872682
563,110873,5.0,1408743990
563,111759,4.0,1402214608
563,112552,4.0,1438374590
563,112911,3.5,1406562760
563,115210,4.0,1438375150
563,115713,3.5,1438376118
563,116797,5.0,1438373164
563,122882,4.5,1438375869
564,1,4.0,974712079
564,2,4.0,974839862
564,3,3.0,974838162
564,5,3.0,974837992
564,6,1.0,974838752
564,7,3.0,974837728
564,10,3.0,974838889
564,11,3.0,974833372
564,12,1.0,974709821
564,13,4.0,974790534
564,15,1.0,974839652
564,16,4.0,974841269
564,17,3.0,974841452
564,18,2.0,974715602
564,19,3.0,974838427
564,21,4.0,974832987
564,22,5.0,974715698
564,25,5.0,974712574
564,30,5.0,974840718
564,32,4.0,974712401
564,34,3.0,974711349
564,35,2.0,974843294
564,36,5.0,974711403
564,39,5.0,974714239
564,41,3.0,974713477
564,42,3.0,974839143
564,43,4.0,974715515
564,44,2.0,974839306
564,45,5.0,974713644
564,46,5.0,974843382
564,47,4.0,974844454
564,48,1.0,974839955
564,49,5.0,974712958
564,50,5.0,974710590
564,52,5.0,974714756
564,55,4.0,974842510
564,57,4.0,974842470
564,60,1.0,974839888
564,61,3.0,974843382
564,62,1.0,974842721
564,66,1.0,974844872
564,68,4.0,974713920
564,70,2.0,974708918
564,71,2.0,974839391
564,73,2.0,974841398
564,74,3.0,974842967
564,76,4.0,974715792
564,77,4.0,974715861
564,78,4.0,974842547
564,81,3.0,974716258
564,85,4.0,974842470
564,86,4.0,974843206
564,87,1.0,974838063
564,88,2.0,974838134
564,89,3.0,974715602
564,92,5.0,974842216
564,93,2.0,974838350
564,94,4.0,974842510
564,95,3.0,974839108
564,99,4.0,974712184
564,102,4.0,974838601
564,103,5.0,974844826
564,104,2.0,974833057
564,105,4.0,974716299
564,107,4.0,974837418
564,108,4.0,974713920
564,110,1.0,974711555
564,111,3.0,974840746
564,112,3.0,974714526
564,113,4.0,974841992
564,116,5.0,974714920
564,118,4.0,974838315
564,121,4.0,974832475
564,122,4.0,974837051
564,125,5.0,974832624
564,126,1.0,974839930
564,131,2.0,974842775
564,132,4.0,974844767
564,137,1.0,974840424
564,141,4.0,974832931
564,145,2.0,974838971
564,147,2.0,974842510
564,149,5.0,974842655
564,150,3.0,974712574
564,151,5.0,974713031
564,152,4.0,974712704
564,153,3.0,974838189
564,155,2.0,974842015
564,156,5.0,974833716
564,157,3.0,974837992
564,158,3.0,974839862
564,160,1.0,974839511
564,161,4.0,974714878
564,162,5.0,974712107
564,165,4.0,974839108
564,166,4.0,974838288
564,169,1.0,974842687
564,170,4.0,974839269
564,171,4.0,974714778
564,172,1.0,974839453
564,173,4.0,974839620
564,174,1.0,974838063
564,175,1.0,974841802
564,176,4.0,974832646
564,177,2.0,974709466
564,180,4.0,974713614
564,181,1.0,974839680
564,183,5.0,974715995
564,184,5.0,974715756
564,185,4.0,974844826
564,186,3.0,974838315
564,188,5.0,974709135
564,189,4.0,974838288
564,193,5.0,974843549
564,194,4.0,974714337
564,196,4.0,974709821
564,198,4.0,974715454
564,202,1.0,974843463
564,203,4.0,974838026
564,205,3.0,974716383
564,206,5.0,974840462
564,207,3.0,974842775
564,208,1.0,974839481
564,211,3.0,974715515
564,216,1.0,974791643
564,217,3.0,974842918
564,218,3.0,974837728
564,219,4.0,974843485
564,220,2.0,974709519
564,222,4.0,974716363
564,223,5.0,974710675
564,225,4.0,974843009
564,229,5.0,974715293
564,230,5.0,974715996
564,231,5.0,974715698
564,233,5.0,974842687
564,234,4.0,974837728
564,235,5.0,974711243
564,236,3.0,974837325
564,237,2.0,974837697
564,239,5.0,974790987
564,240,5.0,974844797
564,241,5.0,974840300
564,244,3.0,974790987
564,247,5.0,974711049
564,248,5.0,974716363
564,250,1.0,974837788
564,252,3.0,974837728
564,253,5.0,974708959
564,255,2.0,974838456
564,256,4.0,974838097
564,257,2.0,974843964
564,260,2.0,974710704
564,261,4.0,974842510
564,265,1.0,974844006
564,266,2.0,974842687
564,267,2.0,974838218
564,271,5.0,974843064
564,273,4.0,974709734
564,277,3.0,974843527
564,278,5.0,974837231
564,282,4.0,974843182
564,287,4.0,974837615
564,288,3.0,974839143
564,291,2.0,974844797
564,292,1.0,974839204
564,295,4.0,974837543
564,296,5.0,974711078
564,299,5.0,974841420
564,302,4.0,974841654
564,303,3.0,974839108
564,304,2.0,974838641
564,312,5.0,974837788
564,313,1.0,974839888
564,314,2.0,974711555
564,315,1.0,974839511
