564,2379,2.0,974838189
564,2380,1.0,974838390
564,2381,1.0,974838315
564,2382,1.0,974838601
564,2383,1.0,974838545
564,2384,5.0,974712798
564,2385,3.0,974844359
564,2386,3.0,974843613
564,2387,3.0,974836231
564,2389,2.0,974709779
564,2390,3.0,974713279
564,2391,3.0,974844473
564,2392,1.0,974838491
564,2393,3.0,974839071
564,2395,4.0,974708446
564,2396,3.0,974710822
564,2397,4.0,974841704
564,2398,5.0,974841550
564,2402,2.0,974839176
564,2404,1.0,974839551
564,2405,4.0,974837260
564,2406,4.0,974715038
564,2407,3.0,974833752
564,2408,3.0,974838390
564,2409,3.0,974839236
564,2410,2.0,974839236
564,2411,1.0,974839453
564,2412,1.0,974839680
564,2413,4.0,974838162
564,2414,3.0,974716403
564,2415,4.0,974843091
564,2416,3.0,974836980
564,2417,3.0,974837853
564,2418,4.0,974837128
564,2419,5.0,974843294
564,2420,1.0,974842547
564,2421,1.0,974839422
564,2422,1.0,974839680
564,2423,4.0,974714563
564,2424,4.0,974716299
564,2428,3.0,974709135
564,2429,2.0,974839830
564,2430,4.0,974715003
564,2431,1.0,974842605
564,2439,3.0,974713443
564,2440,4.0,974841601
564,2442,5.0,974714756
564,2446,1.0,974844826
564,2448,3.0,974710071
564,2449,1.0,974839955
564,2450,2.0,974840213
564,2451,4.0,974709644
564,2455,5.0,974708918
564,2456,1.0,974709644
564,2457,3.0,974716091
564,2458,3.0,974838350
564,2459,5.0,974708959
564,2460,4.0,974709577
564,2462,1.0,974709917
564,2463,5.0,974832864
564,2464,2.0,974709917
564,2465,5.0,974709917
564,2467,5.0,974712635
564,2468,5.0,974838350
564,2469,5.0,974837167
564,2470,3.0,974837051
564,2471,1.0,974837992
564,2472,4.0,974837293
564,2473,1.0,974838218
564,2475,5.0,974838858
564,2478,3.0,974715996
564,2479,2.0,974842279
564,2483,5.0,974709779
564,2491,3.0,974837325
564,2495,5.0,974714807
564,2496,4.0,974714685
564,2499,3.0,974832864
564,2500,1.0,974837231
564,2504,4.0,974837788
564,2505,2.0,974844797
564,2513,5.0,974709466
564,2514,1.0,974709860
564,2515,2.0,974710071
564,2516,1.0,974710228
564,2517,5.0,974709378
564,2518,4.0,974836231
564,2519,2.0,974708665
564,2520,3.0,974843294
564,2521,4.0,974843527
564,2522,3.0,974843463
564,2523,3.0,974843416
564,2524,5.0,974839341
564,2525,3.0,974709245
564,2527,4.0,974714756
564,2528,4.0,974716032
564,2529,4.0,974711674
564,2530,4.0,974839143
564,2531,4.0,974839269
564,2532,4.0,974715258
564,2533,4.0,974714807
564,2534,3.0,974715184
564,2535,5.0,974838889
564,2536,4.0,974843549
564,2539,4.0,974714838
564,2541,4.0,974842687
564,2545,5.0,974838390
564,2548,2.0,974710177
564,2550,5.0,974708918
564,2551,4.0,974713533
564,2553,5.0,974708996
564,2555,1.0,974838134
564,2560,5.0,974842655
564,2561,4.0,974716258
564,2567,4.0,974715952
564,2571,3.0,974712259
564,2574,4.0,974837584
564,2577,3.0,974841370
564,2580,4.0,974711243
564,2583,4.0,974843921
564,2586,4.0,974836980
564,2594,5.0,974841452
564,2596,4.0,974713166
564,2597,2.0,974836897
564,2599,4.0,974711439
564,2600,5.0,974838999
564,2606,5.0,974709245
564,2607,3.0,974840609
564,2611,3.0,974841370
564,2612,5.0,974712327
564,2613,5.0,974709135
564,2616,4.0,974839236
564,2617,4.0,974709245
564,2622,4.0,974837231
564,2626,4.0,974834922
564,2628,2.0,974708506
564,2633,3.0,974716258
564,2634,3.0,974709091
564,2639,4.0,974843041
564,2640,4.0,974715258
564,2641,4.0,974716220
564,2642,2.0,974839453
564,2643,1.0,974839706
564,2644,4.0,974708665
564,2648,5.0,974711481
564,2654,4.0,974708959
564,2655,3.0,974709972
564,2656,4.0,974710071
564,2657,5.0,974709135
564,2659,4.0,974833079
564,2662,5.0,974714337
564,2664,5.0,974708713
564,2668,5.0,974709734
564,2672,1.0,974842838
564,2682,5.0,974715258
564,2683,4.0,974837167
564,2687,3.0,974714264
564,2689,4.0,974712989
564,2690,3.0,974712798
564,2692,5.0,974838725
564,2693,5.0,974715639
564,2694,2.0,974837361
564,2696,5.0,974832795
564,2699,5.0,974715570
564,2700,5.0,974711243
564,2701,1.0,974839551
564,2702,2.0,974842547
564,2706,3.0,974832987
564,2710,5.0,974709091
564,2712,5.0,974714461
564,2713,1.0,974709294
564,2715,4.0,974713614
564,2716,3.0,974708761
564,2717,3.0,974709644
564,2718,3.0,974714026
564,2719,3.0,974709644
564,2720,2.0,974838545
564,2721,5.0,974844147
564,2722,3.0,974839422
564,2725,5.0,974711581
564,2730,2.0,974713166
564,2733,4.0,974838601
564,2734,4.0,974842241
564,2735,4.0,974837584
564,2736,4.0,974716189
564,2738,5.0,974837128
564,2739,5.0,974715454
564,2741,3.0,974839422
564,2745,3.0,974714644
564,2746,5.0,974709294
564,2747,2.0,974708918
564,2748,2.0,974839706
564,2749,4.0,974842471
564,2750,4.0,974714685
564,2751,3.0,974837753
564,2752,5.0,974837080
564,2753,4.0,974844604
564,2754,3.0,974710071
564,2755,5.0,974843463
564,2757,4.0,974715348
564,2759,5.0,974712016
564,2761,4.0,974711921
564,2762,5.0,974710822
564,2766,4.0,974833716
564,2767,2.0,974832987
564,2772,4.0,974716060
564,2774,4.0,974832795
564,2779,4.0,974837018
564,2781,3.0,974709519
564,2786,3.0,974838026
564,2787,3.0,974709519
564,2788,4.0,974834922
564,2789,3.0,974709378
564,2790,3.0,974709860
564,2791,5.0,974790116
564,2792,4.0,974837418
564,2793,1.0,974709135
564,2794,4.0,974837886
564,2795,5.0,974715038
564,2796,4.0,974837018
564,2797,3.0,974713478
564,2798,1.0,974838491
564,2799,1.0,974838641
564,2800,3.0,974839911
564,2801,3.0,974716060
564,2802,4.0,974839039
564,2803,4.0,974844711
564,2804,3.0,974832595
564,2806,1.0,974837728
564,2808,2.0,974839620
564,2826,1.0,974709423
564,2827,2.0,974844797
564,2829,2.0,974837661
564,2840,1.0,974844797
564,2841,3.0,974844545
564,2844,2.0,974842308
564,2850,2.0,974842443
564,2851,4.0,974844767
564,2853,4.0,974715952
564,2855,4.0,974710228
564,2857,4.0,974713988
564,2858,5.0,974710822
564,2860,4.0,974837509
564,2862,4.0,974843382
564,2863,3.0,974712609
564,2866,4.0,974715756
564,2867,5.0,974708813
564,2868,2.0,974709972
564,2870,4.0,974714165
564,2871,4.0,974844528
564,2872,4.0,974712446
564,2875,4.0,974843009
564,2876,2.0,974714026
564,2877,3.0,974842838
564,2878,3.0,974710127
564,2881,3.0,974839176
564,2890,4.0,974713066
564,2898,4.0,974709336
564,2899,4.0,974790392
564,2900,3.0,974709336
564,2901,5.0,974709044
564,2902,5.0,974709466
564,2903,1.0,974710127
564,2907,4.0,974833434
564,2908,5.0,974712958
564,2912,5.0,974712079
564,2915,4.0,974833015
564,2916,2.0,974838799
564,2917,4.0,974713252
564,2918,4.0,974832864
564,2919,5.0,974712184
564,2926,5.0,974712574
564,2928,4.0,974843009
564,2929,4.0,974713563
564,2942,4.0,974843320
564,2945,5.0,974843898
564,2946,3.0,974713563
564,2947,4.0,974838725
564,2948,4.0,974838752
564,2949,4.0,974838773
564,2950,3.0,974843416
564,2952,3.0,974844505
564,2953,1.0,974838350
564,2956,4.0,974839269
564,2959,5.0,974712327
564,2961,3.0,974837661
564,2966,5.0,974840718
564,2967,3.0,974842401
564,2968,3.0,974712764
564,2971,5.0,974843768
564,2973,5.0,974832679
564,2974,1.0,974710177
564,2976,5.0,974709519
564,2982,5.0,974709821
564,2985,4.0,974714374
564,2986,2.0,974839620
564,2987,5.0,974712327
564,2988,5.0,974714208
564,2989,5.0,974838921
564,2990,2.0,974714061
564,2991,3.0,974838858
564,2992,4.0,974709972
564,2995,3.0,974709734
564,2997,4.0,974710734
564,3005,4.0,974844684
564,3006,2.0,974840746
564,3013,3.0,974709336
564,3015,5.0,974844604
564,3016,5.0,974709177
564,3018,5.0,974708665
564,3019,4.0,974712764
564,3020,3.0,974839039
564,3021,5.0,974709972
564,3024,5.0,974709821
564,3028,4.0,974712505
564,3029,4.0,974714026
564,3033,4.0,974837167
564,3034,4.0,974790436
564,3036,5.0,974716189
564,3039,5.0,974832897
564,3040,4.0,974713443
564,3041,3.0,974838601
564,3042,3.0,974838601
564,3044,4.0,974843898
564,3045,4.0,974837853
564,3048,4.0,974838189
564,3051,3.0,974708506
564,3052,5.0,974711581
564,3060,4.0,974833079
564,3063,4.0,974844649
564,3064,1.0,974844585
564,3067,5.0,974832570
564,3068,5.0,974711243
564,3070,2.0,974715861
564,3072,5.0,974713136
564,3075,3.0,974711808
564,3081,4.0,974709044
564,3082,4.0,974716125
564,3083,5.0,974710590
564,3086,4.0,974714291
564,3087,3.0,974715258
564,3089,3.0,974840798
564,3094,3.0,974841475
564,3098,2.0,974712147
564,3101,5.0,974715640
564,3102,5.0,974715003
564,3103,4.0,974844218
564,3105,4.0,974712727
564,3106,4.0,974842605
564,3107,2.0,974838921
564,3108,4.0,974713412
564,3111,3.0,974841452
564,3112,5.0,974710675
564,3113,1.0,974839269
564,3115,5.0,974711845
564,3125,5.0,974842443
564,3128,3.0,974840851
564,3130,4.0,974838162
564,3135,5.0,974713310
564,3141,4.0,974843041
564,3145,4.0,974842838
564,3146,1.0,974837728
564,3147,5.0,974712259
564,3152,5.0,974713310
564,3153,5.0,974838858
564,3156,3.0,974843064
564,3157,3.0,974713412
564,3160,5.0,974712478
564,3167,5.0,974713786
564,3169,4.0,974714127
564,3174,2.0,974713279
564,3175,5.0,974714165
564,3176,2.0,974842216
564,3178,3.0,974714061
564,3179,3.0,974840798
564,3183,4.0,974840825
564,3185,3.0,974841802
564,3186,4.0,974714967
564,3190,1.0,974839740
564,3194,5.0,974840876
564,3197,4.0,974715425
564,3198,5.0,974715488
564,3200,5.0,974833434
564,3203,4.0,974713279
564,3204,4.0,974712609
564,3210,5.0,974832795
564,3211,4.0,974841654
564,3213,5.0,974713512
564,3218,3.0,974711349
564,3223,3.0,974842626
564,3239,4.0,974838641
564,3243,4.0,974837931
564,3244,5.0,974714618
564,3246,3.0,974713166
564,3247,4.0,974836980
564,3248,3.0,974838427
564,3249,4.0,974844649
564,3250,3.0,974714239
564,3251,4.0,974842369
564,3252,4.0,974716220
564,3253,3.0,974714526
564,3254,3.0,974836927
564,3255,3.0,974714264
564,3256,4.0,974714685
564,3257,1.0,974839551
564,3258,5.0,974837476
564,3259,3.0,974842860
564,3261,4.0,974837293
564,3262,4.0,974715825
564,3263,3.0,974837201
564,3264,1.0,974709378
564,3266,3.0,974710822
564,3268,3.0,974838545
564,3269,3.0,974844186
564,3270,3.0,974842279
564,3271,4.0,974712147
564,3272,5.0,974842775
564,3273,4.0,974709466
564,3274,5.0,974839039
564,3281,5.0,974840462
564,3282,4.0,974712446
564,3304,4.0,974842576
564,3313,4.0,974837886
564,3324,1.0,974837661
564,3325,4.0,974838545
564,3331,4.0,974843502
564,3339,3.0,974713342
564,3341,4.0,974710822
564,3342,5.0,974712259
564,3343,4.0,974837386
564,3351,3.0,974709336
564,3355,4.0,974844711
564,3358,5.0,974713988
564,3359,5.0,974840684
564,3360,3.0,974713196
564,3361,5.0,974712044
564,3362,4.0,974711921
564,3363,5.0,974835075
564,3386,4.0,974841338
564,3387,4.0,974837697
564,3388,3.0,974837584
564,3391,5.0,974838641
564,3392,4.0,974838026
564,3394,4.0,974837992
564,3396,4.0,974712924
564,3397,4.0,974833434
564,3398,3.0,974715570
564,3402,4.0,974715602
564,3404,3.0,974839039
564,3409,4.0,974713196
564,3412,4.0,974714337
564,3418,5.0,974713673
564,3420,5.0,974844585
564,3421,4.0,974711756
564,3422,3.0,974833400
564,3424,3.0,974832715
564,3428,1.0,974843587
564,3429,4.0,974790351
564,3430,4.0,974838889
564,3431,3.0,974839579
564,3435,4.0,974710521
564,3436,2.0,974843348
564,3438,2.0,974839307
564,3439,1.0,974839579
564,3440,1.0,974839652
564,3442,3.0,974839551
564,3445,3.0,974843921
564,3448,5.0,974716220
564,3449,4.0,974843416
564,3450,4.0,974836927
564,3457,5.0,974843570
564,3459,4.0,974709466
564,3461,4.0,974713920
564,3465,4.0,974843348
564,3466,4.0,974837361
564,3471,5.0,974711921
564,3476,5.0,974708813
564,3478,1.0,974842443
564,3479,2.0,974715293
564,3480,4.0,974715666
564,3481,4.0,974712446
564,3489,2.0,974843646
564,3490,5.0,974791150
564,3491,4.0,974791183
564,3494,3.0,974716189
564,3495,4.0,974838641
564,3496,4.0,974841704
564,3497,4.0,974836927
564,3498,4.0,974713786
564,3499,5.0,974713093
564,3500,2.0,974837697
564,3501,4.0,974715003
564,3503,2.0,974711581
564,3504,4.0,974711001
564,3505,4.0,974714291
564,3506,4.0,974833716
564,3507,4.0,974714778
564,3508,4.0,974844968
564,3510,4.0,974715666
564,3516,4.0,974716060
564,3518,2.0,974841529
564,3521,4.0,974712764
564,3524,5.0,974837128
564,3525,4.0,974837231
564,3526,4.0,974713478
564,3527,4.0,974714061
564,3528,4.0,974843206
564,3529,5.0,974844711
564,3534,4.0,974833752
564,3535,4.0,974708918
564,3543,4.0,974711517
564,3544,3.0,974837018
564,3545,5.0,974843752
564,3546,5.0,974713512
564,3547,5.0,974840876
564,3548,3.0,974713786
564,3551,3.0,974711125
564,3552,4.0,974713311
564,3557,5.0,974844737
564,3564,2.0,974838545
564,3565,3.0,974837128
564,3572,2.0,974709519
564,3573,4.0,974710127
564,3574,1.0,974710252
564,3576,5.0,974708761
564,3577,4.0,974843549
564,3584,4.0,974839551
564,3587,4.0,974708959
564,3590,4.0,974837853
564,3591,4.0,974837051
564,3604,4.0,974843786
564,3605,1.0,974843320
564,3608,5.0,974832897
564,3614,4.0,974715792
564,3619,3.0,974714778
564,3623,1.0,974708506
564,3627,4.0,974713031
564,3633,4.0,974838833
564,3635,5.0,974713614
564,3638,5.0,974716299
564,3639,3.0,974713872
564,3649,4.0,974842687
564,3658,4.0,974711845
564,3659,3.0,974844473
564,3660,3.0,974709294
564,3661,3.0,974709779
564,3662,3.0,974709734
564,3663,3.0,974710019
564,3664,3.0,974710019
564,3665,4.0,974710019
564,3671,5.0,974712545
564,3672,5.0,974839862
564,3673,3.0,974840213
564,3674,3.0,974840213
564,3676,4.0,974708665
564,3677,3.0,974715640
564,3679,5.0,974714061
564,3680,3.0,974712327
564,3683,5.0,974710704
564,3684,4.0,974842308
564,3685,5.0,974713136
564,3688,4.0,974837584
564,3689,3.0,974838350
564,3690,2.0,974838456
564,3691,3.0,974838315
564,3692,4.0,974710127
564,3693,4.0,974708996
564,3694,3.0,974709423
564,3695,3.0,974709577
564,3696,4.0,974709091
564,3697,2.0,974839391
564,3698,3.0,974839204
564,3699,3.0,974714685
564,3701,4.0,974841992
564,3702,3.0,974712401
564,3703,2.0,974712016
564,3704,2.0,974838921
564,3705,4.0,974839680
564,3706,4.0,974713872
564,3707,4.0,974843226
564,3708,4.0,974709466
564,3709,4.0,974709779
564,3712,5.0,974837293
564,3713,4.0,974713739
564,3714,2.0,974842918
564,3715,4.0,974837960
564,3716,4.0,974839579
564,3723,4.0,974842055
564,3724,5.0,974714239
564,3725,5.0,974790534
564,3727,4.0,974832864
564,3728,5.0,974713252
564,3729,4.0,974839071
564,3730,5.0,974710334
564,3731,4.0,974842655
564,3732,3.0,974709177
564,3733,4.0,974713644
564,3734,5.0,974714208
564,3738,5.0,974716156
564,3740,3.0,974713920
564,3742,3.0,974711164
564,3745,4.0,974790436
564,3753,1.0,974844914
564,3754,2.0,974840213
564,3755,5.0,974838971
564,3757,5.0,974708857
564,3758,4.0,974842576
564,3759,4.0,974790534
564,3760,5.0,974714374
564,3763,4.0,974715698
564,3764,1.0,974839307
564,3769,3.0,974838799
564,3770,5.0,974844627
564,3771,4.0,974713375
564,3773,1.0,974837661
564,3774,1.0,974838601
564,3777,1.0,974709245
564,3785,3.0,974708959
564,3786,3.0,974714599
564,3788,4.0,974714491
564,3791,4.0,974842401
564,3798,4.0,974716156
564,3802,2.0,974839511
564,3804,5.0,974838456
564,3805,4.0,974839621
564,3807,5.0,974714374
564,3809,4.0,974714685
564,3810,4.0,974842838
564,3811,4.0,974840798
564,3812,4.0,974833015
564,3813,5.0,974715038
564,3814,5.0,974711644
564,3820,1.0,974839888
564,3826,4.0,974709821
564,3832,3.0,974713944
564,3833,5.0,974709973
564,3834,3.0,974843348
564,3835,3.0,974844737
564,3837,5.0,974709644
564,3838,2.0,974709860
564,3839,1.0,974709860
564,3840,5.0,974709860
564,3841,5.0,974837853
564,3844,4.0,974842721
564,3851,5.0,974712668
564,3857,1.0,974844889
564,3863,4.0,974844425
564,3865,1.0,974713412
564,3868,4.0,974712821
564,3869,4.0,974837018
564,3877,2.0,974839621
564,3889,1.0,974716125
564,3908,5.0,974709917
564,3917,5.0,974708996
564,3918,3.0,974708813
564,3919,3.0,974709734
564,3920,2.0,974712223
564,3921,2.0,976224804
564,3923,4.0,974709519
564,3925,3.0,974715602
564,3927,4.0,974713375
564,3928,4.0,974709245
564,3930,4.0,974709091
564,3932,3.0,974708761
564,3936,4.0,974714208
564,3937,2.0,974844797
564,3938,4.0,974710127
564,3939,3.0,974710127
564,3940,3.0,974708446
564,3941,4.0,974710177
564,3942,3.0,974710071
564,3946,4.0,974839579
564,3948,4.0,974713196
564,3956,3.0,974709520
564,3957,2.0,974843206
564,3959,3.0,974712958
564,3960,3.0,976224747
564,3961,3.0,974709779
564,3962,2.0,974709917
564,3968,4.0,974837615
564,3970,4.0,974709973
564,3971,4.0,974711403
564,3973,5.0,974791435
564,3984,4.0,974714685
564,4002,3.0,976224647
564,4003,3.0,976224647
564,4005,3.0,976224647
564,4006,2.0,976224647
564,4008,4.0,976224647
564,4009,5.0,976224647
564,4010,1.0,976224647
564,5060,4.0,974711674
564,5649,3.0,974708665
565,150,3.0,954602761
565,300,3.0,954602795
565,337,2.0,954602576
565,480,4.0,954601950
565,589,4.0,954602676
565,608,5.0,954602419
565,994,2.0,954602516
565,1196,3.0,954601868
565,1213,3.0,954602576
565,1233,3.0,954602464
565,1266,2.0,954602647
565,1358,3.0,954602647
565,1537,4.0,954602846
565,1721,4.0,954601826
565,1748,4.0,954602647
565,2324,5.0,954602795
565,2359,5.0,954602535
565,2396,5.0,954602516
565,2571,5.0,954602535
565,2779,3.0,954601950
565,2826,2.0,954602761
565,2858,4.0,954602516
565,2916,5.0,954601911
565,3072,5.0,954601911
565,3100,3.0,954602761
565,3148,4.0,954603056
565,3186,5.0,954602398
566,318,5.0,1386910312
566,1792,4.0,1386909786
566,2296,3.5,1386909949
566,3177,3.5,1386910089
566,4255,3.5,1386910019
566,6156,5.0,1386909909
566,6541,4.0,1386910296
566,6754,5.0,1386909822
566,8937,4.0,1386910058
566,26614,5.0,1386909885
566,31420,5.0,1386910136
566,47640,3.0,1386910200
566,54286,5.0,1386910314
566,55282,3.5,1386910069
566,58559,5.0,1386910355
566,59315,5.0,1386910292
566,60756,5.0,1386910076
566,61024,4.0,1386909927
566,89745,4.5,1386910327
566,97304,4.5,1386910037
566,102125,5.0,1386910166
566,102445,5.0,1386910321
567,50,3.0,1436823334
567,260,3.5,1436823318
567,318,5.0,1436823311
567,356,4.0,1436823505
567,589,5.0,1436823417
567,593,4.0,1436823369
567,750,4.0,1436823395
567,858,5.0,1436823288
567,924,4.0,1436823531
567,1089,5.0,1436823378
567,1136,3.0,1436823361
567,1175,4.0,1436823436
567,1193,3.0,1436823549
567,1198,4.0,1436823323
567,1206,5.0,1436823456
567,1208,3.0,1436823513
567,1213,4.5,1436823374
567,1221,5.0,1436823524
567,1258,5.0,1436823420
567,1265,5.0,1436823450
567,1732,5.0,1436823520
567,2502,5.0,1436823281
567,2858,5.0,1436823508
567,2959,5.0,1436823313
567,4011,5.0,1436823499
567,4262,3.5,1436823537
567,4878,2.5,1436828875
567,7153,3.5,1436823350
567,44191,4.5,1436823453
567,44555,5.0,1436823567
567,48516,5.0,1436823553
567,89759,5.0,1436823459
567,122882,5.0,1436823589
567,134853,3.5,1436823594
568,1,3.0,835002305
568,10,4.0,835002274
568,47,5.0,835002428
568,150,3.0,835002195
568,153,5.0,835002219
568,161,4.0,835002275
568,165,4.0,835002219
568,231,3.0,835002248
568,253,3.0,835002305
568,288,4.0,835002326
568,292,4.0,835002274
568,293,4.0,835002428
568,296,4.0,835002195
568,300,4.0,835002326
568,316,5.0,835002248
568,318,5.0,835002248
568,329,5.0,835002248
568,344,3.0,835002219
568,349,5.0,835002219
568,353,4.0,835002462
568,356,1.0,835002400
568,377,5.0,835002363
568,380,5.0,835002195
568,410,3.0,835002326
568,434,5.0,835002275
568,442,5.0,835002462
568,457,5.0,835002326
568,474,5.0,835002428
568,480,5.0,835002400
568,588,4.0,835002219
568,589,5.0,835002363
568,590,2.0,835002195
568,592,5.0,835002194
568,593,5.0,835002305
568,595,4.0,835002248
568,733,4.0,835002363
568,736,4.0,835002363
569,11,5.0,965068407
569,39,4.0,965068081
569,110,3.0,965070746
569,151,4.0,965070759
569,164,4.0,965080902
569,318,5.0,965070662
569,349,5.0,965070900
569,356,5.0,965068229
569,377,4.0,965068186
569,440,4.0,965068229
569,474,5.0,965070825
569,593,4.0,965070678
569,800,2.0,965071191
569,858,5.0,965070650
569,899,5.0,965068067
569,902,3.0,965067745
569,903,5.0,965071054
569,904,5.0,965071054
569,905,5.0,965070015
569,908,5.0,965070604
569,909,5.0,965069244
569,910,5.0,965080412
569,911,5.0,965069187
569,912,5.0,965067984
569,913,3.0,965067745
569,914,5.0,965069372
569,915,4.0,965068186
569,916,5.0,965068027
569,919,5.0,965070061
569,920,5.0,965068067
569,922,5.0,965070547
569,924,2.0,965071191
569,928,5.0,965068002
569,931,4.0,965068027
569,932,3.0,965069413
569,933,4.0,965068229
569,942,4.0,965071191
569,943,5.0,965069973
569,969,5.0,965068002
569,1035,5.0,965070490
569,1193,3.0,965144227
569,1198,5.0,965068700
569,1207,5.0,965070662
569,1225,4.0,965068700
569,1247,4.0,965068027
569,1278,1.0,965080429
569,1307,4.0,965068094
569,1357,4.0,965070791
569,1358,5.0,965143871
569,1393,4.0,965068186
569,1608,4.0,965070810
569,1617,5.0,965070566
569,1674,4.0,965068081
569,1721,4.0,965068128
569,1873,4.0,965070778
569,1918,3.0,965071013
569,1944,3.0,965068027
569,1946,4.0,965069413
569,1947,3.0,965069372
569,1956,3.0,965068700
569,2000,4.0,965071013
569,2001,4.0,965071013
569,2002,3.0,965071013
569,2006,4.0,965068186
569,2028,5.0,965067636
569,2109,3.0,965067672
569,2324,4.0,965144282
569,2359,5.0,965144265
569,2396,4.0,965068027
569,2770,3.0,965070839
569,2791,3.0,965067745
569,2804,5.0,965068455
569,2858,5.0,965067900
569,2919,3.0,965068067
569,3082,3.0,965067928
569,3095,5.0,965070678
569,3147,5.0,965067900
569,3176,2.0,965067900
569,3196,5.0,965070531
569,3210,3.0,965069104
569,3256,4.0,965070991
569,3414,4.0,965069422
569,3512,4.0,965144249
569,3654,5.0,965070531
569,3801,2.0,965071191
570,1,1.5,1475783711
570,36,4.0,1475784355
570,104,3.5,1475806221
570,110,3.0,1475783266
570,150,3.5,1475783700
570,165,5.0,1475783692
570,260,2.0,1475783233
570,296,5.0,1475783781
570,356,5.0,1475783279
570,457,4.0,1475783286
570,474,4.0,1475783718
570,508,5.0,1475783671
570,527,2.5,1475783261
570,589,1.5,1475783263
570,593,5.0,1475783864
570,608,4.0,1475784300
570,648,5.0,1475783787
570,733,4.5,1475783698
570,780,4.0,1475783835
570,1027,4.0,1475784352
570,1036,5.0,1475783259
570,1047,3.0,1475784384
570,1196,2.0,1475783047
570,1198,4.0,1475783030
570,1210,1.5,1475783247
570,1213,2.0,1475784311
570,1258,5.0,1475784306
570,1291,4.0,1475783038
570,1370,5.0,1475783716
570,1544,3.0,1475783815
570,1584,2.0,1475784351
570,1608,4.5,1475783707
570,1625,4.5,1475784302
570,1704,5.0,1475783687
570,1882,1.5,1475783741
570,1917,4.0,1475783809
570,1997,4.5,1475806206
570,2000,4.0,1475783744
570,2028,2.5,1475783269
570,2115,5.0,1475783793
570,2268,2.5,1475784363
570,2403,4.0,1475784326
570,2404,5.0,1475783760
570,2411,3.0,1475784369
570,2571,3.0,1475783033
570,2617,1.5,1475783850
570,2916,2.5,1475783739
570,2959,3.0,1475783757
570,2990,2.5,1475784375
570,3623,5.0,1475783736
570,3624,3.0,1475783848
570,3916,4.0,1475784345
570,3977,2.5,1475783775
570,4306,1.5,1475783783
570,4369,3.0,1475783817
570,4701,4.0,1475783762
570,4896,4.0,1475806371
570,4901,4.0,1475784409
570,4993,5.0,1475783252
570,5064,4.0,1475784417
570,5218,3.0,1475783676
570,5254,4.0,1475783811
570,5378,2.0,1475806378
570,5445,5.0,1475783680
570,5449,4.5,1475783779
570,5621,4.0,1475783863
570,5952,5.0,1475783236
570,6156,3.5,1475783800
570,6333,2.5,1475783685
570,6365,2.5,1475783790
570,6378,4.5,1475783724
570,6539,4.0,1475783674
570,6664,3.0,1475784370
570,6874,4.0,1475783669
570,7143,3.5,1475783679
570,7153,5.0,1475783036
570,7438,3.5,1475783668
570,7445,4.0,1475784344
570,8368,4.5,1475783753
570,8533,3.5,1475806361
570,8644,3.5,1475783867
570,8961,2.0,1475783710
570,32029,4.0,1475784376
570,33794,2.0,1475783271
570,34534,3.5,1475806226
570,36519,5.0,1475783803
570,37727,2.5,1475784380
570,40815,4.5,1475783754
570,41566,3.5,1475783720
570,44199,4.0,1475784330
570,45186,5.0,1475786244
570,47099,5.0,1475784304
570,48516,3.5,1475783853
570,48774,4.0,1475786239
570,49272,5.0,1475783813
570,53972,5.0,1475783842
570,54286,5.0,1475783284
570,55765,3.5,1475784365
570,57528,4.5,1475784313
570,58559,1.5,1475783249
570,59315,3.0,1475783273
570,59501,3.5,1475783807
570,60072,3.0,1475783690
