580,3476,4.0,1155617381
580,3479,3.0,1273519210
580,3481,4.5,1155616671
580,3489,3.0,1167160453
580,3499,3.0,1156127229
580,3521,3.0,1156128100
580,3527,3.5,1155616662
580,3535,4.0,1269895633
580,3550,3.0,1165292434
580,3552,3.5,1167159596
580,3578,4.0,1155485851
580,3593,1.0,1273519247
580,3615,3.0,1165291208
580,3624,3.5,1167160548
580,3671,4.0,1155617921
580,3676,3.5,1165292097
580,3686,3.0,1165292342
580,3692,3.0,1168657941
580,3698,3.0,1167162043
580,3703,3.5,1167159416
580,3740,3.5,1273518844
580,3745,2.0,1273518578
580,3751,3.5,1165291025
580,3793,4.0,1155616907
580,3809,3.0,1167162058
580,3826,2.0,1167160639
580,3863,3.0,1167159645
580,3868,3.5,1167160320
580,3897,4.0,1155485097
580,3911,4.0,1165900811
580,3916,4.0,1167160475
580,3917,3.5,1165292389
580,3948,2.5,1269895083
580,3969,1.5,1167164408
580,3972,4.5,1168658500
580,3977,2.5,1165899372
580,3986,3.0,1246034723
580,3988,2.5,1273518532
580,3993,4.0,1155485244
580,3994,4.0,1155484849
580,3996,3.0,1155616626
580,3997,0.5,1156128034
580,4002,3.0,1167159797
580,4011,3.5,1155616697
580,4015,3.5,1156127548
580,4016,3.5,1156127499
580,4025,2.0,1167162947
580,4027,4.0,1155616613
580,4036,3.5,1165291955
580,4069,2.5,1156127492
580,4085,3.5,1156127216
580,4101,4.5,1167160932
580,4102,4.0,1220647226
580,4103,4.5,1155618489
580,4105,4.0,1218138552
580,4128,4.0,1165292211
580,4213,2.5,1165292898
580,4214,3.0,1155485667
580,4247,4.0,1156128007
580,4262,4.0,1155617753
580,4275,3.0,1247491395
580,4306,4.0,1155616668
580,4308,4.0,1165900174
580,4321,2.5,1167159161
580,4344,2.0,1156127481
580,4370,3.5,1165900431
580,4387,2.0,1156128001
580,4438,4.0,1168657915
580,4440,4.0,1168658706
580,4467,2.5,1217950669
580,4499,3.5,1167163635
580,4541,3.0,1156128673
580,4571,3.0,1165900887
580,4614,3.0,1168658724
580,4624,2.5,1156128668
580,4638,1.5,1167159528
580,4641,3.5,1156127450
580,4642,3.5,1155617375
580,4643,2.5,1165900904
580,4701,3.5,1273518616
580,4718,3.0,1167163360
580,4720,2.0,1167158505
580,4734,2.5,1167159681
580,4816,4.5,1167159723
580,4846,4.0,1168658567
580,4855,3.0,1167160252
580,4865,3.5,1165291434
580,4878,5.0,1155616414
580,4881,4.0,1167162272
580,4886,4.0,1155484618
580,4887,2.0,1217951339
580,4896,3.5,1168657822
580,4911,2.0,1217950687
580,4963,1.5,1167156856
580,4973,4.5,1155616952
580,4979,4.0,1155617364
580,4993,4.5,1155616593
580,4995,4.0,1155485813
580,5002,2.0,1165291225
580,5010,3.5,1156127435
580,5041,3.0,1165291244
580,5042,1.0,1217951137
580,5047,4.5,1156128633
580,5064,2.5,1167160889
580,5128,2.0,1156128623
580,5135,3.0,1156127970
580,5146,3.5,1165291006
580,5218,2.5,1245424335
580,5219,2.5,1276525178
580,5254,3.0,1165292281
580,5299,4.0,1167157261
580,5349,4.5,1155616434
580,5378,2.5,1165899173
580,5445,3.0,1155484601
580,5459,3.0,1165900423
580,5477,3.0,1217951042
580,5481,3.0,1167157998
580,5489,3.5,1165291842
580,5500,3.5,1220647292
580,5502,0.5,1165291382
580,5507,0.5,1167161334
580,5540,3.5,1156127933
580,5618,4.5,1155617194
580,5669,4.0,1165899592
580,5673,4.0,1165900838
580,5690,4.0,1155617198
580,5782,4.0,1155617165
580,5810,3.5,1167161309
580,5816,3.0,1168657783
580,5902,4.5,1155485100
580,5952,4.0,1202071639
580,6013,1.0,1168658139
580,6016,3.0,1155617143
580,6062,3.0,1217950965
580,6095,2.5,1167159297
580,6156,2.5,1217951273
580,6283,3.5,1165290947
580,6333,4.5,1202071483
580,6350,3.5,1155617729
580,6365,3.0,1165899503
580,6377,4.0,1155617745
580,6440,4.0,1155617357
580,6502,4.0,1165291933
580,6503,2.0,1156127415
580,6537,3.5,1165900518
580,6539,3.0,1155616473
580,6565,3.5,1165900855
580,6618,4.0,1156127921
580,6620,4.0,1155617916
580,6659,2.5,1165292225
580,6711,4.5,1155484808
580,6713,3.0,1165290929
580,6721,4.0,1155618194
580,6722,4.0,1168658363
580,6731,3.0,1165292143
580,6754,3.0,1165292621
580,6755,4.0,1217951093
580,6773,3.0,1218138240
580,6796,4.0,1155617668
580,6807,4.0,1155617853
580,6820,2.5,1165292170
580,6857,3.5,1155618124
580,6863,3.0,1218137186
580,6874,3.5,1155617217
580,6889,2.5,1156128567
580,6934,2.0,1156129136
580,6936,3.5,1165291448
580,6942,3.0,1273517753
580,6947,4.0,1165900254
580,6961,4.0,1155485620
580,6966,2.5,1156128550
580,6979,3.5,1273518956
580,6987,3.0,1168658242
580,6991,3.5,1156129109
580,7004,3.0,1167161995
580,7036,3.0,1168657950
580,7056,4.0,1155618262
580,7090,4.5,1155617235
580,7099,3.5,1155617264
580,7123,4.0,1218138283
580,7147,4.0,1167157050
580,7153,4.5,1155485733
580,7156,4.0,1155617844
580,7160,4.0,1167160712
580,7192,2.0,1165899928
580,7236,2.0,1244827086
580,7266,3.0,1280336865
580,7307,4.0,1155485418
580,7361,4.5,1155617159
580,7373,3.0,1165292237
580,7411,1.0,1167161742
580,7438,3.5,1155617679
580,7481,3.0,1156128543
580,7482,4.0,1155617797
580,7738,3.5,1167158678
580,7766,4.0,1155617773
580,7844,3.0,1168658309
580,7892,2.0,1217950866
580,7899,3.0,1220561822
580,7925,3.5,1155617555
580,7951,2.5,1165292538
580,8138,3.0,1165900169
580,8157,3.0,1155617998
580,8360,3.0,1165291014
580,8368,4.0,1168657819
580,8370,4.0,1199493111
580,8371,3.5,1276095753
580,8376,4.5,1167158182
580,8528,4.0,1156129061
580,8607,3.0,1165290913
580,8622,2.0,1165899695
580,8636,4.0,1155618201
580,8641,3.5,1218137171
580,8644,2.5,1269895628
580,8665,3.0,1218136881
580,8784,3.5,1165290750
580,8810,2.5,1244826548
580,8861,2.5,1277325470
580,8874,4.0,1217951314
580,8917,4.5,1165291150
580,8961,4.5,1155617153
580,8983,2.0,1167160116
580,25995,3.5,1244826658
580,26005,3.5,1244826650
580,26012,3.5,1246469482
580,26084,3.5,1156129026
580,26317,2.0,1269893687
580,26413,4.0,1220646586
580,26494,3.5,1245424630
580,26662,3.5,1155617953
580,26702,4.0,1269894324
580,26840,4.5,1155618112
580,26865,4.5,1155617523
580,26886,3.0,1269894198
580,27109,3.0,1246469864
580,27441,3.0,1269893791
580,27478,2.0,1249399246
580,27611,3.5,1246469681
580,27660,3.5,1269895819
580,27741,4.5,1155617572
580,27790,3.5,1218138262
580,27801,3.5,1156128530
580,27831,3.0,1217951590
580,27904,3.0,1217951253
580,30707,4.5,1245424226
580,30810,4.0,1156127887
580,30812,3.5,1165900911
580,31658,4.0,1165290909
580,31660,3.0,1165291078
580,31878,4.0,1155617988
580,32031,3.0,1165291315
580,32395,3.0,1165292257
580,32587,3.0,1155485094
580,33004,3.0,1165900458
580,33166,4.0,1156129017
580,33171,4.0,1155618136
580,33437,3.5,1220561805
580,33493,2.5,1220561531
580,33615,3.0,1165291293
580,33794,4.5,1155617424
580,34048,2.5,1218137259
580,34162,4.0,1156127883
580,34405,4.5,1155617620
580,34542,3.5,1246470019
580,35836,4.0,1155616928
580,36517,3.0,1217951615
580,36535,4.0,1220646919
580,37729,3.0,1167159746
580,38038,4.0,1165290942
580,39292,4.0,1155617605
580,40339,2.0,1156129006
580,40583,2.0,1167158780
580,40629,4.0,1167160694
580,40815,3.0,1168657808
580,40819,3.5,1167157534
580,41566,2.0,1217950598
580,41569,2.0,1217951370
580,41571,3.0,1217950891
580,41997,4.0,1165900387
580,42738,2.5,1249399232
580,42946,3.0,1245424216
580,43832,3.0,1245701435
580,44022,2.5,1165291269
580,44191,3.5,1164328625
580,44555,4.0,1199492003
580,44761,2.0,1217950765
580,45431,3.5,1155875951
580,45447,3.0,1217951110
580,45499,3.0,1217951491
580,45666,4.0,1269893534
580,45722,2.0,1245423719
580,45950,4.0,1155617109
580,46322,4.5,1217950330
580,46578,4.0,1168657741
580,46772,2.0,1217951387
580,46948,3.0,1165291065
580,46970,2.5,1217950951
580,46976,5.0,1273519072
580,47124,2.5,1165291177
580,47629,3.0,1199492979
580,47810,1.0,1277325483
580,48385,4.0,1164328609
580,48394,4.0,1199492973
580,48516,3.5,1217950777
580,48696,4.0,1199492025
580,48780,4.0,1199493086
580,48982,3.5,1220561766
580,48997,1.5,1244826960
580,49272,3.0,1245423800
580,49530,4.0,1273518980
580,50005,2.0,1217950801
580,50601,3.5,1218138536
580,50872,4.0,1199635409
580,51255,4.0,1199493081
580,51277,4.5,1245159139
580,51540,4.0,1217950648
580,51662,3.0,1218138455
580,51709,4.0,1278941599
580,52435,4.0,1246469848
580,52722,4.0,1245159970
580,52885,3.0,1244826992
580,52973,3.5,1220647095
580,53996,0.5,1245424344
580,54001,3.0,1217950848
580,54272,4.0,1245424172
580,54286,3.0,1218136883
580,54503,3.5,1199491763
580,54881,3.5,1244827028
580,55118,4.0,1217950706
580,55269,4.0,1199491889
580,55280,4.0,1220646352
580,55282,3.0,1249482684
580,55442,4.0,1217949460
580,55820,4.0,1244827010
580,55830,2.5,1248704195
580,56152,3.0,1220647131
580,56174,2.5,1244827177
580,56367,4.0,1245423655
580,56757,3.5,1249482649
580,57640,3.5,1220561779
580,57669,4.0,1220561655
580,58306,3.0,1217949486
580,58559,5.0,1217949542
580,59315,4.0,1245423763
580,59615,3.0,1244826928
580,59784,2.5,1217949513
580,59935,3.5,1245424139
580,60037,3.0,1218136760
580,60069,4.0,1269895801
580,60072,2.0,1248183663
580,60684,4.0,1245424638
580,60756,3.0,1269893603
580,60760,3.5,1218137336
580,61024,4.0,1220647379
580,61026,4.0,1269893473
580,61132,3.0,1220561739
580,61210,2.5,1269893563
580,61323,4.0,1245159916
580,62394,2.0,1226601078
580,62733,1.0,1246469112
580,63113,3.0,1245424367
580,64497,2.0,1244826575
580,64575,4.0,1244826834
580,65126,3.5,1279028985
580,65682,3.0,1269893832
580,65982,2.5,1246998327
580,66097,4.0,1245265202
580,66427,3.5,1249399287
580,66934,4.0,1246469705
580,67252,3.5,1271173718
580,67665,4.0,1280336825
580,68159,3.5,1276700154
580,68319,3.5,1244826594
580,68358,4.5,1244826705
580,68486,4.0,1269893476
580,68791,2.5,1244826612
580,68848,3.5,1271173792
580,68952,3.5,1269895814
580,68954,4.0,1271173766
580,69844,4.0,1248439806
580,69951,4.5,1274117644
580,70286,3.0,1250521877
580,71156,4.0,1269894664
580,71211,3.5,1271173780
580,71530,3.0,1269894771
580,71535,4.0,1269894610
580,71732,3.0,1269894660
580,72165,2.5,1269893622
580,72169,3.5,1279199526
580,72171,3.5,1269894635
580,72224,4.0,1269893512
580,72226,3.0,1271173750
580,72378,2.5,1278433985
580,72489,2.0,1269893491
580,72630,3.5,1277991653
580,72998,2.5,1269893714
580,73017,4.0,1271173700
580,73266,3.0,1277512972
580,73268,3.5,1274117618
580,73321,4.0,1276870801
580,73488,2.5,1269893786
580,73741,2.0,1274792834
580,73929,1.5,1276095711
580,74438,2.0,1269894511
580,74452,2.5,1276525124
580,74458,4.0,1276700136
580,74789,3.5,1276608137
580,74795,3.5,1280152650
580,76077,3.5,1279199576
580,76175,3.5,1280336813
580,79132,3.5,1280152635
581,493,4.5,1259725109
581,502,4.0,1259725133
581,552,3.0,1259724938
581,750,0.5,1259725846
581,785,0.5,1259724958
581,924,0.5,1259725482
581,1126,3.0,1259725154
581,1194,5.0,1259725208
581,1203,4.0,1259725477
581,1311,0.5,1259726022
581,1642,0.5,1259726072
581,1918,4.0,1259724986
581,2078,4.0,1259725000
581,2191,0.5,1259726073
581,2412,3.5,1259725143
581,2478,3.5,1259725041
581,2522,0.5,1259725942
581,2720,2.5,1259725119
581,2892,0.5,1259726084
581,3256,4.5,1259724978
581,3307,0.5,1259725929
581,3590,0.5,1259725920
581,3617,3.0,1259725032
581,3721,0.5,1259726065
581,3883,0.5,1259726069
581,4445,0.5,1259725946
581,4753,0.5,1259726016
581,4973,0.5,1259725892
581,5117,0.5,1259725915
581,5278,0.5,1259726059
581,5413,0.5,1259725433
581,5832,0.5,1259726087
581,5864,0.5,1259725939
581,7204,0.5,1259726098
581,7283,0.5,1259725943
581,7312,0.5,1259725922
581,8935,0.5,1259726063
581,26700,0.5,1259726057
581,27032,0.5,1259726026
581,27478,0.5,1259725969
581,31374,0.5,1259725891
581,32153,0.5,1259726094
581,33615,4.0,1259725214
581,46574,0.5,1259726062
581,53125,2.0,1259725163
581,54768,0.5,1259725978
581,61465,0.5,1259726000
581,65802,0.5,1259725965
581,66246,0.5,1259725840
582,34,3.0,1122167376
582,48,4.0,1122167280
582,62,3.5,1122167595
582,158,3.5,1122167292
582,253,5.0,1122168133
582,337,4.5,1122167203
582,339,1.0,1122170323
582,356,3.0,1122170213
582,364,4.0,1122169666
582,377,4.0,1122167578
582,551,5.0,1122169461
582,588,4.5,1122169670
582,594,4.0,1122167177
582,595,4.0,1122169669
582,596,3.5,1122167308
582,631,1.5,1122170073
582,653,4.0,1122167221
582,661,2.5,1122169851
582,720,1.0,1122167413
582,783,4.0,1122169915
582,858,3.5,1122167716
582,899,4.5,1122169986
582,914,4.0,1122169761
582,952,3.0,1122170774
582,1022,3.5,1122169679
582,1028,4.0,1122169754
582,1029,4.0,1122169804
582,1030,4.0,1122170027
582,1031,4.0,1122169895
582,1035,2.5,1122169684
582,1059,3.5,1122168200
582,1073,3.0,1122170714
582,1088,3.5,1122169870
582,1101,4.5,1122167200
582,1196,4.0,1122167537
582,1197,5.0,1122169410
582,1204,3.0,1122170506
582,1221,3.0,1122170493
582,1307,5.0,1122169397
582,1380,3.5,1122169712
582,1441,4.0,1122168151
582,1580,4.0,1122170754
582,1704,4.5,1122168009
582,1760,3.0,1122170103
582,1917,3.5,1122167189
582,1947,4.0,1122169801
582,1951,4.0,1122169704
582,1967,4.0,1122168055
582,2006,4.0,1122170283
582,2054,1.0,1122167252
582,2080,4.0,1122169751
582,2081,4.5,1122169521
582,2084,4.0,1122169890
582,2092,3.5,1122170096
582,2096,5.0,1122169502
582,2114,2.5,1122167810
582,2125,4.5,1122167745
582,2144,4.0,1122167985
582,2167,4.5,1122168351
582,2294,2.0,1122167425
582,2394,4.0,1122169771
582,2413,2.5,1122167431
582,2565,4.0,1122169677
582,2571,3.5,1122167565
582,2572,4.5,1122170253
582,2628,2.0,1122167389
582,2657,5.0,1122167317
582,2746,4.0,1122170014
582,2857,2.0,1122169998
582,2863,4.5,1122169995
582,2924,4.5,1122170871
582,2946,4.5,1122169813
582,2987,2.0,1122167182
582,3052,1.0,1122168223
582,3114,2.5,1122167209
582,3255,3.5,1122170691
582,3450,4.0,1122170802
582,3477,4.5,1122170810
582,3489,5.0,1122167401
582,3594,4.5,1122169565
582,3751,1.5,1122167245
582,3793,4.5,1122167212
582,3910,4.5,1122169863
582,3916,3.5,1122167788
582,3980,4.5,1122168142
582,4014,5.0,1122168071
582,4016,3.5,1122170671
582,4019,4.5,1122167792
582,4039,1.5,1122169883
582,4054,5.0,1122169541
582,4188,5.0,1122167800
582,4205,4.0,1122169199
582,4238,4.0,1122169277
582,4246,1.0,1122170225
582,4294,4.0,1122169955
582,4306,4.0,1122167174
582,4308,5.0,1122169793
582,4734,4.0,1122167619
582,4857,3.0,1122169742
582,4890,4.0,1122167631
582,4993,4.0,1122167499
582,4994,4.0,1122170310
582,4995,4.0,1122170203
582,5014,4.5,1122167719
582,5064,5.0,1122167813
582,5254,4.5,1122169140
582,5299,3.5,1122170196
582,5349,4.0,1122167653
582,5377,1.0,1122167657
582,5445,3.5,1122167313
582,5502,4.0,1122167661
582,5629,4.0,1122170021
582,5952,4.0,1122167236
582,5991,4.5,1122169757
582,6297,3.5,1122170652
582,6316,4.0,1122170062
582,6345,4.0,1122169884
582,6378,4.0,1122168103
582,6539,4.5,1122170641
582,6593,1.5,1122170779
582,6732,5.0,1122168065
582,6753,2.5,1122170645
582,7060,0.5,1122167928
582,7153,4.0,1122167603
582,7320,5.0,1122169436
582,7614,3.0,1122169834
582,7738,4.0,1122169632
582,8366,1.0,1122168490
582,8376,1.0,1122168692
582,8529,2.5,1122170267
582,8641,4.5,1122169251
582,8880,5.0,1122167453
582,8972,2.5,1122167911
582,8983,1.5,1122168375
582,26084,1.0,1122168118
582,27706,3.5,1122167468
582,30793,4.5,1122169482
582,30816,4.5,1122168481
583,296,5.0,1430526215
583,318,5.0,1430526116
583,858,5.0,1430526121
583,1198,3.5,1430526209
583,1213,4.5,1430526137
583,1221,4.5,1430526133
583,1704,4.0,1430526263
583,2329,4.0,1430526237
583,2858,4.0,1430526233
583,2959,4.0,1430526211
583,6016,4.5,1430526200
583,49530,3.5,1430526153
583,54503,3.0,1430526155
583,56174,2.5,1430526161
583,58559,5.0,1430526316
583,79132,4.5,1430526241
583,91529,4.0,1430526279
583,99114,4.0,1430526265
583,109487,4.5,1430526174
583,112552,4.0,1430526178
584,1,5.0,1276156510
584,47,3.5,1276156718
584,60,3.5,1271759947
584,104,3.5,1276157226
584,110,5.0,1271762454
584,163,3.5,1276157463
584,231,3.0,1276156746
584,253,4.0,1276156861
584,293,4.0,1276157057
584,296,4.0,1271762443
584,318,5.0,1271762150
584,344,2.0,1277587207
584,356,5.0,1271762270
584,364,3.5,1277587236
584,367,1.5,1276156750
584,377,3.5,1276156596
584,434,2.5,1276156876
584,519,2.0,1271760003
584,527,5.0,1271762696
584,541,3.0,1271762232
584,575,3.0,1271760285
584,586,2.5,1276156889
584,593,5.0,1271762449
584,595,4.0,1277587234
584,648,3.5,1276156701
584,750,2.0,1273167108
584,780,4.0,1276156525
584,829,1.0,1271760557
584,912,3.5,1276157018
584,924,3.0,1276157033
584,1036,2.0,1271884901
584,1061,4.5,1273516287
584,1073,3.5,1271763454
584,1136,3.5,1276156819
584,1193,4.0,1273166475
584,1196,3.5,1273166557
584,1197,5.0,1276156785
584,1203,5.0,1273166595
584,1206,1.5,1276157074
584,1213,3.5,1273166604
584,1214,4.0,1277759442
584,1258,3.0,1276157105
584,1270,3.5,1276156708
584,1527,3.5,1276156941
584,1573,3.5,1273564913
584,1580,4.0,1276156765
584,1608,2.5,1276157501
584,1625,5.0,1273564789
584,1682,5.0,1271763182
584,1704,5.0,1276156946
584,1721,5.0,1276156769
584,2028,5.0,1271762702
584,2054,2.5,1276157271
584,2167,1.5,1271763401
584,2329,4.0,1276157204
584,2355,3.5,1276157141
584,2541,1.0,1271763278
584,2542,3.0,1273516964
584,2571,5.0,1271762353
584,2706,1.5,1276157062
584,2762,5.0,1271884893
584,2858,3.0,1273167006
584,2959,3.5,1271763972
584,2997,3.5,1277836742
584,3147,5.0,1271762725
584,3156,5.0,1273352813
584,3285,2.5,1271763721
584,3578,3.0,1271884906
584,3623,3.0,1276157307
584,3717,3.0,1273564837
584,3793,3.5,1276156968
584,3809,5.0,1271759977
584,3949,5.0,1271762274
584,3996,3.5,1276156994
584,4011,3.0,1276157555
584,4155,3.0,1271763850
584,4226,5.0,1273166386
584,4239,4.0,1273517055
584,4299,5.0,1271763225
584,4306,5.0,1273165682
584,4699,4.0,1271760982
584,4718,2.5,1273352918
584,4886,5.0,1276157119
584,4963,5.0,1276157189
584,4993,5.0,1271762209
584,4995,4.0,1271885018
584,5225,1.0,1273352898
584,5254,0.5,1271763403
584,5349,4.0,1276157155
584,5418,5.0,1271884897
584,5952,5.0,1271762204
584,5989,4.0,1276157525
584,5995,5.0,1271763205
584,6016,4.5,1273166378
584,6365,3.0,1276157492
584,6377,5.0,1273165641
584,6539,4.0,1273165651
584,6771,1.0,1271764048
584,6870,4.0,1271762767
584,6951,0.5,1271761004
584,7153,5.0,1271762244
584,7361,5.0,1271762634
584,8368,3.5,1273165760
584,8665,5.0,1273563819
584,8807,4.0,1271763479
584,8874,3.0,1271763146
584,8957,5.0,1271763862
584,8961,3.5,1271885000
584,8985,0.5,1271763407
584,26172,4.0,1271763833
584,26528,3.0,1273172184
584,27724,5.0,1273564719
584,27871,3.0,1273152283
584,30707,5.0,1273565239
584,32666,1.0,1271764090
584,33794,5.0,1271762914
584,34319,4.0,1271760167
584,34552,3.5,1273352829
584,36931,5.0,1271763027
584,38061,3.5,1276156145
584,39446,2.5,1271763865
584,39715,2.5,1273352918
584,42718,3.0,1271761282
584,44199,3.0,1273167182
584,44555,5.0,1276156229
584,44665,5.0,1271764023
584,45186,3.0,1276156107
584,45722,3.5,1273517182
584,46972,2.5,1271760578
584,46976,3.5,1273165635
584,47518,4.0,1271760949
584,48043,4.0,1273563510
584,48394,2.5,1271763261
584,48516,4.0,1271764463
584,48780,5.0,1271762228
584,49272,4.0,1271885033
584,49530,4.0,1273164638
584,50189,2.5,1273352921
584,50872,5.0,1271763067
584,51255,5.0,1271763133
584,51662,3.0,1271763008
584,51927,3.0,1273565176
584,52245,2.5,1271763412
584,52458,5.0,1271763245
584,52973,3.0,1271763942
584,53125,3.5,1273517179
584,53972,3.0,1271760246
584,53993,1.5,1271760878
584,53996,5.0,1271763368
584,54004,2.5,1271763998
584,54286,5.0,1271832615
584,54997,5.0,1271760185
584,55995,2.5,1271763669
584,58559,5.0,1271762939
584,58998,2.0,1271764374
584,59016,3.0,1271763688
584,59315,4.0,1271762638
584,59369,5.0,1271762780
584,59429,2.5,1273352919
584,60069,5.0,1271762404
584,62081,4.5,1271763326
584,62374,5.0,1271762952
584,63062,2.5,1273164661
584,63082,5.0,1271762263
584,64497,2.5,1271761033
584,64614,5.0,1271762708
584,65514,4.0,1271762731
584,66203,3.5,1273564695
584,67087,5.0,1271763164
584,68157,3.5,1273166629
584,68358,5.0,1271762629
584,68954,5.0,1271763098
584,69122,4.5,1271763924
584,69481,4.0,1271764108
584,69526,5.0,1271763367
584,69757,5.0,1271762821
584,70286,5.0,1271762400
584,71429,4.5,1276156067
584,71838,5.0,1271762970
584,72378,4.0,1271762675
584,72731,4.0,1273565094
584,72998,5.0,1271762358
584,73017,5.0,1276155969
584,73321,5.0,1276156172
584,74450,4.0,1276156202
584,74458,5.0,1271762835
584,74532,3.5,1273353272
584,74946,5.0,1276159649
584,75805,3.0,1271762988
584,76077,3.0,1276156338
584,76093,5.0,1277499389
584,76251,4.0,1273563486
584,77561,4.0,1276155920
585,1,4.0,974607482
585,21,4.0,974607643
585,34,4.0,974607482
585,39,4.0,974607516
585,45,4.0,974607674
585,50,5.0,975365404
585,110,4.0,975365641
585,125,4.0,975363505
585,235,4.0,974607610
585,247,3.0,975365500
585,260,4.0,975364936
585,266,3.0,975361825
585,296,5.0,975365117
585,318,4.0,975363941
585,334,4.0,975365311
585,345,3.0,974607733
585,348,4.0,974607610
585,356,4.0,974607571
585,357,4.0,975363105
585,417,4.0,974607762
585,441,4.0,974607733
585,467,4.0,975362548
585,471,4.0,975363578
585,480,3.0,975361581
585,490,3.0,975361786
585,492,3.0,974607702
585,527,5.0,975364725
585,541,5.0,975364896
585,551,3.0,975361581
585,589,3.0,975361460
585,593,5.0,975365053
585,648,2.0,975361825
585,720,4.0,975365187
585,745,4.0,975362059
585,750,5.0,975365246
585,838,4.0,975363236
585,858,5.0,975363898
585,892,4.0,975362967
585,898,5.0,975362294
585,901,4.0,975363236
585,903,5.0,975364936
585,904,5.0,975364725
585,905,5.0,975362136
585,907,5.0,975363505
585,908,5.0,975361291
585,909,5.0,975362330
585,910,5.0,975362104
585,911,4.0,975363199
585,912,5.0,975364936
585,913,5.0,975365117
585,915,5.0,975363105
585,916,5.0,975362136
585,919,5.0,975364936
585,920,4.0,975365604
585,921,4.0,975362967
585,922,5.0,975363941
585,923,5.0,975364725
585,924,5.0,975365117
585,926,5.0,975365187
585,929,4.0,975365311
585,933,5.0,975363199
585,936,4.0,975362136
585,940,5.0,975365053
585,945,5.0,975362294
585,946,5.0,975362294
585,947,5.0,975362059
585,950,5.0,975364685
585,951,5.0,975361291
585,954,4.0,975365053
585,955,5.0,975362330
585,965,5.0,975365246
585,973,5.0,975365500
585,1028,5.0,975363073
585,1035,4.0,975361460
585,1041,4.0,975365404
585,1042,4.0,975363316
585,1060,3.0,975363073
585,1066,5.0,975362967
585,1077,5.0,975363032
585,1078,5.0,975363404
585,1079,4.0,975362381
585,1080,4.0,975362330
585,1083,4.0,975363541
585,1089,4.0,975365187
585,1104,4.0,975365088
585,1129,3.0,975361710
585,1136,5.0,975362198
585,1148,4.0,975362104
585,1162,4.0,975362104
585,1171,4.0,975363282
585,1172,5.0,975363282
585,1178,5.0,975365053
585,1179,4.0,974607128
585,1180,5.0,975363166
585,1188,3.0,974607441
585,1193,5.0,975365117
585,1196,3.0,975365404
585,1197,4.0,975362925
585,1198,5.0,975365088
585,1203,4.0,975365524
585,1204,5.0,975364685
585,1206,5.0,975365117
585,1207,5.0,975365246
585,1208,5.0,975365404
585,1209,4.0,975365187
585,1210,4.0,974607078
585,1212,5.0,975364725
585,1213,4.0,975365524
585,1214,5.0,975365311
585,1217,5.0,975364960
585,1219,5.0,975365187
585,1220,4.0,975363282
585,1223,4.0,975362381
585,1225,4.0,975365023
585,1226,5.0,975363199
585,1228,5.0,975365311
585,1230,5.0,975362381
585,1231,4.0,975365641
585,1233,5.0,975364896
585,1234,4.0,975362548
585,1235,5.0,975362925
585,1238,5.0,975362198
585,1240,5.0,975365500
585,1242,4.0,975365311
585,1244,5.0,975362381
585,1247,5.0,975365311
585,1248,4.0,975361291
585,1249,3.0,975361364
585,1250,5.0,975361291
585,1252,5.0,975364896
585,1254,5.0,975365023
585,1256,5.0,975362198
585,1260,5.0,975364725
585,1262,5.0,975365438
585,1263,4.0,975365604
585,1265,4.0,974607441
585,1266,4.0,975365641
585,1267,4.0,975364896
585,1269,4.0,975361364
585,1270,3.0,975362925
585,1276,5.0,975362381
585,1278,5.0,975362925
585,1281,5.0,975363236
585,1282,4.0,975361460
585,1284,5.0,975361364
585,1286,3.0,975361761
585,1287,5.0,974607128
585,1288,4.0,975363032
585,1292,5.0,975362484
585,1297,4.0,975363404
585,1299,5.0,975365088
585,1307,5.0,975362484
585,1354,4.0,975365188
585,1358,3.0,975365246
585,1387,5.0,975365641
585,1446,3.0,975363105
585,1537,4.0,975362381
585,1544,2.0,975361927
585,1580,3.0,975361679
585,1617,5.0,975365188
585,1641,4.0,974607610
585,1663,4.0,975363348
585,1694,4.0,975365220
585,1784,4.0,974607762
585,1831,1.0,974607078
585,1873,3.0,974607128
585,1883,4.0,974607674
585,1885,4.0,974607610
585,1914,4.0,975363578
585,1923,3.0,974607643
585,1927,5.0,975364725
585,1929,4.0,975365404
585,1934,5.0,975362484
585,1945,5.0,975364936
585,1948,5.0,975363236
585,1952,5.0,975365438
585,1953,5.0,975365438
585,1958,4.0,975363316
585,1963,5.0,975363282
585,1965,4.0,975361497
585,2000,4.0,975363282
585,2019,5.0,975363792
585,2053,3.0,974607078
585,2064,4.0,975363105
585,2065,4.0,975363404
585,2078,4.0,975363316
585,2108,4.0,975363505
585,2174,4.0,975363578
585,2203,4.0,975364661
