585,2208,5.0,975363374
585,2238,4.0,975362198
585,2243,4.0,975363316
585,2248,4.0,975363032
585,2289,4.0,974607516
585,2291,4.0,975361460
585,2300,5.0,975362925
585,2321,4.0,974607482
585,2324,3.0,975362967
585,2349,4.0,975363505
585,2352,5.0,975363236
585,2355,4.0,974607516
585,2359,5.0,975363236
585,2384,4.0,974607571
585,2395,4.0,974607702
585,2396,5.0,974607408
585,2511,4.0,975365053
585,2599,5.0,974607408
585,2648,4.0,975365220
585,2657,3.0,975361620
585,2716,5.0,975363316
585,2746,4.0,975363348
585,2779,4.0,975363578
585,2791,4.0,975361460
585,2797,4.0,975363541
585,2804,5.0,975362381
585,2858,4.0,974607365
585,2863,4.0,975362330
585,2870,4.0,975363541
585,2889,3.0,975363348
585,2915,5.0,975363374
585,2932,5.0,975365438
585,2935,5.0,975362104
585,2936,4.0,975362198
585,2937,4.0,975362104
585,2946,4.0,975362330
585,2948,4.0,975361497
585,2973,4.0,975362484
585,2997,5.0,975362294
585,3022,5.0,975362104
585,3035,5.0,975362925
585,3037,5.0,975362548
585,3052,4.0,974607643
585,3060,5.0,974607516
585,3061,4.0,975363282
585,3067,4.0,975362198
585,3072,5.0,975363236
585,3076,4.0,975363606
585,3083,4.0,974607365
585,3088,5.0,975362548
585,3095,5.0,975364725
585,3096,5.0,975362136
585,3097,4.0,975362330
585,3104,4.0,975362967
585,3108,3.0,974607643
585,3114,4.0,974607441
585,3133,3.0,975362104
585,3134,5.0,975364936
585,3160,4.0,975361497
585,3175,4.0,975363606
585,3196,5.0,975365641
585,3210,4.0,975363404
585,3244,4.0,975363374
585,3253,4.0,974607643
585,3307,5.0,975362104
585,3341,5.0,975362548
585,3349,4.0,975363578
585,3358,4.0,974607674
585,3371,4.0,975365220
585,3396,4.0,975363282
585,3421,4.0,975362548
585,3424,4.0,975363073
585,3429,4.0,975362198
585,3435,5.0,975364685
585,3451,5.0,975363578
585,3462,5.0,975362198
585,3469,5.0,975365500
585,3481,4.0,975361364
585,3504,4.0,975362484
585,3521,4.0,975363282
585,3534,3.0,975361761
585,3545,4.0,975365500
585,3588,4.0,975365500
585,3608,4.0,975362484
585,3627,4.0,975361497
585,3629,5.0,975362059
585,3671,4.0,975363032
585,3675,4.0,975361581
585,3683,5.0,975365188
585,3712,3.0,974607571
585,3730,5.0,975365023
585,3735,5.0,975365220
585,3751,4.0,975361460
585,3814,5.0,975363166
585,3819,4.0,975362294
585,3836,4.0,975363199
585,3861,5.0,975363578
585,3873,4.0,975363541
585,3911,4.0,974607219
585,3926,2.0,975361847
585,3927,3.0,975361710
585,3929,3.0,975361291
585,3936,4.0,975361291
585,3957,2.0,975361877
585,3959,4.0,975361364
585,3963,3.0,975361825
585,3969,3.0,974607195
585,3984,3.0,975361581
585,4002,3.0,975361364
585,4008,4.0,975361364
585,5060,5.0,975362294
586,1,4.0,1214234202
586,110,1.0,1214234005
586,165,3.5,1214234296
586,260,3.0,1214234111
586,296,5.0,1214234266
586,318,4.0,1214234014
586,344,1.5,1214234260
586,356,4.0,1214233961
586,480,5.0,1214234118
586,527,4.0,1214234222
586,590,3.0,1214234001
586,592,1.0,1214233942
586,593,2.0,1214233972
586,608,5.0,1214234331
586,780,4.0,1214234070
586,849,1.5,1214225502
586,1196,4.0,1214234177
586,1210,4.0,1214233957
586,1270,4.5,1214234238
586,1405,4.0,1214225451
586,1617,3.5,1214234327
586,1721,2.0,1214234285
586,1918,2.0,1214225463
586,1952,2.0,1214225577
586,1957,4.0,1214225565
586,1962,3.0,1214225496
586,2076,2.5,1214225492
586,2109,0.5,1214225571
586,2490,3.5,1214225478
586,2571,5.0,1214233975
586,2716,4.5,1214234249
586,2762,5.0,1214234045
586,2944,2.5,1214225536
586,2949,2.5,1214225568
586,2968,5.0,1214225484
586,3006,4.5,1214225458
586,3256,1.0,1214225471
586,3363,5.0,1214225525
586,3386,1.5,1214225539
586,3578,3.5,1214234085
586,3996,2.0,1214234128
586,4306,4.0,1214234181
586,4963,4.5,1214234148
586,4993,5.0,1214234082
586,4995,5.0,1214234192
586,5349,1.0,1214234017
586,5445,5.0,1214233997
586,5952,5.0,1214234290
586,6539,1.0,1214234154
586,6711,4.0,1214234275
586,6874,5.0,1214234041
586,7153,5.0,1214234172
586,33493,1.0,1214234313
586,48516,4.0,1214234135
586,49272,2.5,1214234169
586,54286,5.0,1214234316
586,57353,4.5,1214234227
587,25,4.0,1111348887
587,34,3.5,1112036128
587,45,4.0,1111086063
587,47,3.5,1111348809
587,50,4.5,1111102828
587,52,4.0,1111796480
587,58,4.5,1112399554
587,111,4.0,1111102724
587,123,3.0,1112457155
587,125,4.5,1112457007
587,150,4.5,1111347514
587,154,4.0,1112632389
587,162,3.0,1112117935
587,194,4.5,1112453946
587,199,3.0,1111367950
587,231,0.5,1111348842
587,246,5.0,1111085928
587,247,3.5,1131819606
587,265,3.5,1111102715
587,272,4.0,1112892763
587,296,3.5,1111347136
587,306,3.5,1112055652
587,318,4.5,1111347521
587,321,4.5,1112892286
587,345,4.0,1111086045
587,377,3.5,1111347541
587,457,4.5,1111347351
587,475,4.0,1112399089
587,495,3.0,1111086556
587,509,4.0,1111348946
587,515,4.0,1122546321
587,527,5.0,1111336613
587,541,4.0,1284472769
587,593,4.0,1112033425
587,599,3.5,1111363457
587,608,4.0,1111336675
587,659,4.5,1112633355
587,668,3.5,1111798699
587,718,4.0,1111626662
587,750,4.0,1111336475
587,778,4.0,1118421322
587,800,3.5,1111368143
587,858,5.0,1111102589
587,899,5.0,1284472748
587,902,4.0,1284473762
587,903,5.0,1111086035
587,904,4.0,1111360687
587,905,4.0,1111362828
587,906,4.0,1112034471
587,908,5.0,1111336484
587,909,4.0,1112055609
587,910,4.0,1111362892
587,911,5.0,1131823340
587,912,5.0,1111086507
587,913,5.0,1111102657
587,919,4.5,1117557051
587,920,5.0,1284473202
587,922,4.5,1111336491
587,923,5.0,1111336547
587,924,4.0,1111102649
587,926,5.0,1111362370
587,928,4.5,1111799608
587,929,4.0,1112053099
587,930,4.0,1111360673
587,933,4.0,1112034078
587,936,4.0,1112033650
587,942,4.0,1111799826
587,946,5.0,1112034840
587,947,4.0,1116100203
587,951,3.5,1111363082
587,953,4.0,1111085978
587,954,4.0,1112055564
587,955,4.0,1112056367
587,965,4.0,1111799733
587,969,3.5,1111799836
587,970,3.5,1111626615
587,1035,5.0,1111102602
587,1041,4.5,1112315588
587,1073,3.5,1111348876
587,1079,5.0,1111349012
587,1080,4.0,1111102586
587,1084,4.5,1112056038
587,1089,4.0,1111102626
587,1094,4.0,1111085923
587,1095,4.0,1112318395
587,1096,5.0,1112456711
587,1097,3.5,1111348860
587,1103,4.0,1112309250
587,1111,3.5,1160393817
587,1131,4.5,1112055598
587,1132,4.5,1112056021
587,1136,4.0,1111336962
587,1172,4.5,1111368127
587,1178,4.0,1111336510
587,1179,4.0,1112036243
587,1183,4.5,1112533030
587,1185,4.5,1112315600
587,1189,3.5,1111363225
587,1193,4.5,1111336459
587,1197,4.5,1111102462
587,1198,4.5,1111348820
587,1203,4.0,1111336542
587,1204,5.0,1111085983
587,1206,4.0,1111102635
587,1207,4.0,1111102435
587,1208,5.0,1111336942
587,1212,5.0,1111288845
587,1213,4.0,1111336550
587,1214,3.5,1121548963
587,1217,4.0,1111362236
587,1219,4.0,1111336572
587,1221,4.5,1111287930
587,1225,4.0,1111336993
587,1226,3.5,1112036138
587,1228,5.0,1217326285
587,1230,5.0,1112056017
587,1231,4.0,1112118450
587,1233,5.0,1111362375
587,1234,4.5,1111336661
587,1235,4.0,1112317798
587,1242,4.0,1112118774
587,1244,4.5,1111086637
587,1248,4.0,1111362254
587,1250,5.0,1111086005
587,1251,3.5,1111370759
587,1252,4.0,1111085919
587,1254,4.0,1111336696
587,1256,5.0,1131823067
587,1259,4.0,1111102441
587,1260,4.5,1111336948
587,1262,4.0,1111361411
587,1263,5.0,1284472804
587,1266,4.5,1148223437
587,1267,4.0,1111336531
587,1269,4.5,1112052419
587,1272,5.0,1112056263
587,1276,3.5,1111086050
587,1280,4.5,1111362899
587,1284,4.0,1111336600
587,1287,5.0,1112036073
587,1288,4.5,1111363250
587,1292,4.0,1111626637
587,1293,5.0,1112313979
587,1299,4.0,1111337010
587,1302,4.5,1111799374
587,1304,4.0,1111362855
587,1307,4.0,1111348931
587,1340,4.0,1112035495
587,1354,4.0,1111368105
587,1358,4.0,1111102424
587,1365,4.0,1111367994
587,1380,3.5,1111085955
587,1387,4.0,1111349009
587,1393,4.0,1111367965
587,1394,4.5,1112052935
587,1537,5.0,1112056086
587,1610,4.0,1284473273
587,1617,4.5,1284472754
587,1625,4.0,1111086012
587,1641,4.5,1122546435
587,1673,4.0,1112399897
587,1674,4.0,1111346955
587,1683,3.5,1148222180
587,1704,3.5,1111348954
587,1719,4.0,1112118476
587,1784,4.0,1111796367
587,1794,3.5,1111796461
587,1834,4.0,1112035454
587,1883,4.0,1111367921
587,1923,5.0,1111102358
587,1927,5.0,1112055433
587,1929,3.5,1112318228
587,1931,4.0,1111800012
587,1944,4.5,1112313975
587,1945,4.0,1111336608
587,1946,4.0,1111798518
587,1950,4.0,1111336700
587,1952,5.0,1111423804
587,1953,4.0,1111799720
587,1959,5.0,1284473402
587,1960,5.0,1117560438
587,1961,4.0,1111348943
587,1963,4.5,1112052091
587,2019,5.0,1111336560
587,2020,4.0,1112315408
587,2028,4.5,1116098991
587,2064,4.0,1112317870
587,2065,4.5,1131835150
587,2070,3.5,1111363411
587,2076,4.0,1112634713
587,2132,4.5,1112118801
587,2186,4.0,1111336568
587,2194,4.0,1111085996
587,2243,4.5,1111103687
587,2248,3.5,1146241582
587,2289,4.0,1131823276
587,2295,4.0,1112206404
587,2300,5.0,1111103892
587,2313,4.5,1111363275
587,2342,3.0,1111363343
587,2352,3.5,1111103670
587,2366,5.0,1112036149
587,2396,5.0,1111102399
587,2467,4.0,1111103624
587,2571,3.5,1111102325
587,2612,4.0,1112052548
587,2657,3.0,1111085992
587,2677,4.0,1112398715
587,2682,3.5,1160394052
587,2686,4.0,1112633367
587,2708,4.0,1284474778
587,2712,4.0,1111102330
587,2731,3.5,1111626455
587,2734,4.0,1111103440
587,2746,4.0,1112453780
587,2762,4.0,1111348898
587,2788,3.5,1111103448
587,2791,3.5,1112036058
587,2858,4.5,1112206831
587,2871,4.0,1111103292
587,2915,3.5,1111103298
587,2917,4.5,1112034877
587,2920,5.0,1122546230
587,2927,5.0,1112315538
587,2936,5.0,1284472455
587,2937,3.5,1111799974
587,2940,4.0,1111796126
587,2951,3.5,1111103282
587,2959,2.5,1111370861
587,2966,3.5,1111103187
587,2973,5.0,1112206177
587,2997,4.0,1111348935
587,3006,4.0,1111368210
587,3008,3.5,1111796078
587,3019,4.0,1112315627
587,3030,4.5,1284483302
587,3039,3.5,1111103285
587,3068,4.0,1112315414
587,3072,4.5,1112036270
587,3089,3.5,1111363212
587,3091,4.0,1112056248
587,3095,3.5,1111363287
587,3101,4.0,1111086053
587,3134,4.0,1129405138
587,3148,4.0,1111103175
587,3152,4.0,1111103165
587,3168,4.0,1123001592
587,3196,4.0,1111361521
587,3198,4.0,1112034183
587,3201,4.0,1112315611
587,3210,3.0,1111103150
587,3246,4.0,1112318386
587,3307,4.0,1112055110
587,3361,3.5,1111103159
587,3362,4.0,1111336983
587,3363,3.5,1112034670
587,3365,4.5,1111368091
587,3384,3.5,1112317779
587,3408,4.0,1111368261
587,3435,5.0,1111287926
587,3448,3.5,1111102956
587,3462,5.0,1284472363
587,3468,5.0,1284472441
587,3471,4.5,1112318390
587,3481,3.5,1111370798
587,3498,4.0,1116099496
587,3503,3.5,1111625672
587,3504,3.5,1111102967
587,3507,4.0,1111799957
587,3546,4.0,1112891663
587,3547,3.5,1112315770
587,3551,4.5,1112117848
587,3671,4.0,1112034902
587,3679,4.5,1111800003
587,3681,3.5,1111363242
587,3683,3.5,1111362162
587,3685,3.5,1111103124
587,3730,5.0,1111336652
587,3733,4.0,1112317876
587,3735,4.5,1111102936
587,3783,4.0,1111086590
587,3801,5.0,1284472479
587,3814,4.0,1112034373
587,3816,4.0,1111368227
587,3819,4.0,1112033898
587,3855,3.5,1123001882
587,3871,5.0,1112036067
587,3910,3.5,1111368059
587,3911,3.5,1112313972
587,3929,3.5,1111363437
587,3949,4.5,1131819438
587,3976,4.0,1122546260
587,3983,4.5,1160394090
587,3996,5.0,1111363281
587,4012,3.5,1116099972
587,4022,3.5,1111370835
587,4034,4.0,1111086032
587,4173,3.5,1112313939
587,4179,5.0,1217326267
587,4216,4.0,1112634441
587,4217,4.0,1284474480
587,4218,3.5,1112892606
587,4225,4.0,1116099327
587,4226,3.5,1111102338
587,4246,3.5,1111102884
587,4262,3.0,1111795708
587,4280,3.5,1111102897
587,4298,4.0,1284474373
587,4306,4.0,1112892341
587,4361,4.0,1111102891
587,4424,4.5,1112633533
587,4495,3.5,1284473161
587,4523,4.0,1123001336
587,4612,5.0,1112313794
587,4664,4.0,1122546868
587,4705,5.0,1112891876
587,4806,3.5,1112401005
587,4809,4.0,1112399548
587,4848,3.0,1111626373
587,4855,4.0,1111102846
587,4914,4.5,1112055580
587,4973,3.5,1111361451
587,4993,2.5,1113928291
587,4995,3.5,1111796036
587,4999,4.0,1284474519
587,5008,5.0,1111336467
587,5013,5.0,1160393838
587,5015,3.5,1111627075
587,5056,4.0,1284474523
587,5120,4.5,1111336933
587,5147,4.0,1112036762
587,5222,4.0,1117556959
587,5225,4.0,1131819493
587,5291,4.0,1120496086
587,5292,3.5,1112456701
587,5339,4.0,1112318158
587,5341,4.0,1112118584
587,5349,2.5,1111796407
587,5365,3.0,1111796057
587,5367,4.5,1112399903
587,5404,4.0,1131819622
587,5418,4.0,1111796383
587,5464,4.0,1111796504
587,5481,0.5,1111368401
587,5603,4.0,1111799493
587,5618,3.0,1111336974
587,5693,2.5,1111370674
587,5772,4.0,1112399570
587,5812,4.0,1112317640
587,5902,4.0,1112314043
587,5940,3.5,1112453819
587,5945,3.5,1117556873
587,5952,4.0,1116099075
587,5989,4.0,1120496118
587,5992,4.5,1111627120
587,5995,4.5,1122546371
587,6001,3.5,1111799969
587,6008,4.0,1111796022
587,6016,4.5,1111336436
587,6035,4.5,1284475077
587,6056,4.0,1118713876
587,6073,4.0,1148222967
587,6101,4.0,1112317505
587,6115,3.0,1131818834
587,6216,4.5,1117556850
587,6230,3.5,1284473053
587,6244,3.5,1112055556
587,6296,4.0,1112634180
587,6339,3.5,1111795831
587,6370,3.5,1111368281
587,6380,3.5,1160394071
587,6385,3.5,1111363207
587,6440,4.0,1111370704
587,6538,4.0,1114296013
587,6539,3.5,1111423743
587,6620,3.5,1111337018
587,6643,4.0,1111796350
587,6662,4.0,1284473106
587,6663,4.0,1112052912
587,6666,3.5,1111625996
587,6669,4.5,1111336988
587,6711,3.5,1116099017
587,6724,4.5,1111799997
587,6772,1.0,1111363268
587,6779,4.0,1112532693
587,6783,5.0,1133113375
587,6786,5.0,1112052930
587,6787,4.0,1111968470
587,6791,5.0,1112056004
587,6807,4.0,1112056045
587,6828,4.0,1146588279
587,6858,3.5,1160393891
587,6870,4.0,1123000544
587,6890,3.5,1111796440
587,6954,4.5,1111626037
587,6978,3.5,1160393937
587,6982,4.0,1284473483
587,6987,4.0,1111086823
587,6993,4.5,1111362842
587,7042,4.0,1112892347
587,7063,4.5,1111367888
587,7064,4.5,1111423706
587,7068,2.5,1111370972
587,7084,4.0,1111361738
587,7089,3.5,1111796530
587,7091,5.0,1111288854
587,7121,3.5,1111363404
587,7132,5.0,1111336499
587,7136,4.0,1284475114
587,7139,3.0,1111367865
587,7153,4.0,1117556941
587,7156,4.0,1284472661
587,7160,4.0,1122546354
587,7208,5.0,1112036277
587,7209,3.0,1111627102
587,7210,4.0,1111625926
587,7215,4.0,1111968788
587,7234,3.5,1111367908
587,7256,5.0,1148222119
587,7299,4.0,1111796115
587,7327,3.0,1131818748
587,7361,4.0,1130021718
587,7396,4.0,1284475015
587,7478,4.0,1111336680
587,7487,4.0,1111845608
587,7560,3.0,1111086741
587,7566,4.5,1284474443
587,7669,4.0,1284483407
587,7700,4.5,1112033905
587,7706,4.0,1112453799
587,7728,4.5,1111363198
587,7767,5.0,1284474083
587,7792,3.5,1131819458
587,7840,4.0,1112205888
587,7943,4.5,1160393996
587,8044,3.5,1112055394
587,8121,5.0,1112117944
587,8128,3.0,1112117545
587,8143,3.5,1111626155
587,8154,2.0,1111370782
587,8183,4.0,1111968960
587,8188,4.0,1284473731
587,8207,3.5,1111086731
587,8228,5.0,1111287916
587,8337,4.0,1111337061
587,8341,4.0,1112056029
587,8499,3.0,1148223063
587,8542,5.0,1111288848
587,8571,3.5,1112532676
587,8582,4.0,1112634964
587,8591,3.5,1111845601
587,8610,4.0,1112034895
587,8618,4.0,1284474221
587,8620,4.0,1284474527
587,8623,4.0,1112633930
587,8650,5.0,1112318381
587,8724,4.0,1148223046
587,8754,4.5,1111799751
587,8779,4.0,1111796427
587,8873,4.5,1118419673
587,8933,5.0,1112457242
587,8938,4.0,1131819589
587,8949,4.0,1111336448
587,8954,3.5,1160393864
587,8958,4.0,1284473297
587,8983,4.0,1160394113
587,25805,4.0,1284473819
587,25827,3.5,1116100454
587,25852,5.0,1284472666
587,26472,5.0,1284472384
587,26649,3.5,1284473721
587,26663,4.0,1160393770
587,26712,4.5,1284474394
587,27721,4.0,1160394039
587,27768,3.5,1113928372
587,30707,4.5,1116099143
587,30749,4.0,1284472712
587,32525,5.0,1284473442
587,32591,4.0,1148222148
587,33880,3.5,1146157466
587,37733,3.5,1148222199
587,37741,4.0,1148222163
587,38384,3.5,1284473489
587,39183,5.0,1148222225
587,41285,2.5,1148222079
587,44555,4.5,1284472419
587,44587,3.5,1284473652
587,47610,4.0,1160393957
587,47728,5.0,1284472635
587,48696,4.5,1284473098
587,49272,4.0,1284473283
587,50658,4.5,1284474770
587,50740,4.5,1284475020
587,50742,4.5,1284472326
587,52435,4.0,1284475240
587,52767,4.5,1284474391
587,55069,4.5,1284475037
587,56367,3.5,1217326303
587,58303,5.0,1284483441
587,60382,4.0,1284483448
587,68194,4.0,1284472630
587,68838,4.5,1284472777
587,70846,3.5,1284474541
587,71462,4.5,1284475056
588,6,4.0,842298338
588,10,3.0,842298158
588,14,3.0,842298642
588,19,2.0,842298252
588,21,4.0,842298252
588,25,4.0,842298338
588,32,4.0,842298592
588,47,5.0,842298216
588,50,5.0,842298338
588,62,3.0,842298422
588,110,5.0,842298189
588,150,4.0,842298010
588,153,4.0,842298045
588,161,4.0,842298158
588,165,3.0,842298045
588,185,3.0,842298158
588,208,3.0,842298158
588,223,3.0,842298526
588,231,3.0,842298082
588,253,2.0,842298158
588,288,3.0,842298189
588,296,5.0,842298010
588,300,4.0,842298252
588,316,3.0,842298126
588,318,5.0,842298126
588,329,3.0,842298082
588,339,3.0,842298189
588,344,4.0,842298045
588,349,3.0,842298045
588,356,5.0,842298126
588,364,3.0,842298216
588,367,3.0,842298252
588,368,3.0,842298526
588,377,4.0,842298216
588,380,5.0,842298010
588,428,4.0,842298484
588,434,3.0,842298126
588,454,3.0,842298189
588,457,5.0,842298083
588,471,3.0,842298526
588,475,4.0,842298484
588,480,3.0,842298189
588,514,3.0,842298422
588,527,5.0,842298392
588,589,3.0,842298216
588,590,4.0,842298010
588,592,4.0,842298010
588,593,5.0,842298082
588,648,3.0,842298392
588,733,5.0,842298392
588,786,3.0,842298526
588,1036,4.0,842298484
589,10,4.0,836109734
589,44,3.0,838902719
589,47,5.0,838902404
589,95,4.0,838902719
589,110,3.0,838902121
589,145,3.0,838903038
589,150,4.0,836109171
589,153,3.0,838902121
589,165,3.0,836109522
589,173,3.0,838902625
589,204,3.0,838902719
589,227,4.0,838902887
589,231,3.0,836109554
589,292,4.0,836109588
589,296,3.0,836109171
589,315,3.0,838902625
589,316,4.0,836109554
589,329,4.0,836109554
589,344,3.0,836109522
589,349,4.0,838902121
589,353,4.0,838902761
589,377,5.0,838902625
589,380,4.0,836109171
589,383,3.0,838903289
589,405,4.0,838903346
589,434,3.0,836109588
589,442,4.0,838902625
589,457,4.0,836109734
589,464,3.0,838903466
589,474,4.0,838902761
589,480,5.0,838902404
589,485,3.0,838902887
589,533,3.0,838903346
589,544,3.0,838903466
589,548,3.0,838903466
589,552,4.0,838903038
589,588,4.0,836109522
589,589,4.0,838902404
589,590,4.0,836109171
589,592,3.0,836109171
589,593,3.0,836109588
589,733,4.0,838903141
589,780,4.0,838903141
590,2,3.0,848677637
590,5,3.0,848677907
590,6,4.0,848677809
590,10,3.0,848677459
590,22,3.0,848677877
590,25,5.0,848677760
590,31,3.0,848677861
590,32,3.0,848677590
590,34,4.0,848677547
590,47,4.0,848677525
590,50,5.0,848677567
590,110,5.0,848677459
590,141,4.0,848677687
590,150,5.0,848677295
590,151,4.0,848677713
590,153,3.0,848677376
590,160,3.0,848677616
590,161,4.0,848677459
590,163,3.0,848677890
590,165,4.0,848677375
590,168,3.0,848677787
590,172,3.0,848677787
590,173,3.0,848677636
590,185,3.0,848677459
590,186,3.0,848677713
590,193,3.0,848677837
590,196,3.0,848677686
590,204,4.0,848677742
590,208,3.0,848677459
590,223,5.0,848677877
590,225,4.0,848677590
590,231,3.0,848677408
590,235,4.0,848677742
590,253,3.0,848677496
590,256,3.0,848677787
590,265,4.0,848677787
590,266,4.0,848677616
590,276,3.0,848677890
590,288,4.0,848677496
590,292,4.0,848677432
590,293,4.0,848677742
590,296,4.0,848677295
590,315,3.0,848677654
590,316,3.0,848677408
590,317,4.0,848677616
590,318,5.0,848677432
590,329,3.0,848677432
590,333,3.0,848677809
590,337,4.0,848677686
590,339,3.0,848677496
590,342,4.0,848677907
590,344,3.0,848677376
590,349,3.0,848677408
590,350,3.0,848677616
590,353,3.0,848677760
590,356,4.0,848677408
590,357,3.0,848677590
590,364,3.0,848677525
590,367,3.0,848677525
590,368,4.0,848677742
590,370,3.0,848677809
590,377,4.0,848677525
590,380,4.0,848677295
590,420,3.0,848677590
590,432,3.0,848677637
590,434,4.0,848677432
590,435,3.0,848677637
590,440,3.0,848677616
590,442,3.0,848677654
590,454,3.0,848677496
590,457,5.0,848677375
590,466,3.0,848677837
590,468,3.0,848677890
590,474,3.0,848677654
590,480,4.0,848677432
590,485,4.0,848677808
590,500,3.0,848677525
590,508,3.0,848677670
590,520,3.0,848677861
590,527,4.0,848677567
590,551,4.0,848677742
590,588,3.0,848677375
590,589,4.0,848677496
590,590,3.0,848677295
590,592,3.0,848677295
590,595,3.0,848677408
590,597,3.0,848677547
590,736,3.0,848677686
590,780,3.0,848677713
591,48,3.0,1112415483
591,158,2.0,1112415860
591,370,3.5,1112415434
591,592,3.5,1112415767
591,596,3.0,1112415520
591,720,3.0,1112415994
591,783,4.0,1112415569
591,953,4.5,1112415502
591,1073,1.5,1112415847
591,1097,3.5,1112415830
591,1250,3.5,1112415541
591,1282,4.0,1112415592
591,1380,2.0,1112415824
591,2006,3.5,1112415574
591,2100,3.5,1112415530
591,2321,3.5,1112415549
591,2406,2.5,1112415442
591,2407,4.0,1112415777
591,2502,4.0,1112415512
591,2657,3.0,1112415527
591,2683,1.5,1112415773
591,2918,4.5,1112415803
591,2949,2.5,1112415903
591,2987,3.0,1112415787
591,3052,2.5,1112415565
591,3088,3.5,1112415922
591,3868,4.0,1112415912
591,5060,3.5,1112415428
591,5299,4.5,1112415869
591,8917,2.5,1112416055
592,10,4.0,995420467
592,104,5.0,995420003
592,110,4.0,995419352
592,150,4.0,995420234
592,158,2.0,995422382
592,165,5.0,995421850
592,223,5.0,995420188
592,260,5.0,995419094
592,329,2.0,995421702
592,349,3.0,995418869
592,353,4.0,995421074
592,356,4.0,995422609
592,364,2.0,995420684
592,367,4.0,995420787
592,380,5.0,995419929
592,480,4.0,995420250
592,527,4.0,995419405
592,588,4.0,995420443
592,589,5.0,995419470
592,592,3.0,995421917
592,596,2.0,995420826
592,736,4.0,995422133
592,780,5.0,995421917
592,783,1.0,995420733
592,785,5.0,995420733
592,919,2.0,995422335
592,1017,4.0,995422413
592,1032,2.0,995420565
592,1033,2.0,995420217
592,1036,5.0,995419494
592,1059,3.0,995420905
592,1073,2.0,995422387
592,1101,3.0,995420298
592,1136,5.0,995419650
592,1148,3.0,995419306
592,1194,2.0,995421737
592,1196,5.0,995418869
592,1197,4.0,995418841
592,1198,5.0,995419385
592,1200,5.0,995421118
592,1206,4.0,995420202
592,1210,5.0,995418908
592,1214,5.0,995420373
592,1240,4.0,995419754
592,1263,2.0,995419210
592,1282,1.0,995420615
592,1291,4.0,995419713
592,1298,2.0,995419537
592,1320,4.0,995421161
592,1356,4.0,995421702
592,1370,5.0,995421934
592,1371,1.0,995421702
592,1372,4.0,995421702
592,1373,2.0,995421702
592,1374,4.0,995421702
592,1375,2.0,995421702
592,1376,4.0,995420588
592,1387,3.0,995421863
592,1517,4.0,995420684
592,1552,5.0,995422320
592,1580,4.0,995419125
592,1682,4.0,995420188
592,1690,5.0,995421161
592,1693,3.0,995420698
592,1722,5.0,995422066
592,1735,3.0,995420188
592,1917,5.0,995422055
592,1941,5.0,995419617
592,1954,4.0,995419975
592,2028,4.0,995418893
592,2080,2.0,995420684
592,2096,2.0,995420314
592,2115,5.0,995420650
592,2124,3.0,995421042
592,2167,3.0,995420467
592,2273,5.0,995421876
592,2302,5.0,995419176
592,2353,5.0,995421955
592,2355,3.0,995420629
592,2376,5.0,995420629
592,2423,5.0,995419701
592,2571,5.0,995419337
592,2617,3.0,995421967
592,2628,5.0,995419094
592,2671,3.0,995420250
592,2694,4.0,995420935
592,2762,5.0,995419897
592,2772,4.0,995420935
592,2804,3.0,995419991
592,2916,5.0,995420601
592,2918,3.0,995419482
592,2947,5.0,995419405
592,2948,4.0,995420234
592,2949,5.0,995421888
592,2959,5.0,995419071
592,2987,4.0,995422335
592,2989,5.0,995420787
592,2990,5.0,995421030
592,2991,5.0,995420921
592,2993,5.0,995421850
592,3082,5.0,995420852
592,3175,4.0,995420534
592,3253,4.0,995420274
592,3271,3.0,995420565
592,3397,4.0,995419537
592,3404,3.0,995422106
592,3452,4.0,995421319
592,3510,4.0,995421303
592,3527,5.0,995421850
592,3578,5.0,995421850
592,3617,4.0,995420049
592,3635,5.0,995419650
592,3638,5.0,995422133
592,3717,5.0,995420037
