592,3744,4.0,995421368
592,3752,4.0,995421352
592,3798,4.0,995421439
592,3821,5.0,995421536
592,3826,3.0,995421519
592,3897,4.0,995419650
592,3916,4.0,995419883
592,3948,5.0,995421289
592,3977,2.0,995421330
592,3979,3.0,995421536
592,3984,5.0,995422133
592,4214,4.0,995420750
592,4247,5.0,995421498
592,4270,2.0,995421391
592,4299,4.0,995421405
592,4340,3.0,995421433
592,4344,5.0,995421094
592,4369,5.0,995419146
592,4453,1.0,995421593
593,2,3.0,835464130
593,10,2.0,835463471
593,20,4.0,840996449
593,25,5.0,835465034
593,32,5.0,835463824
593,47,4.0,835463672
593,95,4.0,835464565
593,122,3.0,840996303
593,141,5.0,835464565
593,150,4.0,835462855
593,165,4.0,835462904
593,172,5.0,835464635
593,173,3.0,835463878
593,185,5.0,835463560
593,196,4.0,835464162
593,225,4.0,835463672
593,227,4.0,835465650
593,231,3.0,840995397
593,246,4.0,835465650
593,273,3.0,835465650
593,277,4.0,835465163
593,288,5.0,835463581
593,292,4.0,835463471
593,296,5.0,835462855
593,306,4.0,840996303
593,307,4.0,840996339
593,316,3.0,835463235
593,319,5.0,840996278
593,329,3.0,835463235
593,337,3.0,835463908
593,344,4.0,835462904
593,353,5.0,835466240
593,356,5.0,840995512
593,357,5.0,835465163
593,362,3.0,840996099
593,367,4.0,835463878
593,370,3.0,840995929
593,377,5.0,835464671
593,380,2.0,835462855
593,382,4.0,840996381
593,420,3.0,835463824
593,434,3.0,835463471
593,442,5.0,835464776
593,454,5.0,835463847
593,457,4.0,835463560
593,466,3.0,840995953
593,480,3.0,835464163
593,485,3.0,840995909
593,497,5.0,840995910
593,500,4.0,835465034
593,508,5.0,840995839
593,509,5.0,840995807
593,519,3.0,840996369
593,520,3.0,840995953
593,531,3.0,840996303
593,533,4.0,840996381
593,543,5.0,840996257
593,552,4.0,840995972
593,555,5.0,835464671
593,586,3.0,835465990
593,587,4.0,835465255
593,589,4.0,835464565
593,592,3.0,835462855
593,593,4.0,835463560
593,597,4.0,835465650
593,616,4.0,840996226
593,648,4.0,840995888
593,708,5.0,844753626
593,780,5.0,840995995
593,1104,3.0,844753453
594,1,4.0,938948878
594,21,5.0,938961252
594,110,5.0,938962157
594,162,5.0,938960414
594,206,4.0,938960243
594,246,4.0,938960116
594,260,5.0,938961252
594,296,5.0,938949135
594,474,3.0,938961491
594,527,5.0,938962048
594,541,4.0,938961093
594,549,5.0,938960161
594,608,5.0,938949190
594,778,2.0,938962048
594,858,5.0,938948387
594,913,5.0,938961093
594,1079,4.0,938947869
594,1089,5.0,938949136
594,1147,5.0,938960074
594,1148,5.0,938948789
594,1196,5.0,938961301
594,1197,3.0,938947985
594,1198,5.0,938961252
594,1200,4.0,938948241
594,1210,4.0,938961373
594,1213,5.0,938949281
594,1214,3.0,938961373
594,1220,5.0,938962080
594,1221,5.0,938948387
594,1223,5.0,938948789
594,1230,5.0,955037203
594,1234,4.0,938948387
594,1288,5.0,938947869
594,1304,4.0,938961491
594,1321,3.0,938948287
594,1358,5.0,938962157
594,1387,5.0,938961373
594,1394,4.0,938947869
594,1584,4.0,939034456
594,1610,3.0,938961373
594,1617,5.0,938949281
594,1729,3.0,938949280
594,1784,3.0,938948831
594,1909,4.0,939034456
594,1953,5.0,938948387
594,1965,5.0,938947985
594,2000,2.0,938961301
594,2028,4.0,938961252
594,2064,5.0,938947985
594,2081,3.0,938960925
594,2150,4.0,938947985
594,2243,3.0,938947985
594,2248,4.0,938947985
594,2262,2.0,938948241
594,2268,3.0,938949190
594,2289,5.0,938948878
594,2311,2.0,938948241
594,2366,5.0,938961373
594,2375,2.0,938962080
594,2406,4.0,938961373
594,2542,5.0,938948622
594,2571,3.0,938961301
594,2599,5.0,938948789
594,2628,4.0,938961301
594,2706,3.0,938947368
594,2710,4.0,938947397
594,2716,3.0,938947985
594,2723,3.0,938947574
594,2726,4.0,938961136
594,2759,4.0,938947494
594,2791,3.0,938947985
594,3362,4.0,955037203
594,3363,5.0,955037203
594,3421,4.0,955037203
594,5060,5.0,955037203
595,1,5.0,965077903
595,2,2.0,965230397
595,13,5.0,965230121
595,17,4.0,965077977
595,34,3.0,965077143
595,48,4.0,965230500
595,111,5.0,965162852
595,150,4.0,965078298
595,162,5.0,965077016
595,164,4.0,965077903
595,176,5.0,965077977
595,206,5.0,965230839
595,235,4.0,965077977
595,262,5.0,965078078
595,265,4.0,965077878
595,272,5.0,965076996
595,296,5.0,965077067
595,313,1.0,965230326
595,318,4.0,965076996
595,334,2.0,965077926
595,348,3.0,965078096
595,357,4.0,965078041
595,364,4.0,965230086
595,509,5.0,965078017
595,531,5.0,965230203
595,535,5.0,965077067
595,549,4.0,965078374
595,556,5.0,965230906
595,558,4.0,965230453
595,562,4.0,965077092
595,581,3.0,965230797
595,586,4.0,965230453
595,588,3.0,965230182
595,590,5.0,965078374
595,593,5.0,965077188
595,594,3.0,965230086
595,595,2.0,965230086
595,596,4.0,965230086
595,608,5.0,965077800
595,661,4.0,965230022
595,766,3.0,965076608
595,778,5.0,965077092
595,899,5.0,965230967
595,900,4.0,965231022
595,904,5.0,965162827
595,908,5.0,965162852
595,912,3.0,965076586
595,914,4.0,965231048
595,917,5.0,965230500
595,919,5.0,965230602
595,1013,4.0,965230233
595,1022,4.0,965230182
595,1023,5.0,965230615
595,1028,5.0,965230022
595,1031,3.0,965230182
595,1032,4.0,965230182
595,1033,3.0,965230150
595,1035,5.0,965231048
595,1059,5.0,965078283
595,1073,5.0,965230634
595,1081,4.0,965230997
595,1089,5.0,965077170
595,1094,5.0,965078150
595,1097,5.0,965230022
595,1120,4.0,965078240
595,1148,4.0,965077143
595,1171,4.0,965078341
595,1179,4.0,965077977
595,1183,3.0,965078374
595,1188,5.0,965077188
595,1189,5.0,965230754
595,1191,4.0,965230839
595,1192,5.0,965077016
595,1198,4.0,965076608
595,1213,5.0,965077027
595,1220,4.0,965231048
595,1223,4.0,965077878
595,1230,4.0,965076623
595,1264,5.0,965162892
595,1265,4.0,965077828
595,1266,2.0,965077926
595,1282,3.0,965230022
595,1288,5.0,965230997
595,1289,1.0,965230819
595,1358,4.0,965077067
595,1367,3.0,965230266
595,1380,4.0,965231022
595,1449,5.0,965078283
595,1500,2.0,965077949
595,1537,4.0,965077977
595,1566,4.0,965230295
595,1610,3.0,965078263
595,1617,5.0,965162852
595,1641,4.0,965077878
595,1648,1.0,965078263
595,1673,5.0,965077208
595,1694,4.0,965077949
595,1713,1.0,965230121
595,1734,5.0,965078133
595,1806,2.0,965230654
595,1883,4.0,965078374
595,1907,3.0,965230150
595,1916,5.0,965077854
595,1921,4.0,965078170
595,1923,4.0,965077854
595,1947,5.0,965230997
595,1966,4.0,965077828
595,2005,4.0,965230266
595,2014,4.0,965230266
595,2015,3.0,965230326
595,2018,4.0,965230086
595,2028,1.0,965077092
595,2033,1.0,965230150
595,2059,3.0,965230500
595,2064,5.0,965230777
595,2078,4.0,965230043
595,2080,4.0,965230086
595,2081,3.0,965230266
595,2085,3.0,965230233
595,2087,4.0,965230086
595,2096,4.0,965230150
595,2102,5.0,965230121
595,2137,5.0,965230043
595,2138,5.0,965230022
595,2139,1.0,965230086
595,2141,5.0,965230266
595,2186,5.0,965162892
595,2284,5.0,965078170
595,2289,5.0,965077115
595,2294,1.0,965230182
595,2303,5.0,965230997
595,2324,4.0,965078017
595,2355,5.0,965078150
595,2391,5.0,965078263
595,2396,5.0,965077926
595,2571,4.0,965077067
595,2599,5.0,965077115
595,2677,4.0,965230839
595,2687,3.0,965230326
595,2692,5.0,965077903
595,2700,1.0,965078041
595,2716,3.0,965076608
595,2762,3.0,965077170
595,2858,5.0,965077208
595,2859,4.0,965230819
595,2890,4.0,965077903
595,2908,4.0,965077067
595,2971,5.0,965231022
595,3006,5.0,965077067
595,3061,4.0,965230997
595,3114,5.0,965230022
595,3182,2.0,965076706
595,3246,5.0,965078059
595,3400,1.0,965230121
595,3545,5.0,965230967
595,3549,4.0,965230967
595,3578,5.0,965076734
595,3606,3.0,965230967
595,3615,2.0,965076706
595,3623,2.0,965076872
595,3672,4.0,965230397
595,3751,3.0,965076706
595,3793,2.0,965076872
596,1,3.5,1145034973
596,6,4.0,1138659551
596,10,3.5,1142088563
596,16,5.0,1138658329
596,18,3.5,1139403101
596,19,2.5,1138658273
596,23,3.5,1140797926
596,25,4.0,1138658441
596,31,3.0,1138705152
596,32,5.0,1138659546
596,36,3.5,1142088573
596,47,4.0,1138659444
596,50,4.5,1138659441
596,69,4.0,1147972002
596,70,4.0,1138659867
596,92,3.0,1139334630
596,110,4.0,1138660509
596,111,5.0,1138658397
596,141,4.0,1138658777
596,145,4.5,1142088861
596,147,3.5,1138661955
596,150,3.5,1138662118
596,156,5.0,1139092457
596,163,3.5,1140797899
596,165,3.5,1142088523
596,172,3.5,1138705156
596,194,5.0,1139092479
596,223,4.0,1138659553
596,231,3.0,1142088550
596,247,4.0,1139143221
596,253,4.0,1138902768
596,259,3.5,1138732383
596,260,3.0,1138659800
596,266,3.0,1140784454
596,282,3.0,1142088795
596,288,4.5,1138661857
596,292,3.5,1138877013
596,293,4.0,1138659480
596,296,5.0,1138658558
596,300,3.5,1138729358
596,316,3.5,1142088535
596,318,5.0,1138659437
596,327,1.5,1139334643
596,329,3.5,1138729373
596,337,3.5,1140797876
596,339,3.5,1138661870
596,344,3.5,1140785813
596,350,3.5,1138877007
596,353,4.5,1138729365
596,355,3.0,1138658758
596,356,5.0,1138658566
596,357,3.5,1138902774
596,364,3.0,1139307601
596,367,3.0,1138729370
596,370,3.0,1138658745
596,373,3.0,1138732361
596,377,4.0,1138902779
596,380,3.0,1138729340
596,428,4.5,1138659400
596,431,4.0,1138659358
596,434,3.0,1138877018
596,440,3.0,1138705128
596,441,3.5,1138729874
596,442,4.0,1139307591
596,443,5.0,1138659264
596,454,4.0,1138729339
596,455,3.0,1139403109
596,457,4.0,1138662101
596,466,3.0,1139402969
596,474,3.5,1138658249
596,480,4.0,1138658585
596,481,4.0,1139403068
596,485,3.5,1138658762
596,493,3.5,1138729837
596,500,3.5,1138705133
596,508,3.5,1140798130
596,527,4.5,1138658580
596,532,2.5,1139403076
596,535,4.0,1139403086
596,539,3.0,1138661829
596,541,3.5,1139316022
596,543,1.0,1138705109
596,553,3.5,1138658343
596,555,4.0,1138658735
596,586,3.5,1139402961
596,587,3.5,1140797887
596,589,4.0,1138662141
596,590,4.0,1138658562
596,593,4.0,1138659461
596,595,3.0,1139402926
596,597,3.5,1138658725
596,608,3.5,1138660461
596,628,4.0,1138660479
596,648,3.5,1142088527
596,733,4.0,1138659195
596,736,3.5,1142088549
596,778,4.5,1138658715
596,780,3.5,1138662154
596,783,2.5,1139307579
596,784,3.5,1138705121
596,786,3.0,1142088659
596,788,3.0,1142088641
596,858,5.0,1138659368
596,902,4.0,1139143144
596,903,4.5,1138660389
596,904,4.5,1138660382
596,910,3.5,1138658720
596,912,4.5,1138729762
596,924,3.5,1138705101
596,931,4.0,1139403071
596,953,4.0,1138705097
596,1036,4.0,1138876991
596,1042,3.0,1139143205
596,1080,4.0,1139307556
596,1086,4.5,1138875194
596,1089,4.0,1138659499
596,1090,3.5,1138660310
596,1092,3.5,1139307571
596,1093,4.5,1139403031
596,1097,3.5,1140785802
596,1101,3.0,1139307563
596,1120,3.5,1138729833
596,1129,3.5,1142088998
596,1136,3.5,1138658711
596,1171,3.0,1139092426
596,1183,0.5,1138661846
596,1193,5.0,1138658708
596,1196,3.5,1142088479
596,1199,3.5,1138876981
596,1206,4.0,1138659827
596,1208,4.5,1138658311
596,1209,5.0,1138659425
596,1210,3.5,1142088482
596,1211,5.0,1138729155
596,1213,5.0,1138658243
596,1219,4.5,1138660399
596,1221,5.0,1138659369
596,1222,4.0,1138659491
596,1227,4.5,1138659414
596,1233,4.0,1138661848
596,1240,3.5,1138705083
596,1246,4.0,1138658692
596,1258,4.0,1138658338
596,1259,3.5,1138659473
596,1265,4.0,1138732315
596,1267,2.5,1138660005
596,1270,3.5,1139092271
596,1279,4.5,1138732104
596,1281,3.0,1138660009
596,1287,4.0,1145034956
596,1288,4.5,1138658687
596,1302,2.5,1138705079
596,1333,4.0,1138729865
596,1343,3.5,1140797841
596,1347,2.5,1147971936
596,1356,3.5,1142088626
596,1370,3.5,1138732555
596,1387,4.5,1138705039
596,1388,3.5,1139092413
596,1391,3.0,1142088710
596,1407,4.0,1138876965
596,1408,4.0,1138659841
596,1461,3.5,1139307740
596,1466,4.0,1138658646
596,1479,3.5,1139403049
596,1485,3.5,1140785825
596,1517,3.5,1138658277
596,1527,3.0,1138658667
596,1552,3.5,1138705055
596,1573,3.5,1138732341
596,1580,3.0,1138658670
596,1584,3.0,1138705044
596,1608,2.5,1138658678
596,1617,4.0,1138660432
596,1619,4.5,1139403035
596,1625,4.5,1138659506
596,1627,3.5,1139092405
596,1644,2.5,1147971922
596,1645,4.0,1139307544
596,1653,4.5,1138660597
596,1671,3.5,1142905481
596,1672,3.5,1138659169
596,1676,3.5,1138659792
596,1682,4.0,1138658655
596,1704,4.5,1138659458
596,1721,4.0,1138660612
596,1722,3.5,1138659783
596,1729,4.0,1138658661
596,1732,5.0,1138659217
596,1747,5.0,1138876957
596,1827,4.0,1138729826
596,1835,4.0,1138732377
596,1884,4.5,1139092395
596,1892,4.0,1138660016
596,1912,3.5,1142088991
596,1917,3.0,1139402917
596,1923,4.0,1138658262
596,1961,4.5,1138659521
596,1968,3.5,1142905460
596,1982,3.5,1138729521
596,1997,3.5,1138658653
596,2003,3.5,1138660611
596,2004,3.5,1138660053
596,2011,3.5,1140785783
596,2012,3.5,1138876971
596,2023,4.0,1138659371
596,2028,4.0,1138660306
596,2054,3.0,1138705029
596,2064,4.0,1142089063
596,2067,4.0,1139307701
596,2081,2.0,1138659774
596,2160,3.5,1138658478
596,2161,3.0,1139143175
596,2167,4.0,1140785777
596,2178,4.0,1142905527
596,2194,3.5,1138659778
596,2231,3.5,1140784370
596,2321,3.5,1138658663
596,2324,4.5,1138660348
596,2329,5.0,1138658627
596,2338,3.0,1138661936
596,2340,3.5,1139307711
596,2353,3.5,1138658673
596,2355,3.0,1142088672
596,2378,3.0,1139307694
596,2389,3.5,1140050384
596,2424,3.0,1138705022
596,2427,4.0,1138659057
596,2467,4.0,1138659053
596,2474,4.0,1138659981
596,2485,3.5,1139307690
596,2505,3.5,1138659068
596,2529,3.5,1138658606
596,2541,3.5,1138659063
596,2542,3.5,1138659753
596,2571,4.5,1138660295
596,2572,3.0,1142088973
596,2596,4.0,1138660571
596,2628,4.0,1138658620
596,2671,3.5,1138658615
596,2672,4.0,1139307684
596,2677,4.0,1138661902
596,2683,3.5,1138661824
596,2692,4.0,1138659604
596,2706,3.5,1138658307
596,2707,4.5,1139307677
596,2710,4.0,1138658328
596,2722,2.0,1138659047
596,2762,4.5,1138658596
596,2797,3.5,1138658324
596,2803,4.0,1138659036
596,2805,3.0,1138659039
596,2858,5.0,1138659468
596,2861,3.0,1138661923
596,2908,4.0,1139307661
596,2912,3.5,1141003791
596,2918,1.0,1138705003
596,2944,3.0,1138659029
596,2947,3.5,1140785792
596,2953,3.5,1138875126
596,2959,5.0,1138658240
596,2966,4.0,1138729888
596,2997,3.5,1138661826
596,3006,1.0,1138659533
596,3020,5.0,1138659013
596,3033,3.0,1138732561
596,3081,3.5,1142088874
596,3113,2.5,1139092360
596,3147,4.0,1138660492
596,3176,4.5,1138704977
596,3177,3.5,1147972020
596,3186,3.5,1138659973
596,3198,4.5,1138659595
596,3253,4.0,1138658600
596,3267,3.5,1138658998
596,3275,4.0,1138660355
596,3285,5.0,1138660195
596,3386,4.0,1138658993
596,3408,3.5,1138704983
596,3409,3.0,1138729445
596,3448,3.5,1138660584
596,3481,5.0,1138658587
596,3499,3.5,1138659515
596,3510,3.0,1138729436
596,3535,4.5,1139307898
596,3556,4.5,1138661896
596,3578,4.5,1140797838
596,3614,3.5,1138658976
596,3617,3.0,1138729441
596,3623,3.0,1138704970
596,3653,5.0,1138659266
596,3681,3.5,1210534664
596,3686,4.0,1139402984
596,3706,3.5,1139092333
596,3717,3.0,1138658985
596,3791,3.0,1138729450
596,3793,3.5,1138658296
596,3825,3.0,1139092347
596,3826,3.0,1139402994
596,3869,4.0,1138658979
596,3896,3.5,1139307904
596,3897,4.5,1138658543
596,3948,3.5,1138658570
596,3949,4.0,1138659561
596,3977,3.0,1140797960
596,3986,2.5,1138658932
596,3994,1.0,1139092242
596,3999,2.5,1139334653
596,4011,4.5,1138659454
596,4015,3.0,1139307645
596,4022,3.5,1138729385
596,4025,3.5,1138729399
596,4027,4.0,1138729684
596,4033,3.5,1138658918
596,4146,4.0,1149788293
596,4161,3.5,1138658927
596,4223,3.0,1138658915
596,4226,5.0,1138659449
596,4262,5.0,1138659467
596,4306,3.0,1138658253
596,4310,3.5,1138658939
596,4343,2.0,1138729417
596,4344,3.5,1138729395
596,4351,4.5,1139092339
596,4361,3.0,1139307623
596,4369,3.5,1138659946
596,4388,0.5,1138658967
596,4639,3.5,1138705217
596,4640,2.5,1139307883
596,4643,3.0,1139143164
596,4718,3.5,1139307632
596,4776,2.0,1148666807
596,4848,3.5,1138658466
596,4855,3.5,1138729654
596,4878,4.5,1138658869
596,4901,4.0,1146406806
596,4963,4.5,1138704988
596,4967,3.5,1138660343
596,4973,5.0,1138658590
596,4975,3.5,1139092297
596,4979,4.0,1138705201
596,4993,3.0,1138658287
596,4995,4.0,1138659786
596,5010,4.0,1138705210
596,5152,2.0,1138658878
596,5218,3.5,1138705206
596,5266,3.0,1139402950
596,5349,3.5,1138658577
596,5378,3.5,1138729134
596,5418,3.5,1138661834
596,5445,3.5,1138704963
596,5452,2.5,1139143267
596,5459,3.0,1139404326
596,5464,3.5,1138659877
596,5481,3.5,1138902784
596,5502,2.0,1138659173
596,5505,3.5,1142174021
596,5507,1.5,1138658907
596,5528,3.0,1138705179
596,5608,4.0,1138660336
596,5620,3.0,1138658863
596,5630,3.5,1139307838
596,5655,4.0,1139334623
596,5669,4.5,1138659541
596,5679,4.0,1138729383
596,5682,4.0,1141003816
596,5784,3.5,1139403124
596,5785,3.0,1139143257
596,5810,4.0,1139092304
596,5872,3.5,1138705190
596,5902,3.5,1138729659
596,5903,4.0,1139307854
596,5945,3.5,1138658829
596,5952,3.0,1138658336
596,5954,3.0,1140784342
596,5956,3.5,1138659861
596,5989,4.5,1138659853
596,5995,5.0,1138658838
596,6003,4.5,1138729859
596,6016,5.0,1138660279
596,6058,2.0,1145139399
596,6157,0.5,1138729405
596,6187,4.5,1139307892
596,6188,3.5,1139402945
596,6218,4.0,1138661854
596,6281,3.5,1139092294
596,6323,4.0,1139307857
596,6331,3.5,1138729731
596,6365,2.5,1138661876
596,6370,4.0,1138729167
596,6373,2.0,1140297087
596,6377,3.5,1138658547
596,6378,3.5,1138658852
596,6502,4.0,1138658846
596,6534,2.0,1138705193
596,6537,2.5,1138658858
596,6539,4.5,1138659789
596,6708,4.0,1138659526
596,6709,4.0,1138659420
596,6711,5.0,1138659849
596,6787,4.0,1138729115
596,6796,4.0,1138659531
596,6863,3.5,1138705173
596,6868,4.0,1158765184
596,6870,4.5,1138658832
596,6874,5.0,1138659493
596,6934,2.5,1138661881
596,6936,3.0,1138658855
596,6953,3.5,1138660469
596,6979,4.0,1138660654
596,7022,4.0,1140050306
596,7090,3.0,1139092193
596,7143,3.5,1138659858
596,7160,4.0,1138659588
596,7254,4.5,1138705164
596,7318,3.5,1141841715
596,7323,3.5,1138660255
596,7352,4.0,1141583206
596,7361,5.0,1138659510
596,7438,4.5,1138659484
596,7445,3.0,1139307832
596,7458,3.5,1138705182
596,7460,3.0,1138732071
596,8070,3.5,1140374287
596,8132,5.0,1138659189
596,8360,3.0,1138705170
596,8361,2.0,1138661970
596,8368,3.0,1138729137
596,8370,3.5,1146386261
596,8376,4.5,1138659864
596,8464,4.0,1138658834
596,8528,3.0,1138658818
596,8529,3.5,1140798114
596,8622,4.0,1138705162
596,8665,2.0,1138705144
596,8713,3.5,1138902818
596,8784,4.0,1142625112
596,8798,4.0,1142088218
596,8873,4.5,1138729637
596,8927,3.0,1139334603
596,8949,4.0,1138660681
596,8950,3.5,1144857237
596,8957,3.5,1140296940
596,8958,3.5,1138660452
596,8961,4.0,1138658774
596,8972,3.5,1142043104
596,8977,3.0,1140025848
596,8984,3.5,1140784441
596,8985,0.5,1138660166
596,27022,3.5,1139833908
596,27773,3.5,1147471590
596,27788,4.0,1138659329
596,27821,3.5,1138732018
596,27876,3.0,1138732051
596,30707,4.5,1141583266
596,30749,4.5,1144790585
596,30810,3.5,1140296990
596,30812,4.0,1138659578
596,31410,4.5,1138660285
596,32019,1.0,1138732495
596,32029,3.5,1139307922
596,32587,3.5,1138659481
596,33124,3.5,1146645097
596,33162,2.0,1138875218
596,33166,5.0,1144615341
596,33437,4.0,1142088197
596,33493,3.5,1138658785
596,33679,3.5,1140784447
596,34048,3.0,1142125035
596,34319,3.5,1142353181
596,34437,3.5,1146265483
596,37386,0.5,1139307795
596,37720,3.5,1140315106
596,37741,3.5,1158765270
596,38061,3.5,1147471547
596,39446,3.5,1140466477
596,40583,4.0,1147471642
596,40819,4.5,1158765340
596,41569,4.0,1138809915
596,41997,3.0,1139505587
596,44555,5.0,1183906550
596,48394,4.5,1183906582
596,48516,4.0,1183906557
596,55247,4.0,1210534623
596,55820,3.5,1210534579
596,56782,4.0,1210534655
596,58351,4.5,1217600199
597,1,5.0,940708550
597,11,4.0,940707935
597,29,3.0,940707179
597,32,4.0,940707179
597,34,5.0,940708603
597,39,5.0,940707935
597,160,3.0,940708918
597,164,4.0,940706921
597,185,3.0,940707571
597,196,3.0,940707609
597,198,3.0,940707355
597,260,5.0,940709043
597,293,4.0,940707879
597,350,3.0,940708760
597,356,4.0,940707703
597,451,5.0,940708840
597,480,4.0,940707511
597,492,5.0,940708761
597,497,4.0,940707828
597,513,3.0,940708840
597,517,3.0,940708761
597,541,5.0,940706721
597,588,5.0,940708456
597,589,5.0,940707355
597,610,2.0,940707571
597,648,3.0,940708799
597,671,4.0,940707571
597,745,5.0,940708400
597,750,5.0,940707179
597,800,5.0,940708672
597,898,4.0,940707703
597,899,5.0,940707778
597,903,5.0,940708672
597,904,5.0,940708672
597,906,4.0,940708761
597,907,5.0,940707985
597,908,5.0,940709146
597,909,5.0,940708511
597,910,5.0,940708456
597,911,4.0,940708800
597,912,4.0,940707778
597,913,5.0,940706721
597,916,4.0,940707828
597,923,5.0,940709146
597,924,4.0,940707124
597,928,4.0,940707778
597,931,4.0,940708718
597,933,4.0,940707985
597,942,4.0,940706859
597,943,4.0,940707837
597,945,5.0,940707879
597,946,5.0,940708603
597,950,5.0,940708718
597,951,5.0,940708400
597,968,4.0,940707412
597,969,5.0,940707828
597,1018,3.0,940708840
597,1019,4.0,940707571
597,1066,4.0,940707711
597,1069,4.0,940706859
597,1077,5.0,940707300
597,1079,4.0,940708124
597,1086,4.0,940708718
597,1097,4.0,940707230
597,1127,4.0,940707412
597,1129,4.0,940707230
597,1136,5.0,940708400
597,1148,5.0,940708081
597,1178,5.0,940709043
597,1193,4.0,940709044
597,1196,3.0,940707124
597,1197,5.0,940707778
597,1199,5.0,940707355
597,1200,4.0,940707355
597,1210,3.0,940707300
597,1212,5.0,940708718
597,1214,5.0,940707179
597,1215,3.0,940707511
597,1220,4.0,940708400
597,1223,5.0,940708252
597,1238,4.0,940708124
597,1240,5.0,940707124
597,1247,4.0,940707828
597,1248,5.0,940706721
597,1252,5.0,940706921
597,1264,5.0,940708718
597,1265,5.0,940707828
597,1267,3.0,940706859
597,1269,5.0,940708400
597,1270,4.0,940707300
597,1274,2.0,940707511
597,1281,4.0,940708212
597,1284,5.0,940708672
597,1285,3.0,940708511
597,1288,3.0,940708252
597,1301,4.0,940707300
597,1304,5.0,940708081
597,1307,4.0,940707879
597,1334,3.0,940707609
597,1358,5.0,940709146
597,1394,5.0,940708212
597,1396,4.0,940707571
597,1422,2.0,940708918
597,1460,2.0,940708840
597,1527,4.0,940707230
597,1580,5.0,940707179
597,1584,4.0,940707300
597,1590,2.0,940708918
597,1597,4.0,940708761
597,1617,5.0,940706721
597,1644,3.0,940708918
597,1653,3.0,940707300
597,1663,3.0,940708511
597,1674,5.0,940707985
597,1689,3.0,940708799
597,1711,4.0,940708918
597,1721,4.0,940707778
597,1732,4.0,940708511
597,1748,3.0,940706921
597,1784,4.0,940709156
597,1845,5.0,940708511
597,1883,4.0,940708603
597,1909,4.0,940707511
597,1917,2.0,940707435
597,1921,4.0,940707355
597,1924,2.0,940707571
597,1950,4.0,940708718
597,1964,4.0,940708718
597,1982,4.0,940709043
597,2000,2.0,940708550
597,2009,3.0,940707300
597,2010,5.0,940707124
597,2011,3.0,940707473
597,2015,4.0,940709088
597,2028,4.0,940709088
597,2046,3.0,940707230
597,2064,5.0,940708603
597,2076,5.0,940708718
597,2078,4.0,940708212
597,2080,4.0,940707778
597,2094,4.0,940707609
597,2108,5.0,940708400
597,2117,3.0,940707571
597,2126,3.0,940708866
597,2136,2.0,940708124
597,2140,4.0,940707230
597,2141,3.0,940708550
597,2150,5.0,940708265
597,2173,3.0,940707412
597,2184,5.0,940708866
597,2206,4.0,940708799
597,2208,5.0,940707778
597,2252,4.0,940708081
597,2273,4.0,940709088
597,2287,5.0,940707179
597,2288,3.0,940707124
597,2291,4.0,940707879
597,2322,3.0,940707300
597,2338,3.0,940708973
597,2349,4.0,940708252
597,2352,4.0,940709088
597,2355,5.0,940708603
597,2363,4.0,940707179
597,2395,5.0,940708456
597,2396,5.0,940707703
597,2406,4.0,940707985
597,2413,3.0,940708918
597,2414,4.0,940708761
597,2428,3.0,940707473
597,2454,4.0,940707412
597,2458,2.0,940708603
597,2467,5.0,940708672
597,2470,5.0,940708603
597,2475,2.0,940708918
597,2525,3.0,940707511
597,2527,3.0,940707230
597,2528,3.0,940707179
597,2529,4.0,940707230
597,2554,3.0,940707412
597,2571,5.0,940707124
597,2572,3.0,940707828
597,2613,3.0,940707355
597,2657,4.0,940707124
597,2661,4.0,940707609
597,2662,3.0,940707473
597,2664,5.0,940707473
