608,2318,4.0,939361516
608,2324,2.0,958824879
608,2329,4.0,939461651
608,2334,4.0,939362594
608,2336,4.0,958825935
608,2340,3.0,939461932
608,2346,4.0,939360997
608,2353,4.0,939363985
608,2360,5.0,939361373
608,2384,5.0,939461599
608,2387,3.0,958825051
608,2389,4.0,958825275
608,2391,4.0,939362460
608,2395,4.0,939461444
608,2396,3.0,939461173
608,2401,4.0,958824598
608,2425,4.0,958825030
608,2427,5.0,939362228
608,2439,4.0,939361707
608,2488,5.0,958824367
608,2490,5.0,939362594
608,2540,4.0,958825252
608,2557,3.0,958825618
608,2561,3.0,958825110
608,2571,5.0,939362460
608,2575,4.0,939461122
608,2580,4.0,939361635
608,2585,5.0,958825618
608,2599,4.0,939362041
608,2600,4.0,939362460
608,2617,3.0,939363985
608,2628,2.0,939361316
608,2673,5.0,939361065
608,2676,1.0,939362594
608,2682,5.0,958825935
608,2700,4.0,939461651
608,2701,3.0,939361917
608,2707,4.0,939357956
608,2712,4.0,939358656
608,2726,4.0,958824948
608,2731,4.0,958824743
608,2762,4.0,958824170
608,2763,3.0,939357852
608,2810,4.0,958825791
608,2832,3.0,939358747
608,2858,4.0,958825542
608,2890,4.0,958825850
608,2908,4.0,958824170
608,2912,4.0,958824202
608,2917,4.0,958824986
608,2921,4.0,958824598
608,2959,5.0,958824170
608,2964,4.0,958825954
608,2966,4.0,958825791
608,2997,5.0,958824170
608,3002,4.0,958824655
608,3006,5.0,958824170
608,3008,5.0,958825809
608,3055,4.0,958824203
608,3083,5.0,958825542
608,3114,4.0,958825417
608,3117,4.0,958825670
608,3125,4.0,958824170
608,3160,4.0,958825772
608,3175,4.0,958824203
608,3178,3.0,958824986
608,3218,5.0,958824838
608,3265,5.0,958824554
608,3266,4.0,958824554
608,3272,3.0,958825015
608,3285,3.0,958824298
608,3298,3.0,958824282
608,3307,5.0,958824728
608,3328,4.0,958824243
608,3408,4.0,958825346
608,3435,5.0,958824763
608,3508,5.0,958824585
608,3535,4.0,958824414
608,3538,4.0,958824255
608,3555,2.0,958824298
608,3556,4.0,958824243
608,3569,5.0,958824243
608,3578,4.0,958824282
608,4970,4.0,939361065
609,81,5.0,1029869519
609,117,1.0,1029870084
609,188,5.0,1029870084
609,215,1.0,1029870161
609,290,5.0,1029869716
609,296,1.0,1029870084
609,320,1.0,1029870367
609,334,1.0,1029870161
609,390,5.0,1029870367
609,436,1.0,1029869519
609,443,1.0,1029869863
609,456,1.0,1029869813
609,483,1.0,1029870119
609,501,5.0,1029869813
609,565,5.0,1029870040
609,569,1.0,1029869675
609,593,5.0,1029869771
609,614,1.0,1029869863
609,617,1.0,1029870119
609,621,1.0,1029870367
609,678,1.0,1029870262
609,720,1.0,1029869989
609,735,5.0,1029870084
609,839,1.0,1029869771
609,858,5.0,1029869771
609,912,1.0,1029870161
609,923,5.0,1029870262
609,936,1.0,1029870367
609,1164,1.0,1029870040
609,1202,1.0,1029870161
609,1210,1.0,1029869519
609,1224,1.0,1029869914
609,1256,3.0,1029870084
609,1352,5.0,1029869519
609,1361,1.0,1029869989
609,1365,1.0,1029870119
609,1419,1.0,1029870262
609,1447,1.0,1029870119
609,1450,5.0,1029869863
609,1537,1.0,1029870262
609,1539,1.0,1029869914
609,1563,5.0,1029869914
609,1571,1.0,1029870084
609,1819,5.0,1029869519
609,1902,1.0,1029870161
609,1929,1.0,1029870084
609,2008,1.0,1029870084
609,2063,1.0,1029870040
609,2066,1.0,1029869813
609,2237,1.0,1029870119
609,2238,1.0,1029869863
609,2267,5.0,1029869914
609,2304,4.0,1029869771
609,2348,1.0,1029870119
609,2419,1.0,1029869863
609,2434,1.0,1029869914
609,2482,4.0,1029870119
609,2563,5.0,1029870040
609,2678,1.0,1029869675
609,2767,1.0,1029870161
609,2791,5.0,1029870040
609,2824,1.0,1029869813
609,2869,1.0,1029870262
609,2905,1.0,1029869813
609,2964,1.0,1029870161
609,3003,1.0,1029869615
609,3019,5.0,1029869519
609,3030,1.0,1029869615
609,3047,1.0,1029869989
609,3076,1.0,1029869675
609,3090,1.0,1029870161
609,3196,1.0,1029869914
609,3266,1.0,1029869989
609,3303,1.0,1029869716
609,3338,1.0,1029869675
609,3341,1.0,1029869989
609,3342,1.0,1029869989
609,3362,1.0,1029870084
609,3494,1.0,1029869914
609,3547,1.0,1029869989
609,3649,1.0,1029870262
609,3672,5.0,1029869519
609,3718,1.0,1029869615
609,3728,1.0,1029870040
609,3736,1.0,1029869813
609,3813,1.0,1029870119
609,3822,1.0,1029869989
609,3892,5.0,1029870262
609,3936,1.0,1029869519
609,3965,1.0,1029869863
609,3973,5.0,1029869771
609,4026,1.0,1029869615
609,4076,5.0,1029869716
609,4166,1.0,1029869863
609,4208,1.0,1029869813
609,4271,1.0,1029869813
609,4278,1.0,1029869813
609,4334,1.0,1029870119
609,4352,5.0,1029869914
609,4387,1.0,1029870084
609,4399,1.0,1029869771
609,4433,1.0,1029870367
609,4441,1.0,1029869716
609,4467,5.0,1029869519
609,4482,1.0,1029869675
609,4518,5.0,1029870262
609,4538,1.0,1029869771
609,4562,1.0,1029869615
609,4591,5.0,1029869675
609,4592,1.0,1029869675
609,4605,1.0,1029870161
609,4768,1.0,1029870040
609,4769,1.0,1029869863
609,4782,1.0,1029870262
609,4784,1.0,1029869716
609,4796,5.0,1029870367
609,4837,1.0,1029869771
609,4865,5.0,1029869519
609,4930,5.0,1029870262
609,4965,5.0,1029869863
609,4984,1.0,1029869675
609,5114,5.0,1029869989
609,5179,1.0,1029870040
609,5202,1.0,1029870040
609,5224,1.0,1029869813
609,5236,1.0,1029870119
609,5237,1.0,1029869914
609,5241,1.0,1029869675
609,5294,1.0,1029870040
609,5304,1.0,1029869989
609,5339,1.0,1029869863
609,5352,1.0,1029870367
609,5395,1.0,1029869716
609,5410,1.0,1029869716
609,5427,5.0,1029869675
609,5470,1.0,1029869716
609,5481,3.0,1029869771
609,5504,1.0,1029869771
609,5527,1.0,1029869914
609,6531,1.0,1029869716
610,538,4.0,1348595260
610,1556,2.5,1348595245
610,1590,4.0,1348595190
610,1653,5.0,1349427910
610,1894,3.0,1348595241
610,2717,2.5,1348595057
610,2761,2.0,1348595063
610,2881,2.5,1348595126
610,3020,3.0,1348595207
610,3481,3.0,1348596057
610,3510,3.0,1348595112
610,3752,4.0,1348595166
610,3863,1.0,1348595140
610,3911,3.5,1348596045
610,3949,3.5,1349428736
610,4011,4.0,1348595682
610,4027,3.0,1348596075
610,4306,2.5,1348596053
610,4641,3.5,1349428795
610,4848,4.0,1349428080
610,4878,3.5,1349428797
610,4973,4.5,1348595696
610,4979,4.5,1348595778
610,5013,3.0,1348595214
610,5015,3.5,1348595256
610,5225,4.0,1349428669
610,5617,3.5,1348595917
610,5673,4.0,1348595932
610,5902,3.5,1348595775
610,5954,2.5,1349428723
610,5989,4.0,1349428738
610,5995,4.0,1349428670
610,6016,4.5,1349428702
610,6620,3.5,1348595928
610,6711,5.0,1348595800
610,6870,4.0,1349428689
610,6942,2.0,1348596064
610,6953,3.0,1349428681
610,7139,4.0,1349428742
610,7361,4.5,1349428800
610,8622,3.0,1348595169
610,8784,3.5,1348595781
610,8874,4.0,1348595804
610,8910,4.0,1348596157
610,8949,3.5,1348596037
610,27611,1.0,1349428781
610,27773,5.0,1349428075
610,30707,3.0,1349428083
610,30749,4.0,1349428699
610,30810,3.5,1348595923
610,30812,5.0,1348595262
610,31410,4.0,1349428814
610,32587,3.5,1349428807
610,34437,3.0,1348596047
610,36535,4.0,1348596208
610,38038,1.0,1349428755
610,38061,3.5,1348595807
610,41997,4.0,1349428709
610,44195,4.0,1348595785
610,44555,4.0,1349428650
610,46578,4.5,1348595690
610,46976,3.5,1348596111
610,48516,4.0,1349428784
610,48738,3.0,1349428665
610,48780,4.0,1349428792
610,49530,3.5,1349428745
610,50872,3.5,1348596171
610,54503,3.0,1348596123
610,55269,3.5,1348595919
610,55280,3.5,1348595930
610,55820,3.0,1349428788
610,56367,4.0,1348595792
610,56782,5.0,1349428068
610,57669,5.0,1348596107
610,61240,4.0,1349428693
610,63082,4.0,1349428724
610,67997,4.0,1348596202
610,68954,3.5,1348595680
610,69757,4.0,1348596189
610,71535,3.5,1348596163
610,72011,3.0,1348596161
610,84847,4.0,1348595710
611,260,2.0,1471521325
611,356,5.0,1471524463
611,588,5.0,1471524718
611,1721,4.0,1471521709
611,1722,4.5,1471521496
611,1882,1.5,1471521570
611,2167,1.0,1471524250
611,2294,3.0,1471521519
611,2571,4.5,1471521299
611,3404,4.0,1471521667
611,3623,4.0,1471521448
611,4369,4.0,1471522157
611,4963,4.0,1471524042
611,5254,1.0,1471524228
611,5349,3.0,1471521873
611,5418,3.0,1471524050
611,6539,5.0,1471522941
611,8533,3.5,1471521665
611,8984,3.5,1471524096
611,8985,1.0,1471524317
611,45722,5.0,1471522875
611,47099,4.5,1471521954
611,53125,4.0,1471522849
611,53322,3.5,1471524137
611,73290,5.0,1471522055
611,79132,3.5,1471521317
611,86880,3.5,1471522820
611,97304,4.0,1471521230
611,98000,4.0,1471523753
611,105504,4.0,1471521195
611,108514,4.5,1471523535
611,149606,4.5,1471523461
611,150548,4.0,1471521899
611,162542,5.0,1471520667
611,162672,3.0,1471523986
612,223,2.5,1455642746
612,349,3.0,1455642720
612,362,3.5,1455638487
612,364,4.0,1455638876
612,551,3.0,1455642716
612,673,3.5,1455638412
612,1097,4.5,1455638867
612,1136,3.0,1455638864
612,1198,3.5,1455642709
612,1246,5.0,1455638856
612,1485,3.0,1455642688
612,1608,3.0,1455642853
612,1682,4.0,1455642692
612,1722,3.0,1455638347
612,1777,2.5,1455642849
612,2011,2.0,1455638646
612,2078,4.0,1455638442
612,2273,3.5,1455638428
612,2278,4.0,1455638402
612,2335,3.0,1455642831
612,2502,3.0,1455642683
612,2571,4.0,1455642680
612,2683,4.0,1455638637
612,2706,3.0,1455638633
612,2918,4.0,1455642676
612,2947,2.5,1455638381
612,3033,2.5,1455642822
612,3481,3.0,1455642814
612,3552,4.0,1455642811
612,3624,3.0,1455642809
612,3755,3.0,1455642806
612,4022,3.5,1455638629
612,4085,3.5,1455638392
612,4239,3.5,1455642799
612,4369,4.0,1455642793
612,4896,3.5,1455638625
612,4963,4.0,1455638621
612,4993,4.5,1455638619
612,5378,4.0,1455638614
612,5679,4.0,1455638420
612,6333,3.0,1455642788
612,7445,3.5,1455642988
612,8784,2.5,1455638434
612,30793,3.5,1455642782
612,33679,2.5,1455642770
612,34048,3.0,1455642766
612,40278,4.0,1455642979
612,40815,4.0,1455638367
612,45447,3.0,1455642757
612,45720,3.5,1455642974
612,46578,3.5,1455642759
612,47099,3.5,1455642972
612,49530,4.5,1455638474
612,50872,3.5,1455638373
612,61024,2.0,1455642959
612,62434,2.5,1455642956
612,63082,4.5,1455642750
612,63113,3.5,1455642952
612,69122,4.5,1455638424
612,72011,3.5,1455642947
612,73321,4.0,1455642945
612,74458,3.5,1455642741
612,80463,4.0,1455642739
612,91500,4.0,1455642736
612,94959,4.0,1455642933
612,99114,4.0,1455638449
613,50,5.0,1208297864
613,260,5.0,1208297872
613,272,3.0,1208297635
613,318,4.0,1208297827
613,593,5.0,1208297831
613,719,1.5,1208297648
613,745,4.5,1208297909
613,750,3.5,1208297916
613,858,5.0,1208297869
613,904,3.5,1208297936
613,1042,4.5,1208297665
613,1093,2.5,1208297716
613,1148,4.0,1208297906
613,1193,4.0,1208297854
613,1198,5.0,1208297823
613,1203,4.0,1208297838
613,1271,3.5,1208298382
613,1321,4.5,1208297759
613,1343,4.0,1208297623
613,1663,2.5,1208297692
613,1831,2.5,1208297769
613,1960,2.5,1208297765
613,1962,3.5,1208297700
613,2243,3.5,1208297751
613,2329,5.0,1208297814
613,2571,4.0,1208297894
613,2723,3.0,1208297705
613,2858,4.0,1208297836
613,2871,4.0,1208297681
613,2959,4.5,1208297891
613,2968,4.0,1208297670
613,3107,2.5,1208297714
613,3510,3.0,1208297727
613,3578,4.5,1208298112
613,3811,4.0,1208298294
613,3996,3.0,1208298137
613,4361,3.0,1208297744
613,4993,4.5,1208298063
613,5952,4.5,1208298065
613,6333,4.0,1208298122
613,6539,3.0,1208298094
613,6650,4.0,1208297961
613,6874,4.0,1208298054
613,7153,4.5,1208297852
613,7360,3.5,1208298126
613,7438,4.0,1208298052
613,8798,3.5,1208298101
613,8961,5.0,1208298141
613,48774,3.0,1208298135
613,48780,3.5,1208298348
613,49272,4.0,1208298083
613,51255,3.5,1208298073
613,54286,3.5,1208298145
614,3,2.0,1003253691
614,8,1.0,1003254119
614,28,4.0,1003253973
614,48,3.0,1003253691
614,52,4.0,1010620180
614,195,3.0,1010620148
614,236,5.0,1003253736
614,260,4.0,1003254048
614,261,4.0,1010620275
614,296,5.0,1010620205
614,309,5.0,1010620205
614,500,4.0,1010620090
614,513,2.0,1010620225
614,515,5.0,1010620148
614,527,3.0,1003253994
614,540,2.0,1010620205
614,589,3.0,1003254086
614,593,4.0,1003254147
614,608,5.0,1003253918
614,780,1.0,1003253712
614,838,3.0,1010620036
614,858,5.0,1003253843
614,899,5.0,1003254006
614,902,3.0,1003253691
614,905,5.0,1003253918
614,910,5.0,1003254175
614,913,5.0,1003254102
614,919,1.0,1003253933
614,923,5.0,1003253862
614,928,5.0,1010620157
614,933,5.0,1010620259
614,942,5.0,1003254048
614,945,4.0,1003253795
614,947,4.0,1003254048
614,950,5.0,1003253933
614,951,5.0,1003253918
614,955,5.0,1003254086
614,965,4.0,1003253973
614,994,5.0,1010620111
614,1013,4.0,1010620073
614,1198,5.0,1003254086
614,1203,4.0,1003254147
614,1212,5.0,1003253933
614,1218,4.0,1003254175
614,1219,5.0,1003253712
614,1221,4.0,1003253853
614,1225,4.0,1003253955
614,1231,4.0,1003254032
614,1234,4.0,1003254006
614,1244,3.0,1003254175
614,1247,3.0,1003253896
614,1250,5.0,1003253982
614,1252,5.0,1003253874
614,1256,5.0,1003253896
614,1260,5.0,1003253973
614,1262,5.0,1010620290
614,1267,5.0,1003253896
614,1280,5.0,1010620127
614,1339,4.0,1010620148
614,1358,2.0,1003253933
614,1370,1.0,1010620090
614,1377,2.0,1010620090
614,1387,3.0,1003254086
614,1411,5.0,1003254157
614,1544,1.0,1010620180
614,1556,1.0,1010620225
614,1594,5.0,1010620243
614,1653,2.0,1010620111
614,1821,4.0,1010620111
614,1858,4.0,1010620243
614,1968,4.0,1003253736
614,2134,2.0,1003253736
614,2165,5.0,1010620225
614,2243,4.0,1003254185
614,2301,4.0,1010620036
614,2396,3.0,1003254016
614,2398,2.0,1003253973
614,2424,3.0,1010620290
614,2803,3.0,1010620243
614,2849,2.0,1010620036
614,2879,4.0,1010620090
614,2935,4.0,1003254032
614,3004,1.0,1010620205
614,3148,2.0,1010620148
614,3173,2.0,1010620049
614,3185,1.0,1010620111
614,3270,4.0,1003253736
614,3341,3.0,1003253918
614,3555,4.0,1010620225
614,3623,4.0,1010620205
614,3683,4.0,1003253955
614,3983,4.0,1003254049
614,3996,4.0,1003253955
614,4212,4.0,1010620127
614,4226,5.0,1003253691
614,4355,1.0,1010620036
614,4469,4.0,1010620275
614,4835,2.0,1003253884
614,5060,4.0,1003253994
615,1,4.0,1425504992
615,6,3.5,1463685875
615,32,3.0,1408779743
615,47,4.5,1425505006
615,60,3.5,1408779602
615,260,3.5,1457590934
615,293,4.5,1441987461
615,296,5.0,1425504532
615,344,3.0,1425505013
615,356,4.0,1408778740
615,364,4.0,1425505009
615,367,2.5,1425505038
615,442,4.5,1463685687
615,466,4.0,1408780287
615,480,4.0,1425504991
615,520,4.0,1408780341
615,527,4.5,1408778593
615,541,4.0,1408778818
615,555,4.5,1454914001
615,589,4.0,1408779769
615,593,4.0,1425504990
615,608,4.0,1454913730
615,733,3.5,1425505045
615,736,3.0,1425505096
615,745,4.0,1408778654
615,778,3.5,1454913734
615,780,3.5,1425504995
615,786,3.5,1457590958
615,858,4.0,1408778570
615,1036,4.0,1425505062
615,1079,4.0,1408780130
615,1080,5.0,1425503869
615,1089,4.0,1425506722
615,1091,3.5,1408778226
615,1136,4.5,1408778643
615,1193,3.0,1425505047
615,1198,4.0,1408778790
615,1200,4.0,1408779693
615,1201,4.0,1408779999
615,1206,3.5,1455473518
615,1208,4.5,1463685843
615,1213,4.0,1408778633
615,1214,4.5,1408779685
615,1215,2.5,1408778876
615,1222,4.5,1463685882
615,1240,4.0,1408778768
615,1258,4.5,1454913517
615,1261,3.0,1408778867
615,1265,3.5,1425505050
615,1270,3.5,1425505003
615,1291,4.0,1425505057
615,1345,2.5,1408780843
615,1391,3.5,1457590953
615,1407,3.0,1457590960
615,1425,3.5,1408780105
615,1517,4.0,1408780244
615,1527,4.5,1425506721
615,1580,3.5,1425505098
615,1625,4.0,1408779313
615,1653,3.5,1454873849
615,1687,3.5,1408778262
615,1721,3.5,1425505095
615,1732,4.5,1425504611
615,2027,3.0,1408780339
615,2028,4.5,1425505102
615,2134,2.0,1408778212
615,2167,3.5,1473015342
615,2268,3.5,1463685839
615,2329,4.0,1408778711
615,2384,3.5,1408778218
615,2402,3.0,1408778252
615,2502,3.5,1457590919
615,2571,4.5,1408778656
615,2713,1.5,1408778330
615,2762,4.0,1425505010
615,2791,4.5,1408780189
615,2792,4.0,1408780287
615,2858,4.0,1408778712
615,2890,4.0,1468174931
615,2959,4.5,1408778695
615,2993,3.0,1408778301
615,2997,3.5,1408779865
615,3147,5.0,1454913966
615,3246,4.0,1408778265
615,3275,3.5,1454914011
615,3462,4.5,1454913954
615,3481,4.0,1425504855
615,3578,4.5,1425504745
615,3593,1.5,1408778321
615,3623,3.5,1454913442
615,3624,3.5,1454873950
615,3671,3.5,1468174876
615,3751,3.5,1425504835
615,3793,4.0,1425504875
615,3863,3.5,1441988820
615,3868,4.0,1408780229
615,3869,3.5,1408780253
615,3948,3.0,1425504856
615,3969,2.5,1408778240
615,3977,2.0,1425504837
615,4008,4.0,1408778327
615,4011,4.5,1425504773
615,4025,2.5,1454913349
615,4027,4.0,1454874091
615,4084,3.0,1408778308
615,4226,4.0,1408778628
615,4246,3.0,1454913461
615,4306,4.0,1425504747
615,4308,4.0,1454913399
615,4310,1.5,1441988812
615,4370,4.0,1454913355
615,4447,2.5,1454913386
615,4865,2.5,1408778296
615,4878,3.5,1408779675
615,4886,4.5,1425504753
615,4896,3.0,1425504863
615,4963,3.5,1425504871
615,4975,4.0,1441988814
615,4979,3.0,1454913454
615,4993,3.5,1408778797
615,4995,4.0,1425504870
615,5010,5.0,1454874135
615,5218,3.0,1454874022
615,5349,3.5,1425504765
615,5418,4.0,1425504868
615,5421,3.5,1455473606
615,5445,4.0,1425504750
615,5459,3.5,1454913336
615,5463,3.5,1473015400
615,5500,3.5,1408780214
615,5541,4.5,1408780211
615,5902,3.5,1454913804
615,5903,3.0,1455473674
615,5952,4.0,1408778803
615,5989,4.0,1425504775
615,6016,4.5,1408778532
615,6333,3.5,1425504846
615,6365,3.5,1425504780
615,6377,4.5,1425504757
615,6378,3.0,1454913341
615,6502,5.0,1408778967
615,6534,3.0,1408780654
615,6537,3.0,1441988817
615,6539,3.5,1425504796
615,6541,3.0,1473015355
615,6711,4.0,1425504839
615,6807,4.0,1457590921
615,6874,4.5,1408778714
615,6934,3.5,1454874021
615,6942,4.0,1454913390
615,7143,3.5,1454913354
615,7153,4.0,1408778800
615,7254,3.5,1454913343
615,7360,4.0,1408779009
615,7361,4.0,1408779622
615,7373,3.5,1473015313
615,7438,4.0,1408778718
615,7454,3.0,1473015338
615,7502,5.0,1408778457
615,8360,3.5,1425504848
615,8368,3.0,1441987591
615,8371,3.0,1408780790
615,8636,1.5,1441987598
615,8784,2.0,1454913381
615,8874,5.0,1408778825
615,8910,3.5,1408779806
615,8914,3.5,1408779845
615,8961,4.0,1425504785
615,8984,3.0,1441987480
615,27660,4.0,1463685880
615,27773,4.0,1408779998
615,30707,4.0,1455473516
615,30793,2.0,1463685753
615,31696,3.5,1473015317
615,32587,4.5,1408780540
615,33004,4.0,1441987480
615,33679,4.0,1463685775
615,33794,4.0,1425504777
615,34048,2.5,1463685782
615,34162,3.0,1463685780
615,34405,4.0,1408778904
615,35836,3.0,1463685748
615,36529,4.5,1454913694
615,40815,3.5,1463685756
615,40819,3.5,1463685785
615,42738,3.0,1473015334
615,44191,3.0,1441987595
615,44195,4.5,1425503927
615,44665,2.5,1441987475
615,45447,2.0,1463685789
615,45722,3.0,1454913359
615,46578,4.5,1441987587
615,46976,4.0,1408779837
615,48385,3.5,1463685750
615,48394,5.0,1454873935
615,48516,4.0,1408778729
615,48738,3.5,1454874046
615,48774,4.5,1408778944
615,48780,5.0,1454874107
615,49272,4.5,1441987588
615,49530,3.5,1463685772
615,50872,3.5,1454874126
615,51255,4.0,1408778862
615,51662,4.0,1408781193
615,52281,3.5,1463685850
615,52328,4.0,1408779609
615,52606,2.5,1408780860
615,52722,1.5,1454873879
615,52885,3.5,1408779845
615,52973,2.5,1454873877
615,53000,4.0,1408779427
615,53129,4.0,1408779313
615,53322,2.5,1408779488
615,53996,3.0,1463685799
615,54256,3.0,1408780812
615,54272,3.5,1454873871
615,54286,3.5,1463685760
615,54503,3.0,1463685777
615,55118,3.5,1454874055
615,55247,3.0,1463685791
615,55765,3.0,1454914058
615,55820,4.0,1408778938
615,55995,2.0,1473015402
615,56367,4.0,1454913452
615,57640,3.5,1425503902
615,57669,5.0,1454873869
615,58025,2.5,1454913820
615,58293,1.5,1454913835
615,58559,4.5,1408778535
615,59315,3.5,1454874099
615,59369,4.5,1463685795
615,59387,3.5,1454913842
615,60040,3.5,1408780676
615,60069,5.0,1425504599
615,60684,4.0,1408779694
615,60756,3.0,1454913932
615,60937,2.5,1473015561
615,60950,4.0,1454913855
615,62394,1.0,1473015372
615,62434,2.0,1454913845
615,63859,3.5,1454913836
615,64614,3.5,1463685771
615,64839,4.0,1408778978
615,64957,3.0,1454873874
615,64969,2.0,1454913752
615,65682,3.5,1473015332
615,66171,3.0,1455473632
615,66934,4.0,1408779709
615,68157,4.5,1408778686
615,68237,5.0,1408778902
615,68358,3.5,1408779740
615,68554,1.5,1454913867
615,68791,3.0,1454913747
615,68954,4.5,1425504608
615,69122,3.0,1454913374
615,69481,4.0,1425503866
615,69757,4.5,1454913573
615,70286,4.0,1408779649
615,70336,1.0,1473015550
615,71057,3.0,1454913907
615,71211,3.0,1408779472
615,71464,4.0,1408779807
615,71535,4.5,1408778861
615,71745,3.5,1408779910
615,72011,4.0,1463685873
615,72226,4.0,1408778967
615,72998,4.0,1454913449
615,73268,3.0,1473015326
615,73321,3.5,1454913750
615,74458,3.0,1408779333
615,76251,3.0,1408778915
615,77455,3.5,1454913833
615,78499,4.5,1425504542
615,79132,4.0,1408778644
615,79293,3.0,1454913852
615,79695,3.0,1454913900
615,79702,4.5,1408778908
615,81229,3.0,1454913830
615,81562,3.5,1454913597
615,81564,3.0,1454913863
615,81845,4.0,1454913562
615,82459,4.5,1408778810
615,82461,3.5,1454913755
615,83134,4.0,1408778864
615,84152,4.0,1425503888
615,84392,3.5,1425504555
615,84954,3.0,1454913872
615,86190,4.0,1425504561
615,86504,5.0,1454913558
615,86835,1.5,1473015329
615,87232,3.5,1473015566
615,87306,3.0,1408779733
615,87869,3.5,1454913890
615,88140,3.0,1425503895
615,89470,4.0,1408779470
615,89745,4.0,1408780636
615,90405,3.0,1454913928
615,90866,3.0,1454913850
615,90888,2.5,1473015356
615,91485,2.5,1473015558
615,91529,3.5,1408778685
615,91658,3.0,1425503890
615,91974,2.0,1473015336
615,92008,3.5,1408779468
615,92420,4.0,1408779738
615,93838,4.5,1408780021
615,93840,4.5,1408778872
615,94959,4.5,1408778510
615,95309,4.0,1408779681
615,95441,2.0,1425504567
615,95761,4.0,1408780699
615,96610,3.5,1408779672
615,96811,4.0,1408778523
615,96821,4.0,1463685887
615,97304,3.5,1408779648
615,97306,4.0,1463685831
615,99007,3.5,1408780941
615,99114,4.5,1408778568
615,100163,2.0,1473015318
615,100383,4.5,1408779299
615,100745,3.5,1408778578
615,102194,3.0,1455473677
615,102819,3.5,1408779463
615,103228,4.0,1425504558
615,103249,2.5,1473015399
615,103253,3.5,1408780551
615,103341,4.0,1408778907
615,104243,3.5,1408780790
615,104374,4.5,1408778485
615,104879,4.5,1408778512
615,104881,4.0,1408780759
615,105213,2.5,1408779150
615,105504,4.0,1408779041
615,105731,3.5,1408780840
615,105844,5.0,1408778485
615,105954,3.5,1408779123
615,106002,3.0,1408779148
615,106072,3.0,1408779126
615,106100,3.5,1408778515
615,106487,3.5,1408779049
615,106489,3.5,1408779104
615,106696,3.0,1408779072
615,106782,4.0,1408779043
615,106916,3.0,1408779068
615,106918,3.0,1408779064
615,106920,4.5,1408778473
615,107069,3.5,1408779119
615,107141,2.5,1408779050
615,107348,1.5,1408779204
615,107406,4.0,1454913599
615,108583,5.0,1425504620
615,108932,4.5,1408779056
615,108945,1.5,1408779170
615,109187,0.5,1454913681
615,109374,5.0,1408778476
615,109673,3.0,1408779173
615,109848,3.0,1408780927
615,110127,3.5,1408779162
615,110501,4.0,1408780045
615,110591,4.0,1454913486
615,110730,2.0,1408779167
615,111364,2.5,1455473628
615,111384,4.0,1408780953
615,111759,4.5,1455473620
615,111931,2.0,1408780887
615,112183,3.0,1441988803
615,112515,3.5,1457591037
615,112552,4.0,1457590911
615,112556,5.0,1425503863
615,112852,4.5,1425503912
615,115122,4.5,1463685885
615,115149,4.5,1463685829
615,115569,4.5,1425503913
615,115713,4.5,1441987490
615,119145,4.5,1454874052
615,120466,2.0,1455473662
615,122882,5.0,1441987461
615,122886,4.5,1454873889
615,122904,4.5,1455473577
615,128360,4.5,1463685695
615,134130,4.5,1454873887
615,134853,5.0,1454873781
615,139385,4.0,1457590980
615,139644,3.5,1454914061
615,152081,5.0,1473015032
616,1,4.0,860572913
616,3,3.0,860572960
616,6,3.0,860572959
616,7,3.0,860572960
616,17,3.0,860572913
616,18,4.0,860573132
616,25,4.0,860572913
616,32,3.0,860572913
616,36,4.0,860572959
616,62,3.0,860572913
616,79,3.0,860573029
616,140,4.0,860573066
616,141,3.0,860572913
616,260,5.0,860572988
616,376,4.0,860572988
616,494,3.0,860572960
616,608,4.0,860572959
616,635,3.0,860573287
616,637,3.0,860573029
616,647,4.0,860573132
616,719,3.0,860573066
616,724,3.0,860573086
616,726,3.0,860573303
616,733,4.0,860572959
616,736,4.0,860572913
616,762,3.0,860573029
616,765,4.0,860573168
616,778,3.0,860573066
616,780,4.0,860572913
616,788,4.0,860572988
616,802,4.0,860573029
616,805,4.0,860573029
616,832,5.0,860573066
616,852,4.0,860573066
616,858,4.0,860573133
616,1073,4.0,860572960
616,1183,5.0,860573168
616,1357,4.0,860573222
616,1393,4.0,860573106
616,1409,4.0,860573222
617,39,3.0,944893754
617,70,1.0,944893444
617,188,3.0,944893410
617,216,3.0,944893754
617,253,4.0,944893298
617,296,3.0,944894013
617,356,4.0,944893837
617,357,2.0,944893703
617,364,4.0,944894072
617,367,3.0,944893779
617,457,2.0,944893010
617,480,3.0,944892771
617,500,4.0,944893920
617,527,5.0,944893957
617,551,2.0,944893896
617,562,3.0,944893604
