624,2953,1.0,1117446468
624,2959,4.0,1019137594
624,2968,5.0,1019125273
624,2973,4.0,1028529865
624,2978,2.0,1019125784
624,2985,4.5,1164622139
624,2986,3.0,1019132552
624,2987,4.0,1019125273
624,2989,4.5,1092309194
624,2990,4.5,1092829543
624,2991,5.0,1019124279
624,2993,4.5,1091450158
624,2997,4.0,1039515852
624,3005,1.0,1019142393
624,3020,4.0,1019124575
624,3024,3.0,1019133161
624,3030,5.0,1019124045
624,3031,3.0,1019132044
624,3033,4.0,1019128107
624,3034,4.0,1019126674
624,3039,4.0,1019228504
624,3044,4.0,1019141327
624,3052,4.0,1058206489
624,3057,4.0,1042220824
624,3072,3.0,1019127505
624,3082,3.5,1173560585
624,3087,3.0,1019127748
624,3101,3.0,1019142324
624,3104,4.0,1019124279
624,3107,4.0,1019138711
624,3108,3.0,1019127516
624,3114,5.0,1019126661
624,3130,2.0,1019132194
624,3146,4.0,1038736356
624,3156,2.0,1019563582
624,3168,4.0,1019125259
624,3173,3.0,1019139010
624,3174,3.0,1019127614
624,3175,4.0,1019125340
624,3198,4.0,1019137809
624,3208,3.0,1019124750
624,3247,4.0,1019128431
624,3248,2.0,1019132117
624,3249,4.0,1019142353
624,3253,4.5,1092830346
624,3254,4.0,1019128372
624,3255,4.0,1019127695
624,3256,4.0,1019124365
624,3257,1.0,1019124836
624,3258,3.0,1019128734
624,3262,3.0,1019138978
624,3263,4.0,1019131482
624,3264,1.5,1059899816
624,3267,3.5,1064153466
624,3268,1.0,1028111170
624,3274,4.0,1019124481
624,3276,1.0,1052647528
624,3284,3.0,1476384001
624,3286,2.0,1038486297
624,3301,4.0,1023692566
624,3317,4.0,1054546273
624,3327,4.0,1019132624
624,3361,4.0,1019127308
624,3386,3.0,1019137698
624,3388,2.0,1019563896
624,3390,2.0,1019125722
624,3396,4.0,1164622214
624,3397,4.0,1019126875
624,3398,4.0,1092830342
624,3401,2.0,1019125648
624,3418,3.0,1019137875
624,3421,4.0,1019130925
624,3422,3.0,1019128089
624,3448,4.0,1019127559
624,3450,4.0,1019127777
624,3471,4.0,1019132949
624,3489,3.0,1019125583
624,3494,5.0,1019125369
624,3507,4.0,1019123866
624,3508,5.0,1019133316
624,3511,3.0,1040643593
624,3524,3.0,1019141834
624,3526,4.0,1019127569
624,3527,1.0,1189358111
624,3534,2.0,1040065052
624,3536,4.0,1039177544
624,3537,3.0,1019125813
624,3552,4.5,1323105296
624,3555,2.0,1039794524
624,3564,2.0,1143894549
624,3578,4.0,1019124292
624,3591,2.0,1019138595
624,3593,1.0,1173725692
624,3596,1.0,1044272089
624,3608,1.0,1028111136
624,3614,4.0,1019128089
624,3617,4.0,1033996657
624,3618,4.0,1019127727
624,3623,2.0,1019124703
624,3624,2.0,1052647614
624,3633,3.5,1091701887
624,3635,4.0,1173560529
624,3638,3.0,1173560567
624,3639,4.5,1092044346
624,3646,3.0,1178981400
624,3671,5.0,1019127174
624,3681,5.0,1019125154
624,3688,5.0,1019128536
624,3689,3.0,1164622468
624,3690,3.0,1164622491
624,3698,2.0,1019133043
624,3701,3.0,1019563464
624,3705,2.0,1019125666
624,3707,2.0,1019139031
624,3717,2.0,1178981944
624,3740,3.0,1019128386
624,3744,1.5,1057481948
624,3751,3.0,1019126687
624,3752,4.0,1023205489
624,3754,1.0,1032772474
624,3755,3.0,1019124588
624,3760,2.5,1085749829
624,3763,4.5,1164622290
624,3764,3.0,1019124939
624,3785,2.0,1034505956
624,3791,3.0,1019563833
624,3793,4.0,1019125762
624,3802,2.0,1019133161
624,3812,3.0,1043577943
624,3821,3.0,1041155796
624,3826,2.0,1038486175
624,3827,3.0,1021877820
624,3833,1.0,1035119788
624,3841,3.0,1097751894
624,3861,3.0,1028529886
624,3868,5.0,1019127430
624,3869,4.0,1032164700
624,3877,3.0,1019125044
624,3882,3.0,1038736408
624,3897,4.0,1038594345
624,3911,3.0,1040379687
624,3916,3.0,1033287500
624,3933,0.5,1191614594
624,3948,4.0,1024902820
624,3949,4.0,1296299329
624,3950,3.0,1061919692
624,3967,4.0,1041504329
624,3968,3.0,1021276640
624,3977,2.0,1023205435
624,3978,3.0,1037641774
624,3979,4.0,1023260776
624,3980,2.0,1034096623
624,3984,3.5,1173560541
624,3986,3.0,1023692589
624,3994,2.0,1025507603
624,3996,3.0,1026118147
624,4002,4.0,1019127415
624,4005,3.5,1092655873
624,4010,4.0,1019128227
624,4011,4.0,1035980807
624,4015,2.0,1036086140
624,4022,4.0,1028529781
624,4025,2.0,1056199601
624,4027,2.0,1034700847
624,4034,3.0,1019137522
624,4039,3.0,1019563504
624,4040,3.0,1019128616
624,4051,0.5,1263237066
624,4053,2.0,1064153348
624,4066,2.0,1019563932
624,4068,3.0,1046198627
624,4084,3.0,1019124686
624,4085,5.0,1019127444
624,4104,1.0,1028111115
624,4121,4.0,1019127998
624,4124,1.0,1019140763
624,4128,4.0,1164622228
624,4132,4.0,1019128804
624,4133,3.0,1019124986
624,4148,3.0,1040065117
624,4153,2.0,1068491368
624,4156,2.0,1063909113
624,4158,0.5,1074776936
624,4159,2.0,1070185956
624,4161,3.0,1052647694
624,4167,2.0,1036612424
624,4168,3.0,1066069447
624,4198,3.0,1019226921
624,4203,2.0,1019124546
624,4212,3.0,1019132407
624,4221,3.0,1019128072
624,4225,4.0,1037531806
624,4226,4.0,1026978102
624,4229,3.0,1052647653
624,4232,2.0,1045826816
624,4233,2.5,1062524267
624,4234,3.0,1046111054
624,4238,3.0,1038683557
624,4254,1.0,1049015553
624,4255,0.5,1061212887
624,4262,4.5,1367761882
624,4267,3.0,1044649729
624,4268,2.0,1041504276
624,4270,1.0,1041272707
624,4280,3.0,1019127489
624,4291,2.0,1019563464
624,4299,4.0,1049015459
624,4321,5.0,1019127641
624,4322,4.0,1019137717
624,4327,5.0,1019133301
624,4333,3.0,1019128257
624,4339,4.0,1019665475
624,4340,2.0,1084272528
624,4343,2.0,1045222339
624,4344,2.0,1045072144
624,4351,1.0,1160936767
624,4361,3.0,1019127202
624,4367,1.0,1041761553
624,4368,3.0,1041155227
624,4369,2.0,1044649616
624,4370,2.5,1054546199
624,4388,2.0,1049015662
624,4396,5.0,1019124644
624,4397,3.0,1019125022
624,4409,3.5,1089029542
624,4447,1.5,1063369190
624,4448,3.0,1053249671
624,4471,0.5,1164622587
624,4477,1.0,1028111080
624,4483,2.0,1019132117
624,4487,1.0,1157273661
624,4489,3.0,1019127850
624,4492,3.0,1019128846
624,4499,4.0,1019124005
624,4502,1.0,1028111115
624,4526,2.0,1019133189
624,4544,2.0,1019132130
624,4545,3.0,1019128484
624,4558,3.0,1019128257
624,4563,2.0,1019128718
624,4564,3.0,1019141546
624,4571,5.0,1019125322
624,4585,4.0,1019128279
624,4587,3.0,1019128600
624,4602,3.0,1019128894
624,4621,2.0,1178981891
624,4623,5.0,1019131273
624,4630,1.0,1028717134
624,4634,3.0,1028110767
624,4638,4.0,1019124789
624,4643,1.5,1054455565
624,4654,1.5,1154785482
624,4660,4.0,1019127974
624,4662,3.0,1178981173
624,4673,2.0,1019124774
624,4677,3.0,1019128521
624,4678,3.5,1178981100
624,4679,3.0,1019127943
624,4681,4.0,1019128243
624,4686,2.0,1178981559
624,4709,3.0,1019128600
624,4718,3.0,1178981442
624,4728,2.5,1059899724
624,4732,1.5,1053362146
624,4734,4.5,1055609997
624,4756,1.0,1019125749
624,4775,0.5,1183909175
624,4776,3.0,1059899914
624,4799,5.0,1019127444
624,4812,3.0,1019125648
624,4814,2.0,1074711220
624,4816,3.0,1060601459
624,4844,2.0,1061555032
624,4848,3.0,1069097404
624,4855,4.0,1019124244
624,4866,3.5,1061467606
624,4874,2.0,1019563961
624,4878,4.0,1126548392
624,4881,3.0,1061899745
624,4886,4.0,1071935179
624,4890,2.5,1064137470
624,4896,3.0,1205164753
624,4901,2.5,1053249262
624,4915,2.0,1019124822
624,4936,3.0,1074888974
624,4941,5.0,1019124675
624,4952,2.0,1178981850
624,4963,4.0,1019124380
624,4978,3.0,1080652891
624,4979,3.5,1070384303
624,4980,3.0,1019125449
624,4981,4.0,1019127669
624,4993,4.0,1041438979
624,5009,2.5,1057147888
624,5010,4.0,1074854977
624,5025,2.0,1088413319
624,5027,3.0,1019132541
624,5049,4.0,1019127415
624,5055,3.0,1171627869
624,5060,4.0,1019127145
624,5094,1.5,1079632810
624,5099,3.0,1019126914
624,5106,0.5,1158491366
624,5110,4.0,1082793481
624,5151,3.0,1080810039
624,5220,3.0,1070186007
624,5246,2.0,1178981711
624,5247,4.0,1164622121
624,5248,1.5,1178981709
624,5250,4.0,1019125920
624,5293,3.0,1083488090
624,5299,4.0,1033033106
624,5303,3.0,1019125877
624,5308,4.0,1019125869
624,5309,2.0,1019125869
624,5334,1.0,1019125851
624,5339,4.0,1019127244
624,5349,4.0,1026288001
624,5356,0.5,1261243271
624,5378,3.0,1119469511
624,5382,4.0,1021307899
624,5388,3.5,1082885201
624,5400,3.0,1030693516
624,5401,1.0,1178982196
624,5414,2.0,1027666620
624,5418,3.0,1042827236
624,5419,1.5,1072963561
624,5420,2.0,1084800144
624,5438,2.0,1028110227
624,5445,4.0,1026715888
624,5449,3.5,1084272507
624,5459,2.0,1028529803
624,5462,2.0,1071155500
624,5463,2.0,1171203561
624,5464,4.0,1034790010
624,5478,2.5,1089029593
624,5479,2.0,1086082505
624,5481,4.0,1028185558
624,5490,5.0,1028110147
624,5500,4.0,1028110163
624,5502,2.5,1076235449
624,5507,1.0,1158491351
624,5522,5.0,1029240597
624,5523,2.0,1087571213
624,5528,4.0,1143893757
624,5530,2.5,1085130850
624,5540,4.0,1029240574
624,5541,4.0,1029240574
624,5548,3.0,1029240574
624,5553,3.0,1029240574
624,5573,2.5,1106409885
624,5582,2.0,1031132337
624,5621,2.5,1091351409
624,5630,3.0,1087807823
624,5636,3.0,1110041723
624,5669,4.0,1178981006
624,5673,1.5,1123436800
624,5700,0.5,1074801350
624,5752,3.0,1074715109
624,5779,2.0,1082282242
624,5785,4.0,1093768355
624,5803,2.0,1087149734
624,5872,2.5,1173560547
624,5881,1.5,1106484042
624,5900,1.5,1127157797
624,5915,5.0,1087150869
624,5942,2.5,1268569904
624,5944,3.0,1092829876
624,5945,3.5,1094375921
624,5952,4.0,1042547681
624,5954,4.0,1105617299
624,5956,4.5,1055107857
624,5957,2.5,1110109045
624,5989,4.0,1071155545
624,6016,5.0,1313254231
624,6039,3.0,1041963284
624,6059,3.5,1100169060
624,6104,4.0,1168120566
624,6143,2.0,1143894768
624,6157,1.5,1178982323
624,6188,3.5,1098963762
624,6212,1.5,1104245150
624,6218,2.0,1059305279
624,6249,2.0,1086005209
624,6281,3.0,1104484674
624,6296,4.0,1111752338
624,6302,1.0,1054455977
624,6314,2.0,1051433057
624,6315,2.0,1049817300
624,6331,3.5,1113580318
624,6333,4.0,1053503950
624,6348,2.0,1054457691
624,6349,2.0,1054457689
624,6365,1.5,1206302799
624,6373,3.0,1104918778
624,6375,5.0,1071935208
624,6377,3.5,1104061834
624,6378,3.0,1066204686
624,6410,3.0,1054457536
624,6424,1.0,1054457487
624,6427,4.0,1082282303
624,6428,3.0,1054457422
624,6476,3.0,1064154633
624,6503,1.0,1105009312
624,6514,0.5,1262200449
624,6534,1.0,1079084740
624,6537,1.5,1175972047
624,6539,3.5,1066291868
624,6541,1.5,1143894028
624,6550,2.0,1098963715
624,6564,1.5,1107689602
624,6582,2.0,1190622002
624,6595,1.5,1063909065
624,6618,4.0,1166303478
624,6645,2.5,1064154408
624,6658,3.5,1064154385
624,6659,2.5,1064154371
624,6662,4.0,1064154376
624,6663,3.0,1064154379
624,6708,3.5,1121590454
624,6711,3.5,1117446460
624,6760,3.0,1405887477
624,6764,2.5,1121515014
624,6798,3.0,1064153909
624,6807,3.0,1066069801
624,6812,2.5,1066069810
624,6814,3.0,1066069812
624,6862,3.5,1065030178
624,6863,4.0,1123436756
624,6874,4.0,1067427681
624,6888,1.5,1124010443
624,6893,4.5,1066069477
624,6936,3.5,1388070781
624,6944,3.5,1074424277
624,6947,3.0,1113128608
624,6957,4.0,1229376515
624,6979,3.0,1074423739
624,6993,4.0,1074420683
624,6996,1.5,1074423673
624,7000,2.0,1074423579
624,7007,3.5,1074423573
624,7016,1.0,1178980613
624,7036,2.5,1074423460
624,7046,3.0,1074423410
624,7076,4.0,1074423312
624,7084,3.0,1143894736
624,7091,4.5,1074423252
624,7101,3.0,1074423259
624,7102,2.5,1074423256
624,7104,2.0,1074423194
624,7132,5.0,1143894362
624,7137,4.0,1157300800
624,7143,4.0,1111924609
624,7150,3.5,1125857591
624,7153,4.5,1074121330
624,7173,2.5,1137926409
624,7245,1.0,1263060377
624,7247,5.0,1074422250
624,7257,2.0,1119778206
624,7258,1.5,1328987046
624,7319,3.0,1145127030
624,7325,3.0,1137926432
624,7372,3.0,1082793500
624,7373,3.0,1359988244
624,7438,3.5,1083742391
624,7454,2.0,1084951203
624,7458,3.0,1143893844
624,7569,3.0,1173560543
624,7570,2.5,1173560573
624,7573,2.5,1173560570
624,7706,4.5,1097752197
624,7757,4.0,1168120709
624,7894,4.5,1087722064
624,7895,3.5,1358694176
624,8136,0.5,1262267722
624,8137,0.5,1221415770
624,8138,0.5,1101557729
624,8169,2.5,1087571812
624,8290,0.5,1087571692
624,8361,2.0,1086005141
624,8376,3.0,1227300647
624,8387,1.5,1087571564
624,8447,1.0,1087150729
624,8464,3.5,1122228632
624,8493,3.0,1087150615
624,8526,1.5,1127643384
624,8528,4.0,1139138166
624,8529,3.0,1140952575
624,8542,5.0,1087571380
624,8596,3.0,1088862829
624,8614,2.0,1088862670
624,8622,3.5,1111503792
624,8623,3.5,1143894336
624,8633,3.0,1088862483
624,8636,5.0,1089029480
624,8641,4.0,1103897903
624,8644,3.0,1154957003
624,8665,3.5,1091273400
624,8743,2.5,1091720265
624,8781,3.5,1103897760
624,8784,3.5,1144263537
624,8798,3.0,1151348983
624,8807,3.0,1289220292
624,8865,3.5,1095688150
624,8874,4.0,1118566433
624,8879,3.5,1099048295
624,8880,2.0,1178981879
624,8910,3.5,1146503208
624,8917,4.5,1149412996
624,8947,2.0,1163440367
624,8949,4.0,1346003978
624,8957,2.5,1224341045
624,8961,4.5,1148466855
624,8972,2.0,1210007903
624,8983,4.0,1145042155
624,8984,1.5,1154868241
624,26133,3.5,1224340974
624,26152,3.0,1136651990
624,26386,3.5,1136651983
624,26409,1.0,1263728519
624,26464,3.0,1171203513
624,26700,2.5,1182417809
624,26750,3.0,1177618482
624,26870,2.0,1136651997
624,27478,3.5,1260727330
624,27831,3.5,1182417918
624,27904,3.5,1214056192
624,30707,4.5,1425842922
624,30793,3.0,1293386484
624,30810,3.0,1151348999
624,30812,4.0,1145298010
624,30825,2.5,1183206154
624,31000,2.5,1104245514
624,32019,2.0,1152437420
624,32031,3.5,1154202643
624,32291,2.5,1234381331
624,32587,4.0,1120075344
624,33004,3.0,1149412972
624,33166,4.0,1205147908
624,33493,3.5,1119469509
624,33615,4.0,1230326215
624,33679,2.0,1168196708
624,33794,3.5,1119106052
624,33830,2.0,1261909117
624,34018,3.0,1171203494
624,34048,3.0,1164491787
624,34150,2.0,1160317577
624,34162,4.0,1159096044
624,34520,2.0,1162131898
624,34542,3.5,1239464894
624,35836,4.0,1148466824
624,36401,3.0,1332087753
624,36708,4.5,1160317629
624,37211,3.0,1171203485
624,37386,1.0,1176028700
624,37727,2.0,1312122143
624,38038,3.5,1293908134
624,38061,4.5,1205700017
624,39183,3.0,1171748674
624,39444,3.0,1184426926
624,40278,3.5,1169333691
624,41566,3.5,1261691062
624,41569,4.0,1148466801
624,43558,2.0,1338652131
624,43871,1.5,1166824406
624,44191,3.0,1183289054
624,44665,3.5,1144951458
624,45062,2.0,1232228520
624,45186,2.5,1146931490
624,45221,2.0,1269179392
624,45431,3.0,1261691072
624,45447,2.0,1185655622
624,45499,3.5,1149709081
624,45517,3.0,1215636437
624,45666,2.0,1200170816
624,45722,2.5,1179061367
624,45728,5.0,1158950611
624,46062,3.5,1223742855
624,46530,2.5,1189284657
624,46578,4.0,1406660764
624,46970,2.0,1192085518
624,46972,3.0,1199735040
624,46974,2.0,1252187976
624,47044,1.5,1180296227
624,47640,2.5,1191104574
624,47810,1.0,1180460260
624,47950,3.0,1205597681
624,48262,4.0,1205154152
624,48322,4.0,1206877207
624,48385,4.0,1199222485
624,48516,4.0,1192374218
624,48783,4.0,1202674166
624,49220,2.5,1205610364
624,49272,4.5,1168196899
624,49278,3.0,1202594209
624,49530,3.0,1205618429
624,49649,1.0,1192302220
624,49688,4.0,1226505232
624,49822,3.0,1205014676
624,50005,2.5,1205959513
624,50064,3.0,1218827311
624,50068,4.0,1172235963
624,50601,1.5,1231536791
624,50792,2.5,1211142711
624,50872,3.0,1325961893
624,51255,4.5,1177618474
624,51412,1.0,1199121390
624,51540,4.0,1234700472
624,51662,3.0,1196096451
624,52245,3.0,1209924436
624,52722,3.0,1178305601
624,52730,2.5,1232207756
624,52975,3.5,1183072734
624,53125,2.0,1179784344
624,53322,3.0,1218574183
624,53464,1.5,1200155399
624,53996,2.0,1200758109
624,54272,4.0,1198524288
624,54286,3.5,1198524298
624,54503,3.5,1227390691
624,54997,4.0,1209924449
624,55250,2.0,1292688589
624,55294,2.5,1311527441
624,55765,4.0,1223742872
624,55768,3.5,1234617873
624,55830,3.0,1261996702
624,55995,2.0,1215875639
624,56174,3.0,1232207806
624,56251,3.0,1262543180
624,57368,2.0,1229198927
624,57640,3.0,1374940238
624,57669,4.0,1261909103
624,58025,1.5,1262258700
624,58156,3.0,1262517028
624,58351,4.0,1408799638
624,58559,3.5,1232881338
624,58803,4.0,1262337884
624,59315,4.0,1274020860
624,59369,2.5,1476562414
624,59615,2.0,1230847506
624,59784,3.0,1248638757
624,59900,2.0,1262200436
624,60040,2.5,1243238059
624,60069,2.5,1293908110
624,60072,2.0,1242564720
624,60074,2.0,1252866333
624,60126,3.0,1257528802
624,60161,3.0,1262543188
624,60487,3.0,1224340978
624,60756,3.0,1262290001
624,60950,3.0,1290872729
624,61123,2.0,1223742842
624,61132,3.5,1254335419
624,61289,2.5,1309461632
624,61352,3.5,1314445026
624,62434,4.5,1226505092
624,62849,3.0,1262433902
624,62956,3.0,1262543184
624,62999,3.5,1261909136
624,63113,3.5,1231681819
624,63131,3.0,1261909094
624,63393,1.0,1230396701
624,64285,3.5,1293908132
624,64839,4.0,1290877044
624,64969,3.5,1261258589
624,64983,3.5,1264947081
624,65133,3.0,1231537081
624,65135,3.0,1232207748
624,66297,3.0,1262543185
624,66785,4.0,1291482540
624,67255,4.0,1356808249
624,67361,2.0,1317148553
624,67408,3.5,1278848449
624,67695,2.0,1294072975
624,67734,3.5,1311517164
624,68157,3.5,1279364152
624,68319,2.5,1288018890
624,68358,3.5,1259155084
624,68554,2.0,1322404945
624,68659,3.0,1297715970
624,68793,3.0,1259155095
624,68954,3.0,1323022889
624,69069,3.0,1312122155
624,69118,1.5,1314616111
624,69122,3.0,1285449098
624,69306,2.5,1291738010
624,69481,4.0,1364559000
624,69526,1.0,1289837015
624,69604,3.0,1256322001
624,69640,3.0,1289145810
624,69757,2.5,1325520450
624,69784,3.0,1276341252
624,69951,3.5,1314564585
624,70286,3.5,1288640726
624,70545,2.0,1309892195
624,70565,2.5,1291653638
624,70984,3.5,1317496659
624,71033,4.0,1324744291
624,71211,3.0,1292088078
624,71248,3.0,1324315002
624,71464,3.0,1313949654
624,71466,4.0,1312658574
624,71518,3.0,1328551831
624,71520,3.0,1284236888
624,71530,1.5,1319885998
624,71535,4.0,1290891795
624,71732,1.5,1318679257
624,71823,2.5,1328962391
624,72011,3.0,1321712791
624,72224,1.0,1311102175
624,72378,1.5,1291399456
624,72405,2.0,1444058854
624,72694,2.0,1315003118
624,72998,3.0,1311011549
624,73015,2.0,1328979270
624,73017,4.0,1310216014
624,73266,3.0,1309892157
624,73321,3.5,1317496647
624,73323,3.5,1356808318
624,73386,1.5,1312049946
624,74458,4.0,1311444922
624,74510,3.5,1356808252
624,74532,1.5,1306009221
624,74789,3.0,1293886761
624,74795,3.0,1312638561
624,74916,2.0,1328470996
624,75803,1.5,1329074250
624,75805,2.0,1328471152
624,75816,2.0,1340478819
624,76077,2.0,1306781262
624,76175,1.0,1308418362
624,76251,4.0,1305405174
624,77191,2.5,1309605307
624,77421,2.5,1320489018
624,77561,3.0,1308502687
624,77866,2.0,1311505084
624,78034,3.5,1320594057
624,78041,1.5,1310215995
624,78105,1.0,1310497290
624,78116,3.5,1313949876
624,78467,2.0,1315467254
624,78469,2.5,1310153678
624,78499,5.0,1293654824
624,78893,1.0,1315753825
624,79132,4.0,1316888022
624,79134,3.5,1327255410
624,79185,1.0,1314458431
624,79224,1.0,1321202997
624,79242,3.0,1328375812
624,79259,2.5,1345837301
624,79293,1.5,1310238823
624,79428,1.5,1311505062
624,79590,2.5,1346527752
624,79592,2.0,1315154579
624,79702,3.0,1310228058
624,79879,3.0,1345980025
624,79946,3.5,1310066785
624,80126,2.5,1323638811
624,80219,4.0,1322927917
624,80241,2.5,1322333467
624,80463,4.0,1316888101
624,80489,4.0,1318095629
624,80549,2.0,1321720454
624,80590,2.0,1322329754
624,80693,4.5,1329575519
624,80727,2.5,1325420433
624,80864,3.5,1335116204
624,81156,4.0,1306762590
624,81537,1.5,1322942446
624,81564,3.5,1324744251
624,81591,3.5,1325533270
624,81782,3.0,1302714531
624,81784,2.5,1325367521
624,81845,4.5,1328370855
624,81932,4.0,1323097089
624,81949,3.0,1314564596
624,82093,1.5,1328371086
624,82095,0.5,1322404967
624,82202,1.5,1325083670
624,82378,2.5,1384621717
624,82459,4.0,1327257756
624,82461,2.0,1314387349
624,82499,2.5,1338743542
624,82527,4.0,1325083025
624,82852,2.0,1324218176
624,82854,1.5,1327259661
624,83177,2.0,1333998886
624,83349,2.0,1329060255
624,83374,3.5,1323114261
624,83613,1.5,1348347405
624,83910,2.5,1325096888
624,84152,3.0,1329590016
624,84374,2.0,1346521626
624,84392,3.0,1336227603
624,84615,2.5,1335702885
624,84696,4.0,1316201594
624,84772,3.0,1328542457
624,84944,4.0,1329575435
624,84950,2.5,1338824816
624,84954,3.5,1332595368
624,85022,3.0,1339331562
624,85025,2.0,1338657549
624,85056,2.5,1322927898
624,85131,1.0,1335706779
624,85367,2.0,1334515088
624,85399,1.0,1338652134
624,85401,2.0,1335719753
624,85510,2.0,1340560807
624,85774,4.5,1338824711
624,85881,3.5,1352038070
624,86028,2.0,1332090711
624,86142,3.0,1342380490
624,86190,3.5,1338720202
624,86293,2.0,1342280329
624,86298,2.0,1341165882
624,86332,2.5,1339338836
624,86548,3.5,1340537139
624,86593,2.5,1349117163
624,86833,4.0,1342352504
624,86880,1.5,1333998916
624,86882,3.5,1358793434
624,86911,3.0,1306601361
624,87222,3.0,1339331309
624,87232,4.0,1347303112
624,87298,3.0,1342211700
624,87306,3.0,1341321041
624,87430,1.5,1308418333
624,87444,1.5,1316261764
624,87483,2.0,1346610995
624,87485,1.5,1341142100
624,87520,0.5,1309285921
624,87529,1.5,1338827195
624,87785,2.0,1316371475
624,87869,3.0,1356510643
624,87876,3.0,1340478836
624,88140,3.0,1341142078
624,88163,3.5,1358608911
624,88356,2.0,1341260290
624,88405,2.5,1348167893
624,88672,3.0,1403449194
624,88744,2.5,1351976991
624,88785,2.0,1348777053
624,88812,2.5,1340537120
624,89087,2.0,1350761819
624,89305,4.0,1472497292
624,89343,3.0,1437765410
624,89388,1.5,1355602518
624,89427,1.5,1354367391
624,89470,4.0,1318450117
624,89492,4.0,1355584097
624,89745,3.5,1368209995
624,89840,1.5,1350834941
624,89904,4.0,1367695291
624,90249,2.5,1348917778
624,90343,2.5,1345574423
624,90374,3.0,1362238078
624,90439,3.0,1368990175
624,90522,2.0,1356205855
624,90717,3.0,1357041435
624,90719,2.5,1364138940
624,90738,1.5,1373743906
624,90746,3.5,1359491177
624,90866,4.0,1359284029
624,90890,2.0,1358614782
624,91077,4.5,1359307126
624,91094,3.5,1357071568
624,91126,3.5,1357403679
624,91128,3.0,1356880002
624,91273,1.5,1347100087
624,91323,1.5,1357893762
624,91325,2.0,1328370503
624,91470,1.5,1412446645
624,91529,3.5,1342728332
624,91535,2.0,1377951757
624,91542,2.5,1359988215
624,91628,2.0,1394377404
624,91630,2.5,1359301585
624,91653,4.0,1369680698
624,91658,4.0,1356194044
624,91688,1.5,1373227853
624,91842,2.0,1366485592
624,91873,1.5,1371302167
624,91935,2.5,1355595506
624,91976,1.0,1364052723
624,92008,2.5,1356729800
624,92048,2.5,1348315049
624,92198,2.0,1350245861
624,92264,1.0,1367060712
624,92420,3.5,1364590802
624,92439,2.0,1351539673
624,92507,2.5,1359218818
624,92665,2.5,1382815064
624,93242,1.5,1371925097
624,93270,1.5,1359231612
624,93287,3.0,1357029139
624,93326,2.0,1362231181
624,93363,2.0,1369596924
624,93510,4.5,1334514953
624,93563,1.5,1367780373
624,93766,1.5,1378653084
624,93980,1.5,1387886171
624,93982,2.0,1369660878
624,94011,1.5,1433704205
624,94018,1.0,1368282328
624,94070,2.5,1361039399
624,94266,2.5,1372006763
624,94323,2.0,1369655625
624,94478,2.0,1377963360
624,94494,2.5,1397303036
624,94672,2.0,1347105028
624,94677,3.5,1359992764
624,94777,2.5,1338145121
624,94780,2.0,1371983752
624,94833,3.5,1361119355
624,94864,2.5,1374940194
624,94896,3.0,1400437446
624,94919,2.5,1346065679
624,94953,2.0,1364126046
624,94959,3.5,1367699194
624,95067,2.5,1359200781
624,95105,2.5,1374356300
624,95167,3.0,1370110263
624,95201,3.0,1375631165
624,95207,2.0,1377289915
624,95307,2.0,1371309742
624,95441,4.0,1353855417
624,95508,3.5,1364059114
624,95510,3.5,1342380479
624,95583,2.5,1383479112
624,95720,2.0,1381672365
624,95744,2.5,1374873073
624,95875,1.5,1375631183
624,96079,4.0,1361711769
624,96110,4.0,1348315017
624,96114,2.0,1377516263
624,96281,3.0,1378584502
624,96417,2.0,1374399916
624,96448,1.5,1373199417
624,96530,2.5,1392570740
624,96588,3.0,1472411722
624,96616,1.5,1376847471
624,96726,1.5,1378554396
624,96737,2.0,1382793786
624,96861,1.0,1348777036
624,97225,2.5,1381666482
624,97304,4.0,1388597590
624,97328,3.0,1353855482
624,97470,1.5,1433704214
624,97742,1.5,1388835576
624,97752,3.0,1392467584
624,97836,2.5,1387055788
624,97858,2.0,1387894354
624,97860,2.5,1384612498
624,97870,4.0,1399232826
624,97913,3.5,1394385374
624,97921,4.0,1388249677
624,97923,3.5,1388565429
624,97936,3.0,1387643304
624,97938,3.0,1386269567
624,98154,3.5,1399742901
624,98160,1.5,1398082810
624,98175,1.5,1384016631
624,98230,3.5,1377355019
624,98243,2.5,1384026816
624,98279,3.0,1371921150
624,98296,1.5,1367270204
624,98585,3.0,1398539219
624,98809,2.5,1451566774
624,98836,2.0,1393782241
624,98908,1.5,1369655614
624,98961,4.0,1393149574
624,99005,1.5,1396094584
624,99106,2.5,1391960604
624,99112,2.5,1377355043
624,99114,3.0,1356183614
624,99117,2.0,1393156808
624,99415,2.0,1395502530
624,99574,3.0,1411853981
624,99728,2.5,1391943738
624,99846,3.0,1361017948
624,99992,3.0,1374953846
624,100226,1.5,1396794908
624,100304,3.0,1391975427
624,100326,2.5,1401914096
624,100390,1.5,1394367924
624,100487,2.0,1392480189
624,100498,1.5,1395514136
624,101025,2.5,1399469265
624,101283,2.5,1394918217
624,101360,1.5,1415532900
624,101415,1.5,1377355598
624,101529,2.0,1401540479
624,101577,1.0,1399147624
624,101612,2.0,1408818164
624,101864,2.0,1400416461
624,101884,1.5,1378633987
624,101895,4.0,1409509515
624,102033,3.0,1408300457
624,102123,4.0,1401540496
624,102125,3.0,1380312379
