649,44,4.0,834424947
649,45,3.0,834425077
649,50,4.0,834424836
649,58,4.0,834425077
649,112,3.0,834425102
649,141,3.0,834424931
649,150,4.0,834424671
649,151,3.0,834424903
649,153,4.0,834424696
649,160,1.0,834424854
649,161,4.0,834424744
649,165,3.0,834424696
649,172,3.0,834424930
649,186,2.0,834424903
649,196,2.0,834424884
649,198,2.0,834425160
649,208,1.0,834424768
649,218,3.0,834425029
649,223,4.0,834424973
649,235,3.0,834424903
649,236,4.0,834424868
649,247,3.0,834425209
649,249,3.0,834425125
649,252,3.0,834424884
649,261,5.0,834424930
649,265,5.0,834424931
649,266,3.0,834424836
649,272,4.0,834424995
649,282,3.0,834424869
649,288,5.0,834424768
649,293,4.0,834424917
649,296,5.0,834424671
649,307,4.0,834425181
649,316,1.0,834424723
649,317,3.0,834424805
649,319,4.0,834425125
649,327,3.0,834425102
649,329,2.0,834424723
649,333,4.0,834424960
649,339,4.0,834424744
649,344,5.0,834424696
649,349,3.0,834424696
649,350,5.0,834424985
649,353,3.0,834425046
649,356,3.0,834424985
649,357,3.0,834425091
649,364,3.0,834424884
649,368,3.0,834425249
649,371,4.0,834425221
649,377,4.0,834425046
649,380,3.0,834424671
649,417,3.0,834425221
649,434,4.0,834424744
649,440,4.0,834424947
649,454,4.0,834424884
649,457,4.0,834424789
649,468,3.0,834425004
649,471,3.0,834425145
649,474,5.0,834425160
649,477,5.0,834425091
649,480,4.0,834425016
649,491,4.0,834425192
649,497,4.0,834425221
649,500,3.0,834425091
649,508,4.0,834425192
649,509,5.0,834424985
649,520,3.0,834425455
649,527,4.0,834425066
649,531,4.0,834425281
649,539,3.0,834425125
649,551,3.0,834425016
649,555,3.0,834424947
649,586,3.0,834425160
649,587,3.0,834425145
649,588,3.0,834424696
649,589,4.0,834425029
649,590,3.0,834424671
649,592,4.0,834424671
649,593,5.0,834424789
649,595,3.0,834424723
649,597,4.0,834425135
649,608,5.0,834425016
649,648,3.0,834425230
650,3,3.0,844883753
650,4,1.0,844883753
650,5,3.0,844883711
650,10,4.0,844883616
650,11,5.0,844883616
650,15,2.0,844883798
650,17,4.0,844883654
650,32,3.0,844883616
650,36,5.0,844883683
650,42,1.0,844883925
650,45,3.0,844883711
650,62,5.0,844883683
650,76,3.0,844883925
650,79,3.0,844883822
650,86,5.0,844884124
650,89,4.0,844883864
650,92,3.0,844884000
650,95,4.0,844883654
650,105,3.0,844883711
650,140,4.0,844883843
650,141,1.0,844883654
650,191,4.0,844883843
650,494,4.0,844883726
650,637,3.0,844883864
650,694,4.0,844884074
650,704,1.0,844884020
650,707,2.0,844883941
650,736,4.0,844883654
650,780,5.0,844883683
651,260,5.0,945030304
651,318,4.0,945031247
651,381,3.0,945029770
651,765,2.0,945030790
651,919,3.0,945030304
651,1196,5.0,945031162
651,1197,5.0,945029770
651,1198,5.0,945030334
651,1250,4.0,945030304
651,1268,3.0,945031033
651,1270,4.0,945029725
651,1387,4.0,945031374
651,1513,4.0,945030790
651,1907,5.0,945029695
651,1923,3.0,945029904
651,1954,5.0,945031470
651,2028,4.0,945031219
651,2145,3.0,945029695
651,2416,4.0,945029904
651,2671,3.0,945029904
652,22,4.0,1439584210
652,24,5.0,1322813211
652,71,4.0,1439581733
652,94,4.0,1439585348
652,125,4.0,1439589051
652,140,4.0,1439584906
652,179,4.0,1440271840
652,185,4.0,1439583878
652,194,4.0,1439584823
652,223,4.0,1439584038
652,293,4.0,1439486552
652,299,4.0,1440028872
652,316,5.0,1439489896
652,319,4.0,1439584570
652,338,4.0,1439585068
652,339,4.0,1439583904
652,358,4.0,1440270441
652,377,4.0,1439489490
652,378,4.0,1440270420
652,388,4.0,1440029042
652,422,3.5,1440271647
652,442,4.0,1439492048
652,477,4.0,1439585232
652,494,4.5,1447364733
652,539,4.0,1442692427
652,550,5.0,1440269836
652,588,4.0,1439489918
652,592,4.0,1442692543
652,597,3.5,1439583820
652,627,4.0,1440271139
652,628,4.0,1439584168
652,708,4.0,1439584086
652,719,4.0,1322812264
652,780,5.0,1439489966
652,984,4.0,1439586161
652,988,4.5,1440273288
652,998,4.0,1440272460
652,1046,4.0,1442691494
652,1064,4.0,1440270019
652,1197,4.0,1442692438
652,1265,4.0,1439583823
652,1377,5.0,1439490547
652,1497,3.0,1439581777
652,1527,5.0,1439486571
652,1562,4.0,1439580116
652,1573,3.5,1439490039
652,1586,3.5,1439584574
652,1603,4.0,1440270050
652,1612,5.0,1442690774
652,1653,4.0,1439585922
652,1678,4.0,1439585040
652,1748,4.0,1442691503
652,1767,4.0,1442084902
652,1845,5.0,1439589294
652,1885,4.0,1440269649
652,1903,5.0,1439586120
652,1907,4.0,1439584547
652,1961,4.0,1439493382
652,2001,3.5,1439489537
652,2011,4.0,1439584062
652,2029,5.0,1439586255
652,2058,4.0,1326149512
652,2081,4.0,1439584109
652,2092,3.5,1440271108
652,2094,5.0,1439581090
652,2096,4.0,1440269017
652,2100,5.0,1439581086
652,2115,4.0,1442694300
652,2133,5.0,1439586746
652,2247,3.5,1440270472
652,2264,4.0,1440272926
652,2268,4.0,1439493384
652,2273,4.0,1439489571
652,2318,4.0,1439585255
652,2340,4.0,1440269519
652,2374,3.5,1440271398
652,2390,3.5,1440270353
652,2405,4.5,1322811942
652,2424,4.0,1439584163
652,2443,4.5,1440271826
652,2468,4.0,1440270097
652,2469,4.0,1440269763
652,2491,4.0,1440272335
652,2502,4.0,1439584052
652,2545,5.0,1439586283
652,2549,4.0,1439580452
652,2600,5.0,1439584894
652,2607,5.0,1439488179
652,2626,5.0,1439586307
652,2671,3.5,1439584131
652,2672,4.0,1439585340
652,2690,5.0,1439589086
652,2721,5.0,1439487885
652,2797,5.0,1439587361
652,2864,3.0,1451789942
652,2887,4.0,1439581759
652,2997,4.0,1439583857
652,3004,4.0,1440271210
652,3044,4.0,1322812476
652,3087,4.0,1322812422
652,3104,4.0,1440269528
652,3213,4.0,1440027747
652,3252,5.0,1439490330
652,3264,4.0,1439584966
652,3270,4.0,1440271439
652,3282,4.0,1442084000
652,3408,4.0,1439584078
652,3418,4.0,1439586050
652,3453,4.0,1439581842
652,3457,5.0,1440272991
652,3466,4.5,1440272001
652,3512,4.0,1440267003
652,3575,5.0,1449535091
652,3793,4.0,1439489542
652,3825,4.0,1439585312
652,3914,5.0,1439586299
652,3952,5.0,1439587510
652,4006,5.0,1440270028
652,4014,4.0,1439584250
652,4054,4.5,1440266964
652,4085,4.0,1439486623
652,4090,5.0,1439587348
652,4116,4.0,1440273522
652,4121,4.0,1442693746
652,4132,4.5,1440271172
652,4141,4.0,1447366672
652,4223,4.0,1439581986
652,4246,4.0,1439584153
652,4342,5.0,1440029079
652,4372,4.0,1440265818
652,4496,4.0,1440273038
652,4545,4.0,1440269827
652,4616,5.0,1439589243
652,4673,3.5,1439580345
652,4722,5.0,1439586240
652,4724,5.0,1442084916
652,4929,4.0,1440272625
652,5064,4.0,1439581981
652,5106,4.5,1440272217
652,5229,5.0,1442083277
652,5264,5.0,1439587442
652,5271,4.0,1447791242
652,5349,4.0,1439489897
652,5377,5.0,1439584403
652,5530,4.0,1440265823
652,5812,4.0,1440265513
652,6033,5.0,1439586809
652,6059,5.0,1440265362
652,6060,4.0,1440273293
652,6294,4.0,1440265712
652,6295,4.0,1442083823
652,6333,3.5,1439489461
652,6341,4.0,1439586128
652,6342,5.0,1442083245
652,6367,4.0,1440265671
652,6369,5.0,1442083304
652,6762,4.0,1442085456
652,6769,5.0,1442082519
652,6770,5.0,1439589129
652,6881,4.0,1440265884
652,6966,4.5,1440271768
652,7036,3.5,1440271954
652,7260,5.0,1440029050
652,7380,4.0,1440272069
652,7625,4.0,1442084290
652,7627,4.5,1449535341
652,7782,4.0,1439581641
652,8256,4.0,1442693293
652,8453,4.0,1442083596
652,8533,4.0,1439585307
652,8636,3.5,1439490169
652,8699,5.0,1439587538
652,8969,5.0,1440265465
652,8972,4.5,1439490287
652,8981,4.0,1439490693
652,26791,5.0,1439588577
652,26843,5.0,1440269953
652,26854,4.0,1442085190
652,27700,5.0,1440273163
652,27826,5.0,1442690765
652,31408,4.0,1442085302
652,36527,4.0,1440272274
652,45732,4.0,1440272039
652,49286,4.0,1440265591
652,49957,4.0,1442085420
652,53138,4.0,1439495707
652,54251,5.0,1439586346
652,55451,5.0,1439493339
652,56775,4.0,1440270458
652,57669,4.0,1439584921
652,59549,5.0,1439487924
652,60086,4.0,1439587482
652,63876,4.0,1440027546
652,63992,4.0,1440267021
652,68835,4.5,1442082655
652,69495,3.0,1442085805
652,69805,4.0,1439495757
652,70762,5.0,1439587524
652,72947,4.0,1439587026
652,79163,4.0,1442083900
652,80584,4.5,1442085352
652,81229,4.0,1439489458
652,82608,5.0,1442083346
652,84152,3.0,1457366141
652,84414,5.0,1439492987
652,87232,4.0,1439486541
652,89745,5.0,1439486598
652,89870,4.5,1442083045
652,91199,3.5,1439487912
652,92613,4.0,1442084526
652,92966,4.0,1442084378
652,94323,4.0,1442084939
652,95873,4.0,1439586144
652,98933,5.0,1442084707
652,99609,4.5,1442084857
652,99615,4.0,1439587013
652,100017,3.0,1451789068
652,101415,4.0,1449535463
652,102125,4.0,1439489527
652,103731,5.0,1439586954
652,104374,4.0,1439582045
652,106417,3.0,1439488190
652,107083,5.0,1440027165
652,108551,3.0,1439488240
652,108795,4.0,1442082700
652,109183,4.0,1442085294
652,109359,4.0,1439488287
652,110058,3.0,1439491845
652,110781,4.0,1442084222
652,111362,4.0,1439486562
652,111759,3.0,1457366129
652,113862,3.5,1447364705
652,115713,4.0,1439486716
652,116660,4.0,1442085327
652,116855,4.0,1439487852
652,119145,3.5,1439579477
652,122892,3.5,1447808069
652,127728,5.0,1439586990
652,129009,4.0,1442690827
652,130522,5.0,1439587388
652,130628,4.0,1439488075
652,130960,3.5,1442085539
652,135264,4.0,1442696431
652,135266,4.0,1442696469
652,135268,4.0,1442696465
652,137403,3.5,1442082603
652,140739,5.0,1439585580
652,140741,5.0,1439585771
652,140743,5.0,1439586481
652,140745,5.0,1439586605
652,140747,5.0,1439586664
652,140749,5.0,1439586708
652,140751,5.0,1439586931
652,140753,4.0,1439587070
652,140755,5.0,1439587113
652,140757,4.0,1439587156
652,140759,5.0,1439587219
652,140761,5.0,1439587262
652,140763,5.0,1439587331
652,140880,4.0,1440029031
652,141124,5.0,1440273477
652,142068,5.0,1442690431
652,142240,5.0,1442691006
652,146443,3.0,1451790739
652,146501,2.5,1449533204
652,146604,3.0,1449533506
652,147037,5.0,1447808622
653,1,4.0,948160430
653,19,3.0,948160498
653,34,4.0,948160595
653,39,5.0,948161400
653,150,4.0,948160595
653,216,5.0,948160832
653,261,5.0,948160944
653,356,5.0,948161010
653,364,5.0,948160561
653,440,4.0,948161152
653,457,4.0,948160832
653,500,4.0,948160992
653,539,4.0,948161301
653,569,3.0,948160666
653,575,4.0,948160482
653,588,5.0,948160926
653,590,4.0,948160610
653,595,5.0,948160498
653,688,3.0,948161440
653,720,5.0,948160316
653,801,3.0,948158771
653,838,4.0,948160543
653,986,4.0,948160543
653,1015,4.0,948160748
653,1042,5.0,948161400
653,1097,4.0,948158467
653,1197,5.0,948158779
653,1367,3.0,948161182
653,1517,5.0,948161010
653,1580,5.0,948161400
653,1653,4.0,948160430
653,1682,5.0,948161182
653,1721,3.0,948158439
653,1805,1.0,948158439
653,1848,3.0,948160790
653,2036,3.0,948158771
653,2083,3.0,948161066
653,2103,3.0,948161066
653,2125,5.0,948161425
653,2687,4.0,948160561
653,2762,5.0,948160511
653,2978,3.0,948159690
653,3004,3.0,948158942
653,3051,5.0,948159188
653,3082,4.0,948159373
653,3114,5.0,948158942
653,3156,5.0,948158942
653,3157,3.0,948159373
653,3173,1.0,948158942
653,3176,4.0,948159125
653,3185,5.0,948159624
654,1,5.0,1145390085
654,2,3.0,1145389613
654,5,4.0,1145392131
654,10,4.0,1145391869
654,11,4.5,1145391997
654,15,2.0,1145389919
654,17,4.5,1145391936
654,19,4.5,1145392014
654,24,4.5,1145392651
654,32,5.0,1145390343
654,34,4.5,1145389461
654,36,4.5,1145391943
654,47,4.5,1145390374
654,48,2.0,1145392232
654,50,5.0,1145390204
654,60,3.5,1145393087
654,62,4.5,1145391949
654,70,3.5,1145392363
654,94,4.0,1145393671
654,104,4.5,1145389608
654,105,4.0,1145392423
654,107,4.0,1145393093
654,110,4.5,1145390184
654,112,4.0,1145392148
654,141,4.0,1145391918
654,150,5.0,1145390280
654,153,3.5,1145391820
654,158,4.0,1145392249
654,161,4.5,1145391894
654,165,4.0,1145391816
654,172,4.0,1145392235
654,180,4.0,1145392768
654,186,3.5,1145392276
654,193,1.0,1145392817
654,208,2.5,1145391900
654,223,5.0,1145389599
654,225,4.5,1145392128
654,231,4.0,1145391855
654,235,4.5,1145389372
654,236,4.0,1145392195
654,252,3.5,1145392380
654,253,4.0,1145391897
654,256,3.0,1145392546
654,260,5.0,1145390107
654,262,5.0,1145393962
654,292,4.5,1145391872
654,293,4.5,1145390293
654,296,5.0,1145390861
654,316,4.0,1145391826
654,317,4.0,1145392052
654,318,5.0,1145390159
654,319,4.0,1145392831
654,329,4.0,1145391848
654,337,4.0,1145392049
654,339,4.0,1145391922
654,344,4.5,1145391813
654,349,4.0,1145391824
654,350,4.0,1145389340
654,356,4.0,1145390555
654,364,5.0,1145390453
654,366,4.0,1145394447
654,367,4.5,1145391866
654,368,3.5,1145389298
654,370,4.0,1145392143
654,372,4.5,1145392677
654,376,4.0,1145392176
654,377,4.0,1145391807
654,380,4.0,1145391796
654,410,4.0,1145392006
654,415,4.5,1145394022
654,434,4.0,1145391885
654,440,4.0,1145391964
654,442,3.5,1145389291
654,450,4.0,1145394193
654,454,4.0,1145391891
654,457,4.5,1145391792
654,466,4.5,1145389593
654,474,4.0,1145390352
654,480,4.5,1145391789
654,485,2.0,1145392319
654,500,4.5,1145391852
654,502,3.0,1145394226
654,519,3.0,1145393729
654,520,4.0,1145392221
654,527,5.0,1145390371
654,531,5.0,1145392960
654,539,4.0,1145391880
654,541,4.0,1145389458
654,542,3.5,1145394012
654,543,4.0,1145392256
654,551,5.0,1145389584
654,552,4.0,1145392270
654,555,4.0,1145390677
654,585,3.5,1145392497
654,586,4.5,1145391945
654,587,5.0,1145391875
654,588,4.5,1145390414
654,589,5.0,1145389457
654,590,4.5,1145389447
654,592,4.5,1145390435
654,593,4.5,1145390319
654,594,4.0,1145389351
654,595,5.0,1145390689
654,597,4.0,1145391843
654,608,4.0,1145389444
654,647,4.5,1145392552
654,648,4.5,1145391809
654,653,3.5,1145392078
654,661,4.0,1145392466
654,671,4.0,1145389893
654,673,3.5,1145392556
654,708,3.0,1145389356
654,733,4.0,1145391840
654,736,3.0,1145391834
654,743,3.5,1145393043
654,748,4.0,1145393047
654,761,3.5,1145393794
654,780,4.0,1145391799
654,783,4.0,1145392426
654,802,4.5,1145392192
654,805,4.5,1145392313
654,818,3.5,1145394270
654,832,4.5,1145392107
654,852,2.5,1145392352
654,858,4.5,1145391858
654,879,3.0,1145394704
654,919,5.0,1145391973
654,924,4.0,1145391999
654,1027,4.0,1145392951
654,1028,4.5,1145392288
654,1036,4.5,1145390162
654,1037,0.5,1145392839
654,1042,4.5,1145392654
654,1060,4.5,1145390652
654,1073,3.5,1145391888
654,1079,4.0,1145390365
654,1080,4.0,1145389376
654,1089,5.0,1145390863
654,1092,4.5,1145392453
654,1097,5.0,1145390695
654,1101,4.0,1145389354
654,1126,3.5,1145394342
654,1127,4.0,1145390357
654,1129,4.5,1145392601
654,1136,5.0,1145390196
654,1183,4.5,1145392058
654,1193,3.5,1145389441
654,1196,5.0,1145390096
654,1197,4.5,1145390093
654,1198,5.0,1145390082
654,1200,5.0,1145390179
654,1210,4.0,1145390127
654,1213,4.0,1145389565
654,1214,5.0,1145390391
654,1215,4.0,1145389561
654,1220,4.0,1145389334
654,1225,4.5,1145389329
654,1240,4.5,1145390300
654,1246,5.0,1145390505
654,1252,4.5,1145392189
654,1257,3.5,1145390115
654,1259,5.0,1145390208
654,1265,4.0,1145390429
654,1266,5.0,1145390602
654,1270,4.5,1145389439
654,1278,4.5,1145390266
654,1282,4.5,1145390799
654,1285,4.5,1145389550
654,1288,4.5,1145390807
654,1291,4.5,1145390078
654,1307,4.0,1145391991
654,1320,3.5,1145392300
654,1343,4.0,1145392574
654,1345,4.0,1145389863
654,1347,4.5,1145393056
654,1356,4.5,1145391986
654,1357,4.5,1145390921
654,1358,4.0,1145390756
654,1359,1.5,1145389856
654,1370,4.0,1145392161
654,1371,4.0,1145392530
654,1372,4.5,1145392384
654,1373,2.0,1145392929
654,1374,5.0,1145389547
654,1375,4.0,1145392438
654,1376,4.5,1145392284
654,1377,4.5,1145392393
654,1378,4.5,1145393059
654,1379,4.0,1145389852
654,1387,4.5,1145392022
654,1391,4.0,1145392095
654,1393,4.5,1145391977
654,1396,4.5,1145392247
654,1405,4.5,1145392640
654,1407,4.5,1145392088
654,1409,3.5,1145393163
654,1429,4.0,1145394043
654,1449,4.5,1145390567
654,1461,3.5,1145394623
654,1485,4.5,1145392105
654,1500,4.0,1145390296
654,1517,4.0,1145389307
654,1527,4.0,1145391980
654,1544,3.5,1145392238
654,1552,4.0,1145392307
654,1562,3.0,1145392721
654,1566,3.5,1145393803
654,1573,4.5,1145392072
654,1580,4.5,1145391909
654,1584,3.5,1145389305
654,1586,4.0,1145393090
654,1588,4.0,1145394142
654,1597,3.0,1145392475
654,1608,4.5,1145392224
654,1614,3.5,1145393545
654,1617,5.0,1145390486
654,1625,4.5,1145389543
654,1639,3.5,1145389540
654,1641,4.0,1145392103
654,1645,3.5,1145392482
654,1653,4.5,1145390962
654,1663,4.0,1145389835
654,1682,4.0,1145390455
654,1688,4.0,1145394337
654,1693,4.5,1145393758
654,1704,4.0,1145390423
654,1717,4.0,1145393070
654,1721,5.0,1145391911
654,1729,4.0,1145392540
654,1748,4.0,1145390332
654,1777,4.0,1145389534
654,1779,3.0,1145393492
654,1784,4.0,1145390604
654,1797,5.0,1145390636
654,1888,4.0,1145394233
654,1894,3.0,1145393646
654,1907,4.5,1145393015
654,1909,4.0,1145392412
654,1923,4.5,1145391987
654,1967,4.5,1145390883
654,1968,4.5,1145390419
654,2000,4.5,1145392115
654,2001,4.0,1145392273
654,2002,4.0,1145392687
654,2003,4.0,1145392485
654,2004,3.5,1145393943
654,2005,4.0,1145392625
654,2006,4.5,1145392334
654,2011,4.0,1145392100
654,2012,4.0,1145389364
654,2028,5.0,1145390368
654,2072,4.0,1145394599
654,2081,4.5,1145392241
654,2082,4.0,1145393994
654,2094,4.0,1145393033
654,2100,4.0,1145392337
654,2105,3.5,1145392609
654,2108,4.5,1145392728
654,2109,4.5,1145390747
654,2115,4.5,1145389531
654,2124,4.5,1145392915
654,2133,4.0,1145393703
654,2134,3.5,1145393566
654,2139,4.0,1145389811
654,2140,4.5,1145389809
654,2141,4.5,1145393919
654,2144,4.5,1145392786
654,2150,4.0,1145389529
654,2161,4.0,1145392635
654,2174,4.5,1145389366
654,2193,4.0,1145392632
654,2194,3.5,1145392172
654,2232,4.0,1145393873
654,2253,3.5,1145394135
654,2268,5.0,1145392179
654,2273,4.0,1145392681
654,2291,5.0,1145390740
654,2294,4.0,1145392596
654,2301,5.0,1145394077
654,2302,4.5,1145389521
654,2321,3.5,1145392297
654,2335,3.5,1145393597
654,2340,4.0,1145393779
654,2355,4.5,1145390224
654,2359,3.5,1145390592
654,2376,3.0,1145394384
654,2384,4.0,1145393653
654,2391,4.0,1145392947
654,2394,4.0,1145393203
654,2396,4.5,1145391954
654,2405,4.0,1145393155
654,2406,4.5,1145392152
654,2407,4.0,1145392501
654,2413,4.0,1145394034
654,2420,4.5,1145392986
654,2423,4.5,1145393570
654,2424,3.5,1145392524
654,2427,3.0,1145392828
654,2431,4.0,1145389796
654,2463,4.0,1145389791
654,2470,4.0,1145392435
654,2471,3.5,1145389787
654,2478,4.5,1145393170
654,2485,3.5,1145393594
654,2501,4.5,1145390216
654,2502,4.5,1145390458
654,2528,4.0,1145393603
654,2539,3.0,1145392660
654,2567,3.0,1145394055
654,2571,5.0,1145390166
654,2581,4.0,1145393026
654,2617,4.0,1145392165
654,2628,3.5,1145391930
654,2640,4.5,1145392121
654,2641,4.5,1145392810
654,2642,3.5,1145393742
654,2643,3.0,1145394306
654,2657,2.0,1145392259
654,2671,3.5,1145392419
654,2672,3.5,1145394127
654,2683,4.5,1145392003
654,2687,4.5,1145393773
654,2694,3.5,1145392700
654,2699,3.5,1145392213
654,2700,4.5,1145389518
654,2706,4.5,1145392031
654,2710,4.0,1145389368
654,2712,2.0,1145392199
654,2713,3.5,1145394155
654,2716,4.5,1145389437
654,2717,4.0,1145393007
654,2718,4.5,1145389774
654,2722,3.5,1145393036
654,2723,3.5,1145392757
654,2724,1.5,1145392749
654,2735,4.5,1145393935
654,2746,4.5,1145392761
654,2759,3.5,1145394250
654,2762,5.0,1145390175
654,2791,4.5,1145390525
654,2792,4.0,1145394046
654,2794,4.0,1145394276
654,2795,4.5,1145389765
654,2797,4.5,1145392054
654,2803,4.0,1145393915
654,2804,5.0,1145390252
654,2805,3.5,1145393783
654,2808,3.0,1145394130
654,2858,5.0,1145390940
654,2881,3.5,1145392906
654,2890,4.5,1145390589
654,2908,4.0,1145392913
654,2916,4.5,1145392038
654,2918,4.5,1145390154
654,2947,4.5,1145390335
654,2948,2.0,1145389750
654,2949,4.5,1145390657
654,2953,4.0,1145393495
654,2959,5.0,1145390766
654,2968,5.0,1145392684
654,2985,5.0,1145392343
654,2986,4.0,1145393750
654,2987,4.0,1145390313
654,2989,3.5,1145394072
654,2991,4.0,1145393853
654,2993,3.5,1145394085
654,2997,4.0,1145391965
654,3000,3.0,1145390490
654,3006,4.0,1145389514
654,3016,3.5,1145394436
654,3033,4.5,1145392514
654,3044,5.0,1145390762
654,3052,4.0,1145392303
654,3081,5.0,1145390672
654,3087,3.5,1145389743
654,3101,4.0,1145392378
654,3107,4.5,1145392966
654,3108,4.5,1145392780
654,3114,5.0,1145389313
654,3146,3.0,1145389736
654,3147,5.0,1145390304
654,3148,5.0,1145393121
654,3159,4.5,1145390871
654,3174,4.0,1145392921
654,3175,4.0,1145390339
654,3210,4.0,1145390824
654,3247,4.0,1145393147
654,3249,4.0,1145394583
654,3253,4.5,1145392408
654,3254,4.0,1145393760
654,3255,3.5,1145389507
654,3259,4.0,1145394420
654,3261,4.0,1145394428
654,3264,4.0,1145393913
654,3269,4.0,1145394321
654,3274,4.0,1145394408
654,3300,2.5,1145393197
654,3301,2.5,1145389717
654,3354,1.0,1145393436
654,3386,4.5,1145393011
654,3396,4.5,1145393174
654,3408,4.0,1145389499
654,3421,5.0,1145390385
654,3441,4.0,1145394541
654,3471,5.0,1145390360
654,3476,4.5,1145393857
654,3479,4.5,1145394027
654,3481,4.5,1145390846
654,3489,4.0,1145393004
654,3499,4.5,1145390275
654,3510,4.5,1145392978
654,3526,4.5,1145390873
654,3527,4.5,1145390832
654,3535,4.0,1145389709
654,3536,3.5,1145393924
654,3578,4.0,1145390557
654,3608,4.5,1145393555
654,3624,4.0,1145393084
654,3635,4.0,1145394188
654,3638,3.5,1145393941
654,3639,4.5,1145394327
654,3671,4.5,1145390260
654,3686,4.0,1145394301
654,3697,4.0,1145393723
654,3698,3.0,1145393477
654,3699,4.5,1145393828
654,3740,3.5,1145389702
654,3745,4.0,1145393627
654,3751,4.0,1145390552
654,3753,4.5,1145392386
654,3755,3.5,1145389497
654,3763,4.5,1145389698
654,3785,4.5,1145389696
654,3793,4.0,1145389316
654,3809,4.0,1145393559
654,3844,4.0,1145394470
654,3863,3.5,1145392935
654,3868,4.5,1145389694
654,3869,4.0,1145394039
654,3897,4.0,1145390327
654,3911,4.0,1145389495
654,3916,4.5,1145393144
654,3948,4.5,1145392402
654,3967,3.0,1145393112
654,3977,3.5,1145392227
654,3984,3.5,1145394110
654,3994,4.0,1145392457
654,3996,4.5,1145389302
654,4002,4.5,1145390478
654,4007,5.0,1145394100
654,4014,4.5,1145392712
654,4016,4.5,1145393833
654,4018,2.0,1145392995
654,4022,3.5,1145392216
654,4023,3.5,1145389685
654,4025,4.0,1145392919
654,4027,4.0,1145390517
654,4034,5.0,1145390977
654,4061,4.0,1145390007
654,4069,2.0,1145389679
654,4085,4.0,1145389493
654,4121,4.0,1145394478
654,4128,4.5,1145390500
654,4148,4.0,1145393488
654,4226,5.0,1145390503
654,4246,4.0,1145392566
654,4262,4.0,1145393210
654,4270,4.0,1145393180
654,4306,5.0,1145390245
654,4308,2.0,1145392616
654,4310,2.5,1145389672
654,4321,4.5,1145393139
654,4370,4.0,1145392737
654,4447,4.0,1145389668
654,4458,4.5,1145390411
654,4489,4.5,1145394220
654,4499,4.0,1145390363
654,4545,4.0,1145394629
654,4571,3.5,1145389663
654,4621,4.0,1145394528
654,4638,3.0,1145393562
654,4641,3.5,1145393668
654,4643,3.5,1145392998
654,4678,3.5,1145389991
654,4701,4.0,1145393838
654,4718,4.0,1145393217
654,4720,4.5,1145390532
654,4734,5.0,1145393673
654,4776,4.5,1145393526
654,4816,3.0,1145393734
654,4865,4.0,1145394351
654,4878,5.0,1145391060
654,4886,5.0,1145390136
654,4896,4.0,1145390514
654,4963,4.0,1145390449
654,4975,3.5,1145393468
654,4979,3.5,1145389480
654,4980,3.5,1145394503
654,4993,5.0,1145390118
654,4995,5.0,1145390853
654,5064,4.0,1145394179
654,5171,3.5,1145394597
654,5218,3.5,1145393029
654,5266,4.5,1145393650
654,5299,4.5,1145392743
654,5308,4.0,1145394652
654,5349,5.0,1145389477
654,5377,4.5,1145389659
654,5378,4.0,1145392491
654,5388,4.0,1145393613
654,5444,4.5,1145390898
654,5445,4.5,1145390639
654,5459,3.0,1145389657
654,5481,4.0,1145393537
654,5500,4.0,1145390397
654,5502,4.5,1145392908
654,5528,4.0,1145394239
654,5618,3.5,1145390877
654,5630,4.5,1145394063
654,5650,4.0,1145390546
654,5679,4.0,1145389654
654,5782,4.0,1145389973
654,5816,4.5,1145389474
654,5945,3.0,1145393948
654,5952,5.0,1145389346
654,5956,4.5,1145393817
654,5970,4.5,1145389969
654,5989,4.5,1145390572
654,5991,4.5,1145389651
654,6156,4.0,1145389959
654,6157,2.0,1145389641
654,6188,4.0,1145394310
654,6281,4.5,1145389639
654,6287,3.5,1145389955
654,6296,4.0,1145394635
654,6297,4.0,1145390811
654,6323,3.5,1145389636
654,6333,4.5,1145390074
654,6365,4.0,1145392577
654,6373,4.0,1145393870
654,6377,5.0,1145389470
654,6378,4.0,1145393460
654,6385,5.0,1145394544
654,6502,4.0,1145390984
654,6503,1.0,1145394547
654,6534,2.5,1145394459
654,6537,3.5,1145393618
654,6539,4.5,1145390212
654,6565,4.5,1145391005
654,6708,4.0,1145390903
