664,7445,4.5,1343747211
664,7458,3.0,1393891196
664,7502,4.5,1343731683
664,7827,4.5,1343762685
664,8361,3.0,1393891425
664,8528,3.5,1393891047
664,8529,4.0,1393891173
664,8636,4.0,1393891175
664,8641,4.5,1393890852
664,8644,3.5,1393890881
664,8665,3.5,1365264868
664,8783,3.5,1344436082
664,8784,4.5,1343746674
664,8798,3.5,1343746526
664,8810,3.0,1344435905
664,8836,3.5,1393891171
664,8874,4.0,1343747015
664,8914,4.0,1343747001
664,8947,3.0,1393890993
664,8950,4.5,1343747045
664,8957,4.5,1344436183
664,8961,4.0,1441100684
664,8970,4.5,1343747131
664,26614,3.5,1343747272
664,27773,3.5,1343731827
664,27788,4.5,1343762919
664,27904,5.0,1441100896
664,30707,4.5,1441100838
664,30749,4.5,1343731873
664,30793,3.0,1393890884
664,31685,3.0,1393891129
664,31696,3.5,1393890706
664,31878,4.0,1441100788
664,32029,3.5,1393890719
664,32587,4.5,1343746920
664,33004,4.0,1393890708
664,33085,3.0,1393891256
664,33166,3.5,1343746561
664,33679,3.0,1393891500
664,33794,4.0,1343746787
664,34048,3.0,1393891625
664,34162,3.5,1393890909
664,34319,3.0,1393890905
664,34405,4.0,1343732038
664,35836,3.5,1393890686
664,36517,2.5,1343746952
664,36529,4.5,1343746641
664,37729,2.5,1393891348
664,37733,3.0,1393890968
664,37741,3.5,1393890985
664,37857,4.0,1441100886
664,38061,4.5,1343747037
664,39446,4.5,1393890774
664,40583,4.0,1393891627
664,44191,4.5,1343746853
664,44195,4.5,1343746831
664,44199,4.0,1343746583
664,44665,4.5,1343746514
664,46970,3.5,1393890947
664,46976,4.0,1343747148
664,47610,4.0,1343746842
664,48385,3.5,1393890342
664,48394,4.0,1343731877
664,48516,4.5,1343731789
664,48738,4.5,1343746871
664,48774,3.5,1343763155
664,48780,4.0,1343731631
664,49272,3.5,1393890549
664,49278,4.0,1393890553
664,49530,4.5,1343746573
664,49932,2.5,1343762952
664,51255,3.5,1343747077
664,51412,3.5,1393891155
664,51540,4.5,1343835475
664,51662,4.0,1343826128
664,51709,4.0,1343764123
664,51935,4.0,1343835372
664,52281,4.0,1343827597
664,52328,4.0,1343763135
664,52458,3.5,1393890318
664,52604,4.5,1343826102
664,52644,3.0,1393891730
664,52722,3.0,1393891582
664,52973,4.0,1343826089
664,53125,4.0,1343826217
664,53519,3.5,1393890876
664,53972,4.0,1343826107
664,53996,4.5,1343761879
664,54286,3.5,1365264866
664,54503,4.5,1343747066
664,54995,4.0,1343827619
664,55094,4.0,1344534151
664,55118,3.5,1393890822
664,55276,4.5,1343835466
664,55290,4.5,1343746976
664,55765,3.5,1343746997
664,55820,3.5,1343731422
664,55908,4.5,1343763123
664,56145,4.0,1393890670
664,56156,2.5,1393891664
664,56174,3.5,1393890919
664,56367,3.0,1343747184
664,56788,3.0,1393890295
664,57368,4.0,1343763267
664,57401,4.0,1343835430
664,57669,3.5,1343762326
664,58103,3.5,1393890927
664,58559,4.5,1343731689
664,58998,4.0,1343826082
664,59016,3.0,1393891118
664,59315,4.0,1343746916
664,59369,5.0,1343746922
664,59615,2.5,1343826225
664,59784,3.5,1393890640
664,60040,3.5,1343761909
664,60072,4.0,1393891160
664,60074,3.0,1393891287
664,60684,3.0,1343746944
664,60753,4.5,1343761989
664,60760,3.5,1344435970
664,60832,3.0,1393891653
664,61024,4.5,1393890299
664,61248,3.5,1393891244
664,62374,3.5,1393890673
664,62849,3.0,1393890575
664,63062,4.5,1343746905
664,63082,4.0,1343747116
664,63131,4.5,1343826093
664,64497,3.0,1343761850
664,64614,4.5,1343731952
664,64620,4.0,1343747134
664,64997,2.5,1343761859
664,65642,4.5,1343762710
664,67087,3.5,1441911645
664,67197,3.5,1393891301
664,68157,4.0,1393890283
664,68159,4.0,1343835707
664,68237,4.0,1343731634
664,68319,3.5,1343761904
664,68358,4.0,1343747052
664,68554,3.0,1393890907
664,68791,3.5,1441101037
664,68954,4.0,1343731883
664,69122,4.5,1343746677
664,69306,3.0,1393891413
664,69481,3.5,1343747104
664,69524,4.5,1441100722
664,69526,4.0,1343761884
664,69757,3.0,1343731538
664,70286,4.5,1343747150
664,70336,3.0,1343761891
664,71033,4.5,1344534155
664,71106,4.0,1343764004
664,71135,4.5,1393890716
664,71468,2.0,1441100986
664,71530,4.0,1393891216
664,71535,4.5,1343747128
664,71838,4.5,1393890922
664,72011,3.5,1393890900
664,72380,3.5,1344435977
664,72489,3.0,1393891597
664,72998,4.0,1343826141
664,73017,4.0,1343732109
664,73268,4.5,1393891329
664,73321,4.0,1393890912
664,74228,4.0,1343762932
664,74458,4.5,1343746704
664,74532,3.0,1393891411
664,74545,4.0,1343835713
664,74685,2.0,1393891080
664,74789,3.0,1393891168
664,76251,3.5,1343747107
664,77561,4.0,1343747035
664,78088,3.5,1344436005
664,78469,2.5,1393891083
664,78499,4.0,1343731860
664,79057,3.0,1393891667
664,79132,5.0,1343747060
664,79592,4.0,1393890877
664,79702,4.0,1393890631
664,80219,4.0,1393891111
664,80463,4.0,1343747266
664,80489,4.5,1343835489
664,80846,4.0,1344436046
664,81229,3.5,1393890844
664,81562,3.5,1393891326
664,81932,3.5,1343746994
664,82459,4.5,1393890932
664,83134,3.0,1393890561
664,84152,4.0,1343826037
664,84392,4.0,1343835521
664,84601,3.5,1343835403
664,84954,4.0,1393890917
664,85131,3.0,1343761868
664,85412,4.5,1441101054
664,85414,4.5,1343747081
664,86332,3.5,1343761925
664,86911,4.0,1393891378
664,87232,4.0,1343746810
664,87306,4.0,1343763273
664,87430,2.5,1343761919
664,87520,4.0,1343761875
664,87869,3.5,1393890358
664,88129,3.5,1441100766
664,88140,4.0,1441100781
664,88744,4.0,1343763243
664,89030,3.0,1393891443
664,89745,5.0,1343761942
664,89774,3.5,1393890281
664,90746,3.5,1393890681
664,90866,3.5,1393890700
664,91500,3.0,1441100579
664,91529,4.5,1343731870
664,91542,4.0,1343747049
664,92420,3.5,1343763258
664,93363,3.5,1393891190
664,93840,4.0,1345749311
664,94018,3.5,1344435891
664,94478,2.5,1393891003
664,94777,4.0,1347374186
664,94864,3.0,1393891054
664,95167,3.5,1352368503
664,95510,4.0,1352368404
664,95875,3.5,1393891495
664,96079,4.0,1393890250
664,96610,3.5,1393890361
664,96737,4.5,1441101067
664,97304,4.0,1393890634
664,97921,4.0,1393890921
664,98809,4.5,1362421658
664,99114,4.0,1393890242
664,101362,4.0,1393891524
664,101864,4.0,1393891335
664,102125,3.5,1393890596
664,102445,4.0,1393890339
664,102903,3.5,1393891351
664,103042,4.0,1393891035
664,103228,1.5,1393891189
664,103249,4.0,1441100989
664,103772,3.0,1393891408
664,106487,3.5,1393891011
664,106782,4.0,1441100768
664,108932,4.5,1441100805
664,109487,4.5,1441100696
664,110102,4.5,1441100680
664,111362,4.5,1441100663
664,111759,4.5,1441100647
664,112552,3.0,1441911714
664,112556,3.0,1441911722
664,112852,4.5,1441100650
664,115149,4.0,1441101021
664,115210,3.0,1441100872
664,115617,4.5,1441100710
664,115713,4.0,1441101113
664,116797,4.0,1441100539
664,122882,4.0,1441911719
664,122892,5.0,1441100672
664,122900,4.5,1441100833
664,134170,4.5,1441101221
665,2,3.0,992836405
665,3,3.0,993347429
665,5,3.0,993347605
665,16,4.0,995233268
665,32,4.0,995233393
665,34,2.0,995233440
665,39,2.0,992920699
665,48,4.0,993345890
665,60,2.0,992909820
665,62,3.0,995233543
665,64,2.0,995233119
665,74,2.0,995232733
665,104,4.0,993346305
665,105,1.0,995232826
665,122,4.0,993347490
665,129,3.0,995232528
665,140,3.0,995232826
665,158,4.0,992909659
665,165,3.0,997239405
665,168,5.0,995232660
665,180,3.0,993346386
665,186,3.0,992838474
665,195,4.0,993347429
665,207,3.0,995232619
665,216,4.0,993346679
665,218,4.0,993347307
665,231,1.0,993347429
665,236,4.0,993347376
665,239,3.0,993345976
665,248,3.0,993347710
665,252,3.0,993346936
665,253,4.0,995233600
665,260,4.0,1046967443
665,266,4.0,995232591
665,276,4.0,993347521
665,292,4.0,995233679
665,296,4.0,995233236
665,317,5.0,992909626
665,318,5.0,995233192
665,337,2.0,1010197483
665,339,3.0,995232733
665,344,3.0,993347124
665,353,2.0,992837225
665,356,4.0,993179737
665,357,2.0,992920982
665,358,3.0,995233523
665,364,5.0,992909069
665,368,3.0,992836298
665,377,3.0,992920834
665,380,3.0,993346471
665,413,2.0,993347605
665,432,3.0,993347869
665,435,1.0,992838359
665,441,3.0,993346146
665,450,4.0,995233784
665,454,3.0,995233759
665,455,3.0,1046967706
665,457,3.0,997239297
665,491,3.0,995233523
665,493,3.0,995233679
665,500,2.0,993346777
665,508,4.0,995233377
665,516,2.0,993347047
665,520,2.0,993347751
665,524,3.0,995233613
665,527,5.0,995233192
665,539,4.0,993346341
665,542,3.0,993347673
665,543,2.0,993346644
665,551,2.0,992909069
665,585,1.0,993347173
665,586,3.0,992909509
665,587,5.0,992837331
665,588,4.0,992909069
665,590,4.0,995233321
665,593,4.0,995233209
665,594,3.0,992909129
665,595,5.0,992909099
665,596,5.0,992909099
665,597,5.0,992920864
665,605,3.0,995232789
665,616,3.0,992909509
665,661,3.0,992909509
665,673,2.0,993345934
665,708,3.0,992838101
665,709,3.0,992909171
665,736,3.0,995233025
665,784,1.0,993347829
665,788,3.0,995233053
665,802,3.0,995233600
665,804,3.0,993346733
665,830,3.0,993347376
665,839,3.0,993535023
665,852,3.0,993346981
665,902,3.0,992920593
665,912,5.0,992920551
665,919,4.0,992909039
665,920,4.0,992920593
665,1012,3.0,992909039
665,1013,4.0,992909251
665,1015,4.0,992909421
665,1019,3.0,992909129
665,1020,3.0,993346644
665,1022,4.0,993345666
665,1023,4.0,992909206
665,1025,4.0,992909251
665,1028,4.0,993179524
665,1029,4.0,992909171
665,1030,4.0,992909820
665,1031,4.0,992909251
665,1032,4.0,992909206
665,1033,4.0,992909395
665,1036,3.0,997239275
665,1043,3.0,995232807
665,1059,1.0,995232660
665,1060,4.0,993346203
665,1061,3.0,995233350
665,1073,5.0,992909099
665,1090,3.0,999571975
665,1093,3.0,995233784
665,1097,5.0,992909039
665,1100,3.0,995232840
665,1101,5.0,992920654
665,1136,5.0,993179524
665,1188,3.0,995232487
665,1196,4.0,1046967443
665,1206,3.0,999571975
665,1210,4.0,992836704
665,1213,4.0,995233253
665,1258,3.0,997239275
665,1265,2.0,992920614
665,1268,4.0,995233694
665,1270,5.0,993179367
665,1282,3.0,992909069
665,1285,4.0,993179634
665,1307,4.0,992920593
665,1339,3.0,992920982
665,1367,3.0,993347084
665,1370,3.0,997239405
665,1379,3.0,993347173
665,1388,3.0,992838277
665,1393,4.0,992920654
665,1408,3.0,992836298
665,1409,4.0,993347173
665,1457,4.0,993346573
665,1468,2.0,993347673
665,1485,4.0,993346936
665,1487,3.0,995233507
665,1513,2.0,1046967133
665,1541,3.0,995232789
665,1569,4.0,993346680
665,1580,4.0,993346471
665,1584,4.0,995233350
665,1593,3.0,995233071
665,1597,4.0,995232636
665,1608,4.0,1010197529
665,1639,3.0,992920614
665,1673,3.0,995233468
665,1680,4.0,995232542
665,1682,4.0,995233543
665,1693,3.0,995233416
665,1703,3.0,993347913
665,1704,5.0,995233298
665,1721,3.0,995232501
665,1729,3.0,995233631
665,1735,1.0,992920673
665,1754,5.0,993534911
665,1777,3.0,992920914
665,1784,4.0,993179580
665,1821,3.0,995232733
665,1835,4.0,993535023
665,1883,2.0,993346644
665,1884,3.0,1046967746
665,1888,3.0,993347084
665,1895,3.0,992920982
665,1911,4.0,1046966927
665,1923,4.0,993346386
665,1947,4.0,992920799
665,1954,4.0,992837174
665,1958,3.0,992837175
665,1961,4.0,992836298
665,2000,3.0,993179525
665,2002,2.0,993346777
665,2005,4.0,992909099
665,2012,3.0,993346981
665,2017,3.0,992909626
665,2018,3.0,992909171
665,2028,4.0,995233236
665,2036,2.0,993347751
665,2048,3.0,992909820
665,2054,3.0,992909626
665,2059,3.0,992909626
665,2071,4.0,995233734
665,2078,4.0,992909171
665,2080,4.0,992920673
665,2081,5.0,992909099
665,2082,2.0,992909626
665,2085,3.0,992909171
665,2087,5.0,992909129
665,2089,4.0,992909251
665,2090,3.0,992909171
665,2092,3.0,993345934
665,2096,3.0,992909099
665,2106,4.0,995233281
665,2122,2.0,992838672
665,2123,4.0,992909659
665,2125,5.0,992920593
665,2137,4.0,993345619
665,2139,5.0,992909099
665,2141,5.0,992909251
665,2142,3.0,992909251
665,2193,3.0,1010197529
665,2231,3.0,995233705
665,2245,3.0,992837431
665,2248,3.0,993179421
665,2268,4.0,992837175
665,2282,1.0,993346524
665,2291,3.0,992920982
665,2302,3.0,993346203
665,2316,3.0,995232826
665,2321,2.0,993346471
665,2335,3.0,993346777
665,2340,4.0,995232619
665,2384,2.0,992909820
665,2396,2.0,1046967152
665,2406,3.0,992920799
665,2411,4.0,992838359
665,2412,4.0,992838474
665,2421,3.0,999572161
665,2422,1.0,999572161
665,2424,4.0,995232789
665,2431,3.0,999572041
665,2447,3.0,993346899
665,2485,3.0,993346777
665,2491,3.0,993347751
665,2497,2.0,995233087
665,2502,3.0,993346386
665,2541,3.0,1046966905
665,2558,3.0,993347263
665,2567,4.0,993346733
665,2571,5.0,1010197436
665,2572,3.0,992920593
665,2581,2.0,995232759
665,2617,4.0,992837520
665,2622,2.0,993347047
665,2628,3.0,1010197561
665,2640,5.0,992837431
665,2671,3.0,992920914
665,2683,4.0,1046966821
665,2688,4.0,1046966986
665,2694,4.0,993347047
665,2706,3.0,993346239
665,2707,2.0,1046966821
665,2710,3.0,1046966868
665,2719,2.0,1046967003
665,2720,3.0,993347869
665,2722,2.0,1046966905
665,2723,2.0,993347636
665,2724,3.0,993347263
665,2750,3.0,993179879
665,2761,4.0,992909039
665,2763,2.0,1046967184
665,2771,3.0,1046966868
665,2791,4.0,993179555
665,2797,5.0,993179525
665,2806,2.0,993347829
665,2826,1.0,1046966660
665,2846,4.0,992909129
665,2858,3.0,993179335
665,2881,3.0,1046966927
665,2890,2.0,995233416
665,2918,5.0,993179335
665,2953,2.0,993347913
665,2959,5.0,995233253
665,2961,4.0,993346680
665,2978,3.0,993346386
665,2987,3.0,993345810
665,2997,3.0,993179395
665,3004,1.0,993346847
665,3005,3.0,1046966868
665,3033,2.0,993179879
665,3034,5.0,992909069
665,3039,3.0,993179879
665,3051,3.0,1046966821
665,3052,3.0,997239405
665,3053,2.0,1046967032
665,3081,3.0,995232619
665,3100,3.0,995233489
665,3157,4.0,1046967184
665,3160,4.0,995233468
665,3173,4.0,999572112
665,3174,3.0,993346423
665,3186,4.0,995233649
665,3225,4.0,1010198095
665,3243,2.0,993347788
665,3247,3.0,993347047
665,3248,2.0,1046967693
665,3252,3.0,995233581
665,3253,3.0,997239372
665,3255,3.0,993346471
665,3257,3.0,995233025
665,3258,2.0,993347788
665,3259,3.0,995232636
665,3263,4.0,993346981
665,3269,3.0,995232759
665,3273,2.0,1046967133
665,3285,1.0,1010198155
665,3287,4.0,1010198050
665,3298,4.0,1010197936
665,3300,3.0,1046967100
665,3301,5.0,1010198079
665,3316,4.0,1010198155
665,3317,4.0,1010197773
665,3325,3.0,1010198135
665,3354,2.0,1046967064
665,3396,3.0,992909069
665,3398,3.0,997239426
665,3408,4.0,1010197849
665,3409,4.0,1046966960
665,3418,3.0,995233377
665,3436,3.0,995233071
665,3450,3.0,993346733
665,3477,4.0,993346777
665,3481,3.0,993179667
665,3483,3.0,1010198050
665,3484,3.0,1010198252
665,3510,5.0,993424251
665,3527,3.0,992837287
665,3534,4.0,1010198050
665,3536,4.0,1010197951
665,3555,4.0,993424279
665,3563,2.0,992838474
665,3565,2.0,1046967201
665,3578,5.0,993180356
665,3615,4.0,992909421
665,3617,2.0,1010197972
665,3623,4.0,1010198029
665,3672,3.0,992909626
665,3705,3.0,995233087
665,3712,3.0,1010197529
665,3717,3.0,1010198112
665,3752,3.0,1010198095
665,3753,4.0,1010197951
665,3755,3.0,1010197993
665,3784,3.0,1010197993
665,3785,1.0,1010198112
665,3793,4.0,1010197870
665,3798,4.0,1010198029
665,3809,3.0,993346936
665,3824,2.0,1046966842
665,3825,3.0,1010198181
665,3826,2.0,1010198207
665,3857,2.0,1046966868
665,3869,3.0,993347567
665,3882,3.0,1010198167
665,3893,1.0,992838004
665,3908,1.0,1046967201
665,3916,5.0,992837175
665,3948,4.0,1010197888
665,3949,3.0,995232273
665,3964,3.0,992909251
665,3977,4.0,992838149
665,3978,3.0,992837743
665,3980,2.0,992837431
665,3981,2.0,1046967114
665,3986,3.0,1046966660
665,3987,3.0,992838277
665,3988,5.0,992908810
665,3991,3.0,1010198231
665,3994,4.0,995232302
665,3996,4.0,993180227
665,3997,2.0,995232382
665,3998,4.0,995232342
665,4006,3.0,993345976
665,4011,2.0,995232302
665,4018,4.0,992838149
665,4020,3.0,992908542
665,4022,4.0,995232273
665,4023,5.0,997239351
665,4025,5.0,992838190
665,4027,4.0,1010197801
665,4034,3.0,993854820
665,4039,3.0,992909206
665,4040,3.0,993347429
665,4052,4.0,992838277
665,4067,3.0,995232789
665,4069,4.0,1010198155
665,4091,4.0,992920944
665,4109,3.0,992838672
665,4132,3.0,1010197651
665,4148,3.0,992908465
665,4155,4.0,992908410
665,4161,3.0,992908384
665,4167,3.0,999572129
665,4205,3.0,993346981
665,4226,4.0,1010197752
665,4238,3.0,992836853
665,4270,5.0,992836853
665,4277,5.0,992837287
665,4299,4.0,992836853
665,4305,3.0,1046967473
665,4306,5.0,1010197453
665,4308,5.0,1046967234
665,4310,4.0,992836853
665,4318,3.0,992837743
665,4321,3.0,992837432
665,4333,2.0,997239468
665,4344,4.0,993345519
665,4351,4.0,992837743
665,4352,3.0,997239297
665,4367,4.0,992908325
665,4368,4.0,1010197561
665,4370,2.0,997239207
665,4446,3.0,997239207
665,4448,1.0,1046967133
665,4638,3.0,999571913
665,4639,3.0,1010197579
665,4643,4.0,997239207
665,4701,4.0,999571892
665,4736,1.0,1010197684
665,4896,5.0,1010197308
665,4951,3.0,1010197579
665,4993,5.0,1046967408
665,5219,3.0,1046967769
665,5377,4.0,1046967523
665,5378,4.0,1046967443
665,5445,3.0,1046967549
665,5479,2.0,1046967641
665,5480,4.0,1046967706
665,5502,4.0,1046967596
665,5679,3.0,1046967679
665,5952,5.0,1046967408
665,5991,4.0,1046967253
665,6238,3.0,1046967721
666,6,5.0,838921278
666,10,3.0,838920928
666,19,3.0,838920996
666,39,2.0,838921015
666,105,3.0,838921278
666,110,2.0,838920959
666,150,4.0,838920789
666,153,2.0,838920837
666,162,5.0,838921431
666,165,2.0,838920837
666,185,3.0,838920928
666,196,2.0,838921162
666,231,3.0,838920870
666,236,3.0,838921142
666,252,1.0,838921162
666,292,3.0,838920895
666,296,4.0,838920789
666,329,2.0,838920870
666,344,4.0,838920837
666,356,5.0,838920959
666,420,3.0,838921016
666,432,3.0,838921056
666,434,2.0,838920895
666,454,3.0,838920976
666,457,3.0,838920895
666,480,4.0,838920959
666,508,4.0,838921233
666,509,3.0,838921185
666,527,3.0,838921056
666,539,1.0,838921120
666,585,2.0,838921343
666,586,3.0,838921120
666,587,2.0,838921056
666,588,3.0,838920837
666,589,3.0,838920996
666,590,5.0,838920789
666,592,2.0,838920789
666,593,4.0,838920870
666,595,2.0,838920870
666,597,2.0,838921120
667,6,4.0,847271481
667,11,3.0,847271401
667,16,2.0,847271431
667,17,2.0,847271685
667,21,3.0,847271401
667,25,2.0,847271463
667,32,5.0,847271481
667,36,4.0,847271548
667,41,5.0,847271721
667,58,4.0,847271721
667,82,3.0,847272167
667,95,3.0,847271534
667,105,3.0,847271573
667,110,4.0,847271334
667,144,5.0,847271757
667,150,4.0,847271221
667,151,3.0,847271431
667,161,4.0,847271314
667,165,3.0,847271245
667,185,3.0,847271314
667,225,3.0,847271534
667,232,4.0,847271703
667,236,3.0,847271573
667,247,4.0,847271888
667,265,4.0,847271721
667,266,3.0,847271463
667,272,5.0,847271703
667,292,3.0,847271278
667,296,5.0,847271221
667,300,4.0,847271534
667,306,4.0,847271757
667,307,5.0,847271773
667,308,4.0,847271773
667,321,4.0,847271849
667,339,3.0,847271314
667,342,4.0,847271773
667,345,5.0,847271720
667,349,4.0,847271260
667,350,3.0,847271573
667,356,4.0,847271260
667,357,3.0,847271703
667,377,3.0,847271549
667,380,3.0,847271221
667,417,4.0,847271818
667,440,3.0,847271534
667,446,4.0,847271818
667,452,3.0,847271756
667,454,3.0,847271334
667,457,3.0,847271245
667,468,3.0,847271794
667,480,4.0,847271278
667,501,5.0,847271869
667,508,4.0,847271463
667,509,3.0,847271685
667,539,4.0,847271444
667,551,3.0,847272044
667,553,3.0,847271417
667,590,3.0,847271220
667,592,2.0,847272234
667,594,4.0,847272105
667,597,3.0,847271510
667,608,5.0,847271510
667,616,3.0,847272057
667,661,4.0,847272067
667,736,4.0,847271443
667,745,5.0,847272075
667,1148,5.0,847272081
667,1199,5.0,847271997
668,296,5.0,993613478
668,318,4.0,993613478
668,593,5.0,993613478
668,608,5.0,993613478
668,720,3.0,993613415
668,1089,3.0,993613415
668,1213,5.0,993613359
668,1221,5.0,993613196
668,1233,4.0,993613415
668,1358,4.0,993613415
668,1490,1.0,993613196
668,2324,5.0,993613359
668,2501,3.0,993613415
668,2908,5.0,993613415
668,2997,5.0,993613478
668,3000,3.0,993613196
668,3039,3.0,993613196
668,3213,3.0,993613359
668,4012,3.0,993613196
668,6425,1.0,993613478
669,223,4.0,1015829358
669,260,5.0,1015829081
669,381,3.0,1015829160
669,480,3.0,1015829160
669,785,4.0,1015829525
669,913,5.0,1015829525
669,968,4.0,1015829545
669,1135,3.0,1015829160
669,1210,3.0,1015829115
669,1304,5.0,1015829081
669,1513,3.0,1015829690
669,1953,4.0,1015829081
669,2174,3.0,1015829081
669,2395,4.0,1015829738
669,2396,4.0,1015829738
669,2599,4.0,1015829431
669,2683,4.0,1015829288
669,2688,3.0,1015829462
669,2702,3.0,1015829766
669,2706,4.0,1015829288
669,2713,2.0,1015829525
669,2719,2.0,1015829462
669,2722,2.0,1015829081
669,2772,3.0,1015829395
669,2840,4.0,1015829738
669,2881,3.0,1015829395
669,2959,5.0,1015829431
669,2976,4.0,1015829358
669,3016,3.0,1015829395
669,3174,3.0,1015829525
669,3219,3.0,1015829662
669,3326,2.0,1015829081
669,3453,2.0,1015829462
669,3752,4.0,1015829525
669,3826,2.0,1015829486
669,3863,3.0,1015829358
669,4015,2.0,1015829115
670,1,4.0,938782344
670,25,5.0,938782344
670,32,3.0,938782145
670,34,4.0,938782193
670,36,4.0,938782050
670,47,5.0,938782050
670,50,5.0,938781934
670,110,3.0,938782093
670,150,3.0,938782006
670,318,5.0,938781934
670,457,4.0,938782414
670,527,5.0,938782006
670,590,1.0,938782094
670,593,5.0,938782234
670,608,5.0,938782093
670,1183,5.0,938782193
670,1245,1.0,938782281
670,1584,4.0,938782344
670,1617,2.0,938781934
670,1704,4.0,938781934
670,1923,2.0,938782414
670,2269,3.0,938782344
670,2291,4.0,938782145
670,2571,4.0,938782234
670,2628,4.0,938782234
670,2683,5.0,938782281
670,2723,2.0,940944033
670,2759,5.0,940943832
670,2770,4.0,938781328
670,2858,3.0,940943832
670,2912,5.0,940943887
671,1,5.0,1064891129
671,36,4.0,1065149314
671,50,4.5,1064890944
671,230,4.0,1064890230
671,260,5.0,1064891246
671,296,4.0,1064890424
671,318,5.0,1064890397
671,356,5.0,1063503911
671,357,3.0,1063503998
671,432,2.5,1063503739
671,457,4.0,1065149159
671,529,4.0,1064891534
671,551,5.0,1063503908
671,588,4.0,1065149478
671,589,5.0,1064891610
671,590,4.0,1065149296
671,608,4.0,1064890575
671,745,4.0,1065149085
671,919,4.0,1065149458
671,1035,5.0,1065149492
671,1036,3.5,1064891601
671,1080,4.0,1063500827
671,1090,4.0,1064891507
671,1136,5.0,1064891032
671,1148,5.0,1064891021
671,1196,5.0,1064890635
671,1197,3.5,1064891576
671,1198,5.0,1064891024
671,1206,3.0,1063500775
671,1220,4.0,1065149467
671,1223,3.0,1064891236
671,1225,4.0,1065149143
671,1240,4.0,1064891597
671,1247,4.0,1063500804
671,1259,4.0,1064890570
671,1265,4.0,1063503895
671,1266,4.0,1065149270
671,1291,4.0,1064891140
671,1387,4.0,1064891659
671,1610,4.0,1064891635
671,1641,4.0,1063503954
671,1673,3.5,1063500961
671,1676,3.0,1065108970
671,1704,4.0,1064890702
671,1923,4.0,1063502756
671,2011,3.5,1063500873
671,2028,4.0,1064891584
671,2064,4.0,1063502750
671,2194,3.5,1064891593
671,2291,5.0,1063500850
671,2324,4.0,1063500858
671,2355,4.0,1063500762
671,2359,4.0,1063503933
671,2396,4.0,1063503920
671,2401,4.0,1065149286
671,2502,3.5,1063503856
671,2571,4.5,1064891076
671,2683,4.0,1063500751
671,2762,4.0,1064891036
671,2795,3.5,1063503695
671,2797,4.0,1063500821
671,2804,5.0,1064890525
671,2858,4.0,1063503841
671,2918,4.0,1065149106
671,2959,4.0,1064890427
671,2997,4.5,1063503848
671,3052,1.0,1063503966
671,3060,4.0,1063503947
671,3114,5.0,1064891089
671,3147,4.0,1064891516
671,3160,3.0,1063503682
671,3253,3.0,1063503940
671,3271,4.0,1070940360
671,3386,4.0,1074784735
671,3421,4.0,1063502737
671,3481,2.0,1064245565
671,3671,3.0,1065149267
671,3751,4.0,1065111939
671,3897,2.0,1063503718
671,3996,3.5,1064245511
671,4011,4.0,1064245574
671,4019,3.5,1065111959
671,4022,3.5,1063500953
671,4027,4.0,1063500993
671,4033,4.0,1065111954
671,4034,4.5,1064245493
671,4306,5.0,1064245548
671,4308,3.5,1065111985
671,4880,4.0,1065111973
671,4886,5.0,1064245488
671,4896,5.0,1065111996
671,4963,4.5,1065111855
671,4973,4.5,1064245471
671,4993,5.0,1064245483
671,4995,4.0,1064891537
671,5010,2.0,1066793004
671,5218,2.0,1065111990
671,5299,3.0,1065112004
671,5349,4.0,1065111863
671,5377,4.0,1064245557
671,5445,4.5,1064891627
671,5464,3.0,1064891549
671,5669,4.0,1063502711
671,5816,4.0,1065111963
671,5902,3.5,1064245507
671,5952,5.0,1063502716
671,5989,4.0,1064890625
671,5991,4.5,1064245387
671,5995,4.0,1066793014
671,6212,2.5,1065149436
671,6268,2.5,1065579370
